ReportID,UserID,TradeID,ReportDate,ReportedAmount
TAX920001,USR8887,SPT1697646,2022-04-19,38409.77
TAX920002,USR7907,SPT584919,2022-11-30,37966.21
TAX920003,USR2858,SPT1081092,2023-07-25,21741.28
TAX920004,USR8822,SPT1867327,2022-04-16,49266.36
TAX920005,USR8036,SPT1712206,2023-07-21,31718.81
TAX920006,USR7062,SPT616782,2024-01-23,32413.8
TAX920007,USR1286,SPT235785,2022-04-24,26784.25
TAX920008,USR7734,SPT206486,2023-10-08,18900.14
TAX920009,USR2807,SPT1102392,2022-10-11,14393.8
TAX920010,USR152,SPT3705,2022-05-23,3830.27
TAX920011,USR2024,SPT850642,2022-06-19,44699.42
TAX920012,USR4572,SPT615390,2023-02-05,26416.19
TAX920013,USR5404,SPT868213,2022-06-18,11414.91
TAX920014,USR2049,SPT1586437,2023-07-01,7095.79
TAX920015,USR7007,SPT690089,2023-09-16,18268.88
TAX920016,USR2470,SPT1391234,2023-12-12,13511.87
TAX920017,USR9032,SPT680414,2023-04-02,21372.02
TAX920018,USR7641,SPT1964191,2022-10-23,7074.99
TAX920019,USR9725,SPT887280,2022-11-11,9343.77
TAX920020,USR5348,SPT1960453,2022-06-20,16725.45
TAX920021,USR4133,SPT1202517,2022-12-16,16318.79
TAX920022,USR178,SPT63434,2024-01-18,28048.49
TAX920023,USR4734,SPT284047,2022-07-15,1118.77
TAX920024,USR3347,SPT1857542,2023-03-05,17169.01
TAX920025,USR5561,SPT672249,2022-02-22,42049.79
TAX920026,USR4692,SPT1560740,2022-04-17,3328.25
TAX920027,USR5671,SPT796081,2023-12-07,45739.34
TAX920028,USR7876,SPT898201,2022-10-23,12028.04
TAX920029,USR8519,SPT1297621,2022-08-23,49740.54
TAX920030,USR2970,SPT12052,2023-02-07,23524.08
TAX920031,USR5522,SPT958232,2023-03-25,9035.35
TAX920032,USR6619,SPT75988,2023-07-06,17805.52
TAX920033,USR6403,SPT57717,2022-06-09,4481.27
TAX920034,USR2622,SPT1737986,2022-04-24,49421.05
TAX920035,USR1798,SPT398736,2023-03-08,3206.31
TAX920036,USR6491,SPT1330877,2022-09-15,37103.53
TAX920037,USR5345,SPT668722,2023-01-12,29354.38
TAX920038,USR2514,SPT380958,2023-08-22,18214.04
TAX920039,USR3701,SPT560787,2023-12-22,45555.91
TAX920040,USR7073,SPT1829461,2022-10-25,17681.12
TAX920041,USR3143,SPT64354,2022-12-03,23896.2
TAX920042,USR9770,SPT1474383,2023-06-21,3690.6
TAX920043,USR7835,SPT483204,2023-07-06,23493.96
TAX920044,USR5617,SPT773104,2022-10-29,2040.12
TAX920045,USR6777,SPT1118857,2024-02-03,32386.31
TAX920046,USR6608,SPT1051739,2023-08-08,44056.84
TAX920047,USR1480,SPT101427,2023-03-17,39962.42
TAX920048,USR2107,SPT69006,2023-06-09,7878.25
TAX920049,USR2484,SPT1583091,2023-04-27,30137.75
TAX920050,USR1933,SPT422681,2022-03-20,28126.93
TAX920051,USR7906,SPT1220467,2023-07-01,7493.53
TAX920052,USR3160,SPT1883463,2023-12-07,49480.81
TAX920053,USR9689,SPT1532672,2022-12-02,6216.81
TAX920054,USR1557,SPT1020569,2023-09-07,7552.25
TAX920055,USR9925,SPT776621,2024-01-28,43158.68
TAX920056,USR8243,SPT380813,2023-04-09,43621.45
TAX920057,USR3139,SPT1005208,2023-07-23,43542.16
TAX920058,USR1933,SPT765672,2022-04-15,1923.39
TAX920059,USR4094,SPT530186,2022-03-25,42907.37
TAX920060,USR1167,SPT1385621,2022-11-27,13624.9
TAX920061,USR6403,SPT1551496,2024-01-05,8840.83
TAX920062,USR7588,SPT350410,2022-02-11,44410.63
TAX920063,USR7119,SPT1306756,2023-09-04,46398.85
TAX920064,USR4822,SPT733717,2022-09-16,18293.93
TAX920065,USR7480,SPT216837,2022-07-29,16081.31
TAX920066,USR7079,SPT1475444,2023-11-03,31309.14
TAX920067,USR1201,SPT1926303,2023-01-22,25387.84
TAX920068,USR7566,SPT1439736,2023-07-27,44569.9
TAX920069,USR1045,SPT68452,2023-12-04,31772.49
TAX920070,USR7449,SPT203842,2024-02-06,21946.7
TAX920071,USR1093,SPT508993,2023-06-22,26803.23
TAX920072,USR7517,SPT444187,2022-08-10,8570.76
TAX920073,USR5031,SPT725178,2022-10-31,27760.8
TAX920074,USR9900,SPT1631729,2023-08-04,28218.29
TAX920075,USR6906,SPT512476,2023-04-14,32970.08
TAX920076,USR2735,SPT46381,2023-02-08,26111.51
TAX920077,USR7191,SPT52409,2023-10-15,27782.26
TAX920078,USR6756,SPT1837586,2023-07-13,40061.96
TAX920079,USR3967,SPT28067,2024-01-19,35783.65
TAX920080,USR2069,SPT12976,2022-04-15,18386.27
TAX920081,USR8955,SPT1575711,2022-05-06,25507.01
TAX920082,USR443,SPT1950539,2023-07-17,12686.27
TAX920083,USR6914,SPT385730,2022-09-19,35833.45
TAX920084,USR702,SPT1478220,2022-09-03,18630.89
TAX920085,USR4638,SPT1579835,2022-09-29,5633.78
TAX920086,USR5152,SPT1735563,2023-09-18,28324.91
TAX920087,USR9209,SPT875702,2023-09-14,11738.41
TAX920088,USR5311,SPT1433538,2022-03-04,28402.41
TAX920089,USR495,SPT360114,2022-11-12,15029.3
TAX920090,USR3750,SPT1310739,2022-06-02,9003.35
TAX920091,USR4647,SPT1945135,2023-05-05,49240.09
TAX920092,USR1249,SPT969818,2023-10-30,42906.09
TAX920093,USR5432,SPT1056902,2022-12-01,43189.29
TAX920094,USR4788,SPT1376871,2023-03-05,49007.55
TAX920095,USR8732,SPT445919,2023-04-18,16168.38
TAX920096,USR7291,SPT1030348,2023-06-04,4708.33
TAX920097,USR7243,SPT684077,2023-03-31,48001.12
TAX920098,USR930,SPT1293178,2023-11-28,17927.86
TAX920099,USR2953,SPT1023821,2023-07-16,6184.42
TAX920100,USR7873,SPT1393301,2023-09-21,24743.52
TAX920101,USR5467,SPT727213,2023-04-16,39513.26
TAX920102,USR5611,SPT1676067,2024-01-14,11589.37
TAX920103,USR1246,SPT1825180,2023-08-20,37957.18
TAX920104,USR1180,SPT92478,2022-09-17,32110.02
TAX920105,USR2906,SPT1470287,2022-09-09,39635.26
TAX920106,USR4202,SPT870430,2023-02-15,39737.6
TAX920107,USR9049,SPT1617499,2023-08-19,9732.11
TAX920108,USR3849,SPT1817888,2022-12-19,3958.37
TAX920109,USR8107,SPT562798,2023-07-25,13481.82
TAX920110,USR5131,SPT819909,2023-01-26,1368.14
TAX920111,USR4408,SPT1117463,2022-06-14,17675.21
TAX920112,USR8745,SPT98844,2022-12-15,25236.84
TAX920113,USR8221,SPT896479,2023-03-15,36670.73
TAX920114,USR325,SPT1747622,2023-09-09,1220.41
TAX920115,USR4316,SPT787773,2024-01-30,49597.9
TAX920116,USR291,SPT1003,2023-08-16,7592.61
TAX920117,USR3235,SPT1232429,2022-05-02,7972.04
TAX920118,USR5369,SPT1622784,2023-12-19,15965.02
TAX920119,USR3926,SPT1572848,2022-06-16,9821.63
TAX920120,USR682,SPT2048,2023-12-13,44489.41
TAX920121,USR7496,SPT351004,2023-04-15,17327.42
TAX920122,USR1473,SPT361729,2022-12-31,1624.44
TAX920123,USR9427,SPT1547137,2023-05-18,2616.69
TAX920124,USR6340,SPT1822539,2023-10-23,22125.19
TAX920125,USR4960,SPT542640,2022-10-08,47455.73
TAX920126,USR3966,SPT912710,2023-10-08,2098.68
TAX920127,USR9979,SPT442528,2022-05-27,26793.29
TAX920128,USR1417,SPT792490,2023-08-04,20331.76
TAX920129,USR8390,SPT331761,2023-03-03,25937.51
TAX920130,USR925,SPT1225810,2023-09-04,24234.75
TAX920131,USR3290,SPT16190,2023-08-12,15490.88
TAX920132,USR5369,SPT1459004,2022-03-19,35472.45
TAX920133,USR1319,SPT484818,2023-05-19,42652.54
TAX920134,USR8636,SPT1925649,2023-03-06,14414.57
TAX920135,USR2580,SPT1999831,2022-06-03,36856.31
TAX920136,USR9310,SPT1138400,2023-11-06,13462.75
TAX920137,USR8869,SPT656016,2022-11-21,31619.75
TAX920138,USR8281,SPT120792,2023-09-27,47386.69
TAX920139,USR4349,SPT1654277,2022-04-04,49647.34
TAX920140,USR1945,SPT204254,2023-05-20,4682.02
TAX920141,USR7239,SPT1054811,2023-10-19,47293.21
TAX920142,USR2002,SPT367450,2022-08-28,43541.11
TAX920143,USR6404,SPT506297,2023-02-16,48760.55
TAX920144,USR6837,SPT123876,2022-08-22,26742.84
TAX920145,USR5498,SPT444524,2023-03-10,10925.18
TAX920146,USR7471,SPT501395,2022-10-31,31847.17
TAX920147,USR6640,SPT266327,2023-05-26,19677.94
TAX920148,USR1555,SPT1874597,2023-09-01,47087.77
TAX920149,USR2577,SPT1734091,2022-11-13,34471.78
TAX920150,USR4804,SPT1647952,2023-01-29,16106.54
TAX920151,USR2701,SPT1962706,2022-06-10,41633.73
TAX920152,USR5294,SPT681251,2023-03-05,46736.87
TAX920153,USR7856,SPT901819,2023-11-01,47495.02
TAX920154,USR8283,SPT1527984,2023-08-09,16427.73
TAX920155,USR2066,SPT1586489,2023-05-10,41516.19
TAX920156,USR7114,SPT1851567,2022-07-14,2361.46
TAX920157,USR5294,SPT743313,2023-05-10,10432.12
TAX920158,USR4158,SPT1764861,2022-03-22,33085.24
TAX920159,USR3338,SPT812448,2022-06-12,32009.25
TAX920160,USR2820,SPT873389,2023-09-17,40774.88
TAX920161,USR1241,SPT205478,2022-11-27,35400.5
TAX920162,USR5771,SPT780760,2023-10-24,4795.82
TAX920163,USR4869,SPT507614,2022-12-15,27287.53
TAX920164,USR6292,SPT1538852,2022-03-08,40966.28
TAX920165,USR1264,SPT1262287,2022-06-25,37088.34
TAX920166,USR542,SPT294928,2024-01-20,9723.32
TAX920167,USR5145,SPT1898879,2023-09-12,20413.25
TAX920168,USR5074,SPT920882,2023-08-17,26799.49
TAX920169,USR7932,SPT1821438,2023-08-11,18810.42
TAX920170,USR4605,SPT513159,2022-10-02,17267.14
TAX920171,USR5701,SPT1181968,2022-09-27,29689.29
TAX920172,USR9894,SPT883822,2023-03-07,13017.25
TAX920173,USR2371,SPT1188312,2023-01-06,29380.28
TAX920174,USR4120,SPT694396,2022-02-15,34969.09
TAX920175,USR6044,SPT1149830,2023-02-05,5607.01
TAX920176,USR3360,SPT470137,2023-03-20,31459.95
TAX920177,USR5612,SPT1880876,2022-05-09,18879.26
TAX920178,USR3159,SPT1608036,2024-01-11,15286.57
TAX920179,USR1215,SPT806823,2022-11-29,42558.89
TAX920180,USR2970,SPT1044274,2022-02-26,6175.96
TAX920181,USR8728,SPT627392,2023-09-29,27013.05
TAX920182,USR2949,SPT1361132,2023-07-24,8395.56
TAX920183,USR6721,SPT930445,2023-03-13,25215.7
TAX920184,USR2749,SPT1300162,2023-07-09,40589.43
TAX920185,USR3470,SPT1050668,2022-05-20,36030.48
TAX920186,USR5020,SPT242143,2023-08-25,9893.89
TAX920187,USR7210,SPT818229,2022-04-12,3933.43
TAX920188,USR9431,SPT1721094,2023-04-28,24549.2
TAX920189,USR1139,SPT1889077,2022-12-01,19319.26
TAX920190,USR2729,SPT489383,2022-12-01,42488.77
TAX920191,USR8932,SPT1302994,2023-12-22,6806.88
TAX920192,USR5812,SPT200667,2023-12-13,7277.06
TAX920193,USR7118,SPT468124,2022-11-22,4508.34
TAX920194,USR929,SPT1491658,2023-04-08,49239.78
TAX920195,USR9229,SPT899753,2023-10-14,35769.92
TAX920196,USR1366,SPT140091,2024-01-04,17474.66
TAX920197,USR4050,SPT868246,2022-10-31,32668.99
TAX920198,USR9672,SPT761272,2023-05-17,27964.86
TAX920199,USR5656,SPT784471,2024-01-18,26449.29
TAX920200,USR2546,SPT950010,2022-10-15,2193.42
TAX920201,USR8016,SPT1751735,2022-06-25,29308.2
TAX920202,USR4415,SPT1522237,2022-12-31,6407.34
TAX920203,USR8773,SPT1014916,2023-05-20,28096.17
TAX920204,USR8608,SPT851660,2023-10-05,42521.87
TAX920205,USR7202,SPT1399080,2024-01-25,4710.06
TAX920206,USR6762,SPT421019,2023-06-01,46554.9
TAX920207,USR9243,SPT1182375,2023-09-01,18176.39
TAX920208,USR178,SPT1768341,2022-10-05,27139.16
TAX920209,USR1457,SPT1830343,2022-11-26,12597.51
TAX920210,USR2654,SPT857348,2022-05-18,5059.74
TAX920211,USR9010,SPT1802004,2023-10-10,27047.89
TAX920212,USR4398,SPT1691326,2023-04-03,31888.67
TAX920213,USR3524,SPT1270914,2022-09-01,44687.73
TAX920214,USR505,SPT1891459,2023-04-22,36820.11
TAX920215,USR8408,SPT1699661,2023-05-26,39793.9
TAX920216,USR717,SPT1968847,2022-06-19,1794.03
TAX920217,USR4472,SPT534662,2023-07-15,45705.28
TAX920218,USR3461,SPT586782,2023-01-24,4633.6
TAX920219,USR635,SPT548957,2023-02-23,20158.39
TAX920220,USR7277,SPT1158991,2024-01-13,34649.84
TAX920221,USR7621,SPT322917,2023-01-11,35254.61
TAX920222,USR3129,SPT705485,2023-03-20,48595.34
TAX920223,USR3126,SPT1322634,2022-02-12,49310.49
TAX920224,USR5341,SPT254222,2022-07-03,46080.64
TAX920225,USR8823,SPT1321990,2023-04-02,46620.09
TAX920226,USR1331,SPT707869,2022-02-17,35505.18
TAX920227,USR1444,SPT151490,2022-03-06,39118.09
TAX920228,USR2752,SPT794569,2022-11-28,45454.54
TAX920229,USR9027,SPT416391,2022-11-12,28688.14
TAX920230,USR4378,SPT115317,2022-03-23,12154.41
TAX920231,USR2403,SPT3939,2023-10-26,44519.03
TAX920232,USR8310,SPT1497667,2023-04-02,9569.99
TAX920233,USR1501,SPT1482522,2022-07-31,13050.33
TAX920234,USR9929,SPT1583847,2023-11-09,7506.98
TAX920235,USR4972,SPT626266,2022-09-18,1287.14
TAX920236,USR8911,SPT1045503,2022-03-08,16470.34
TAX920237,USR5880,SPT1854845,2023-05-25,26680.62
TAX920238,USR8746,SPT1904213,2023-11-01,22999.15
TAX920239,USR6820,SPT1513665,2022-10-29,8534.78
TAX920240,USR5107,SPT804429,2022-04-01,43959.68
TAX920241,USR9701,SPT806240,2022-11-04,37538.52
TAX920242,USR9602,SPT1642213,2024-02-09,9135.99
TAX920243,USR4418,SPT1266330,2022-10-26,1220.55
TAX920244,USR2137,SPT433655,2023-01-12,40063.51
TAX920245,USR7016,SPT339233,2023-12-17,35114.76
TAX920246,USR2129,SPT723097,2024-01-23,25401.77
TAX920247,USR8011,SPT843512,2024-01-23,7537.09
TAX920248,USR7061,SPT1470710,2024-01-20,20530.6
TAX920249,USR4631,SPT70964,2024-01-01,23506.05
TAX920250,USR7457,SPT641195,2022-12-23,9103.89
TAX920251,USR6280,SPT1555636,2022-02-25,44193.15
TAX920252,USR559,SPT1369739,2022-05-22,42506.38
TAX920253,USR3474,SPT1509445,2022-07-17,16592.52
TAX920254,USR1791,SPT1265902,2023-02-16,3254.23
TAX920255,USR8543,SPT1030480,2023-05-12,12153.27
TAX920256,USR7990,SPT1225207,2022-04-10,35831.8
TAX920257,USR6950,SPT1376315,2022-10-20,35465.1
TAX920258,USR4479,SPT960398,2022-04-28,23716.65
TAX920259,USR6782,SPT1480326,2022-06-10,48045.02
TAX920260,USR1812,SPT855855,2022-07-22,8405.22
TAX920261,USR4318,SPT798056,2023-08-19,17418.65
TAX920262,USR5226,SPT562734,2022-10-23,38547.65
TAX920263,USR4081,SPT1570745,2022-06-30,33057.74
TAX920264,USR1648,SPT1447654,2022-03-03,9234.75
TAX920265,USR4594,SPT1893746,2022-09-14,3844.01
TAX920266,USR8029,SPT931843,2023-04-06,16853.43
TAX920267,USR440,SPT352349,2022-03-23,36662.27
TAX920268,USR817,SPT1666157,2023-12-17,26741.56
TAX920269,USR9697,SPT313149,2022-10-29,7477.64
TAX920270,USR839,SPT1884208,2023-08-02,36374.62
TAX920271,USR6509,SPT1012388,2022-06-12,49966.71
TAX920272,USR1277,SPT365705,2023-06-16,44460.42
TAX920273,USR4947,SPT11731,2022-07-17,17209.1
TAX920274,USR1646,SPT1204478,2023-05-27,35635.67
TAX920275,USR9209,SPT868594,2023-06-05,14671.47
TAX920276,USR9466,SPT1229763,2023-05-02,10123.79
TAX920277,USR8913,SPT385518,2023-11-20,48087.09
TAX920278,USR9177,SPT1764062,2022-11-14,37003.38
TAX920279,USR2321,SPT1088142,2023-06-25,32914.01
TAX920280,USR8528,SPT293281,2022-12-17,24625.26
TAX920281,USR564,SPT397781,2023-08-27,1765.4
TAX920282,USR1937,SPT727038,2022-10-16,5842.67
TAX920283,USR5366,SPT384117,2022-05-08,47806.41
TAX920284,USR1266,SPT1185011,2023-07-11,31967.22
TAX920285,USR8785,SPT1151505,2022-07-21,32657.1
TAX920286,USR5112,SPT1399488,2023-07-01,16644.74
TAX920287,USR1808,SPT1392911,2023-09-15,34065.2
TAX920288,USR8234,SPT695625,2022-12-08,29537.05
TAX920289,USR1606,SPT735660,2023-05-25,14555.34
TAX920290,USR7670,SPT1911569,2023-03-06,48543.67
TAX920291,USR2345,SPT415642,2023-05-08,48994.69
TAX920292,USR2802,SPT247564,2022-07-07,8994.17
TAX920293,USR2780,SPT1893739,2022-10-06,9676.38
TAX920294,USR1664,SPT1147515,2023-06-10,10430.87
TAX920295,USR3415,SPT944908,2023-07-02,48856.11
TAX920296,USR6,SPT86971,2023-11-23,14340.89
TAX920297,USR6765,SPT136519,2023-10-24,37219.69
TAX920298,USR8915,SPT1026239,2022-09-28,39161.02
TAX920299,USR238,SPT1731203,2023-06-24,16134.34
TAX920300,USR9014,SPT1360394,2023-06-29,22198.24
TAX920301,USR1916,SPT411923,2023-12-26,10927.96
TAX920302,USR9513,SPT651117,2022-10-25,4682.56
TAX920303,USR1562,SPT748627,2022-05-10,39362.29
TAX920304,USR8449,SPT574059,2024-02-03,44197.96
TAX920305,USR9153,SPT212787,2023-07-23,1078.67
TAX920306,USR4304,SPT282153,2023-12-31,37771.28
TAX920307,USR5012,SPT1144183,2023-07-29,25369.71
TAX920308,USR8553,SPT1121858,2023-10-09,27718.11
TAX920309,USR5710,SPT461172,2023-01-26,38775.52
TAX920310,USR3212,SPT1563272,2022-09-28,12709.95
TAX920311,USR1219,SPT1491766,2023-11-27,4753.03
TAX920312,USR3935,SPT1314977,2022-07-05,33837.54
TAX920313,USR4610,SPT738741,2023-06-07,21139.84
TAX920314,USR3348,SPT1164970,2022-08-25,3829.65
TAX920315,USR3918,SPT835709,2023-06-25,47223.8
TAX920316,USR3938,SPT335929,2023-06-22,4864.24
TAX920317,USR2940,SPT154250,2023-03-18,17941.1
TAX920318,USR3704,SPT1610272,2023-10-09,10906.28
TAX920319,USR8471,SPT876922,2023-08-10,15520.3
TAX920320,USR9645,SPT445810,2023-02-21,32646.51
TAX920321,USR9926,SPT1599300,2022-11-26,9617.17
TAX920322,USR3653,SPT517077,2023-10-07,12367.6
TAX920323,USR6028,SPT1394514,2023-06-13,8967.35
TAX920324,USR5133,SPT861894,2022-11-26,37865.12
TAX920325,USR6268,SPT1499995,2023-06-20,42342.17
TAX920326,USR6849,SPT1395071,2023-03-06,34256.32
TAX920327,USR4887,SPT1558056,2023-02-23,14847.75
TAX920328,USR3650,SPT102301,2023-03-22,21258.52
TAX920329,USR4465,SPT1809272,2022-07-04,45376.72
TAX920330,USR9311,SPT342720,2022-06-25,41385.59
TAX920331,USR570,SPT1653059,2023-08-15,13657.83
TAX920332,USR2873,SPT1106398,2023-02-08,15226.53
TAX920333,USR2585,SPT1481178,2022-12-17,23581.5
TAX920334,USR5293,SPT755591,2022-09-04,35136.55
TAX920335,USR5765,SPT1413988,2023-02-13,40756.64
TAX920336,USR9476,SPT491558,2022-03-21,34208.42
TAX920337,USR9064,SPT737557,2022-09-05,8430.67
TAX920338,USR4154,SPT1546769,2023-05-15,16481.66
TAX920339,USR6555,SPT961665,2023-03-13,37154.15
TAX920340,USR5606,SPT854772,2023-06-25,7715.86
TAX920341,USR6719,SPT1891067,2022-10-06,47139.47
TAX920342,USR6833,SPT247127,2023-10-27,4152.52
TAX920343,USR4883,SPT916558,2022-10-22,29019.28
TAX920344,USR9459,SPT860045,2022-11-02,7596.97
TAX920345,USR3970,SPT645592,2023-01-10,29780.09
TAX920346,USR4291,SPT1407214,2023-08-19,4333.44
TAX920347,USR7865,SPT1936728,2022-11-29,1524.0
TAX920348,USR6300,SPT884704,2022-12-15,21435.49
TAX920349,USR9670,SPT1832035,2023-05-07,18269.64
TAX920350,USR369,SPT461162,2023-02-18,49760.08
TAX920351,USR6623,SPT1577659,2023-11-16,37562.03
TAX920352,USR7341,SPT1140653,2022-05-04,23005.59
TAX920353,USR4916,SPT1148855,2023-05-18,2385.74
TAX920354,USR3003,SPT1707963,2022-05-18,37224.95
TAX920355,USR2166,SPT554602,2023-01-24,14006.29
TAX920356,USR4608,SPT993921,2023-08-27,23344.94
TAX920357,USR8892,SPT698477,2022-06-11,46220.78
TAX920358,USR8025,SPT983657,2023-09-05,28995.78
TAX920359,USR7350,SPT1935634,2022-09-27,49137.9
TAX920360,USR4657,SPT1788655,2023-02-27,43155.74
TAX920361,USR3113,SPT697620,2023-03-21,46043.48
TAX920362,USR4856,SPT1218260,2023-04-07,4119.67
TAX920363,USR4299,SPT1096753,2022-08-04,29849.18
TAX920364,USR9154,SPT433653,2023-04-21,19576.97
TAX920365,USR5586,SPT601383,2023-12-07,12165.87
TAX920366,USR4908,SPT764053,2022-09-23,2174.2
TAX920367,USR390,SPT613831,2024-01-27,23908.57
TAX920368,USR6266,SPT1754004,2023-01-19,29037.04
TAX920369,USR9107,SPT355955,2023-12-10,39356.91
TAX920370,USR1840,SPT1553499,2023-11-05,3389.69
TAX920371,USR1392,SPT87332,2023-07-13,46855.82
TAX920372,USR727,SPT666528,2022-11-05,42370.74
TAX920373,USR8001,SPT1653465,2022-11-28,28047.67
TAX920374,USR3022,SPT545272,2022-06-30,47502.39
TAX920375,USR6491,SPT1923657,2022-10-23,8911.15
TAX920376,USR3203,SPT1794451,2022-02-25,15225.82
TAX920377,USR3969,SPT110016,2023-08-17,27114.19
TAX920378,USR6364,SPT312985,2023-01-28,14137.23
TAX920379,USR7299,SPT1675488,2023-05-18,12115.18
TAX920380,USR4706,SPT490886,2022-11-21,3931.62
TAX920381,USR8530,SPT393900,2023-10-08,35377.6
TAX920382,USR5218,SPT1072039,2022-08-23,22665.85
TAX920383,USR5654,SPT988042,2023-06-28,47569.8
TAX920384,USR4271,SPT766184,2022-02-26,48954.89
TAX920385,USR2675,SPT1925665,2023-12-10,38471.7
TAX920386,USR122,SPT574361,2022-04-10,48791.24
TAX920387,USR5914,SPT574252,2023-06-18,35078.82
TAX920388,USR7740,SPT693173,2022-06-30,25415.58
TAX920389,USR3871,SPT1850022,2022-10-08,6467.04
TAX920390,USR4779,SPT506904,2023-05-03,32615.68
TAX920391,USR8413,SPT1042226,2022-05-13,3746.43
TAX920392,USR8999,SPT708010,2022-07-02,9437.23
TAX920393,USR6668,SPT1199321,2023-01-11,20863.2
TAX920394,USR9272,SPT1348845,2023-09-02,44208.09
TAX920395,USR6035,SPT1705828,2023-02-15,32529.63
TAX920396,USR1480,SPT628490,2023-05-10,21012.61
TAX920397,USR7822,SPT414354,2022-06-23,45455.88
TAX920398,USR9251,SPT336590,2023-08-26,11819.05
TAX920399,USR1598,SPT1112271,2023-09-25,7336.39
TAX920400,USR5229,SPT1457899,2022-08-15,28816.01
TAX920401,USR3276,SPT1569955,2022-12-19,17819.77
TAX920402,USR5215,SPT119184,2022-04-15,14786.35
TAX920403,USR6001,SPT1664634,2022-12-05,27876.85
TAX920404,USR8958,SPT1234784,2023-05-15,29140.97
TAX920405,USR6609,SPT1887245,2023-06-30,20476.13
TAX920406,USR5511,SPT1021252,2023-02-12,38748.74
TAX920407,USR9455,SPT699896,2022-05-24,39284.24
TAX920408,USR9629,SPT537532,2023-08-29,37240.02
TAX920409,USR102,SPT290748,2022-11-11,10952.66
TAX920410,USR6764,SPT673711,2022-07-19,22998.69
TAX920411,USR7541,SPT600456,2023-01-25,15646.33
TAX920412,USR8216,SPT1438888,2023-12-25,8963.99
TAX920413,USR4558,SPT1247482,2023-06-03,12607.21
TAX920414,USR9171,SPT678337,2023-04-03,33849.8
TAX920415,USR7293,SPT8650,2023-08-03,29796.37
TAX920416,USR8185,SPT1256629,2022-11-10,1116.5
TAX920417,USR6795,SPT76531,2022-12-15,23052.84
TAX920418,USR3144,SPT1326876,2023-03-05,34907.6
TAX920419,USR6494,SPT1938679,2023-09-24,32137.32
TAX920420,USR3557,SPT506844,2023-04-15,31776.32
TAX920421,USR2363,SPT1224400,2022-04-02,25547.72
TAX920422,USR8716,SPT463162,2024-01-14,7568.94
TAX920423,USR6091,SPT166207,2022-12-30,42349.09
TAX920424,USR4319,SPT1582424,2022-08-21,24658.31
TAX920425,USR5165,SPT62135,2022-06-08,49469.3
TAX920426,USR5579,SPT637267,2022-04-09,28385.43
TAX920427,USR4753,SPT1462192,2023-01-11,3379.65
TAX920428,USR1241,SPT1036054,2023-12-18,8614.46
TAX920429,USR4293,SPT1170514,2023-05-25,7963.97
TAX920430,USR6391,SPT1874759,2023-07-15,48847.06
TAX920431,USR27,SPT254682,2023-12-21,26481.33
TAX920432,USR4587,SPT1035657,2022-06-26,11773.42
TAX920433,USR6349,SPT1316181,2023-04-22,42501.54
TAX920434,USR9932,SPT917038,2022-09-16,37340.07
TAX920435,USR6325,SPT1188939,2022-06-15,18643.29
TAX920436,USR3598,SPT626344,2022-07-24,47758.94
TAX920437,USR7820,SPT1830366,2022-06-14,48777.04
TAX920438,USR303,SPT620856,2022-12-04,31968.14
TAX920439,USR7645,SPT1270732,2023-11-01,28240.8
TAX920440,USR1593,SPT1399018,2022-04-30,32071.27
TAX920441,USR6508,SPT1245364,2022-05-07,41595.84
TAX920442,USR2488,SPT324054,2022-11-15,45398.69
TAX920443,USR269,SPT1851742,2023-06-05,33026.63
TAX920444,USR2124,SPT970761,2022-11-22,35089.03
TAX920445,USR3272,SPT926689,2023-08-20,33890.94
TAX920446,USR4013,SPT1603256,2022-07-15,30518.76
TAX920447,USR4446,SPT337786,2022-11-24,4579.75
TAX920448,USR9150,SPT613367,2022-07-06,7655.55
TAX920449,USR3799,SPT582250,2023-03-14,36507.62
TAX920450,USR8283,SPT1051313,2022-02-26,34090.7
TAX920451,USR151,SPT271348,2022-03-27,43879.41
TAX920452,USR1193,SPT1953684,2023-02-10,21137.25
TAX920453,USR1750,SPT779223,2022-07-18,35924.41
TAX920454,USR6580,SPT1411704,2023-01-01,8086.96
TAX920455,USR4222,SPT1909248,2024-01-17,44976.22
TAX920456,USR1605,SPT620487,2022-11-10,41728.52
TAX920457,USR9362,SPT344323,2022-03-18,13741.57
TAX920458,USR3468,SPT1938546,2022-10-13,40790.56
TAX920459,USR3548,SPT434851,2023-08-26,30575.93
TAX920460,USR4518,SPT1851736,2022-04-03,12007.47
TAX920461,USR6021,SPT1010213,2023-07-29,22942.63
TAX920462,USR291,SPT1050395,2022-10-01,46177.73
TAX920463,USR8267,SPT1897262,2023-03-05,29152.92
TAX920464,USR5162,SPT1756126,2023-03-30,45867.09
TAX920465,USR1060,SPT1819106,2022-04-05,12243.76
TAX920466,USR4363,SPT1389015,2023-01-31,9615.93
TAX920467,USR6133,SPT1336552,2022-09-16,46270.74
TAX920468,USR5942,SPT617019,2023-05-23,12690.94
TAX920469,USR3923,SPT293321,2023-03-15,22501.69
TAX920470,USR9880,SPT761456,2023-03-11,11549.72
TAX920471,USR5708,SPT1299773,2023-02-25,49218.96
TAX920472,USR4977,SPT1005911,2023-09-10,37107.31
TAX920473,USR1911,SPT564728,2023-04-13,25275.28
TAX920474,USR3930,SPT1252871,2024-01-14,5526.97
TAX920475,USR8049,SPT1976107,2023-07-25,47231.01
TAX920476,USR6158,SPT311723,2022-07-01,41960.7
TAX920477,USR7487,SPT455850,2022-03-05,26415.02
TAX920478,USR2035,SPT1092718,2023-09-10,34326.13
TAX920479,USR7731,SPT61797,2023-02-01,25808.17
TAX920480,USR135,SPT107625,2022-09-27,44198.25
TAX920481,USR5613,SPT1454584,2022-06-26,41592.65
TAX920482,USR4437,SPT1675279,2022-10-06,26720.92
TAX920483,USR4686,SPT1760645,2023-02-27,33481.3
TAX920484,USR3570,SPT1537356,2022-09-12,37221.47
TAX920485,USR7972,SPT1901440,2023-11-09,9413.63
TAX920486,USR9834,SPT1209104,2022-07-16,26628.26
TAX920487,USR4240,SPT1138476,2024-01-04,40027.45
TAX920488,USR694,SPT58028,2023-12-05,35054.15
TAX920489,USR8028,SPT275641,2022-04-29,44640.3
TAX920490,USR5460,SPT1597106,2023-06-03,28985.62
TAX920491,USR8625,SPT340358,2022-10-25,37785.94
TAX920492,USR6609,SPT1503677,2023-10-08,47656.74
TAX920493,USR4581,SPT619723,2023-05-17,38760.01
TAX920494,USR4181,SPT450034,2022-10-29,41515.81
TAX920495,USR3067,SPT1338447,2023-06-14,16140.49
TAX920496,USR5443,SPT302505,2023-01-10,19784.84
TAX920497,USR3353,SPT810755,2023-08-30,7145.59
TAX920498,USR3014,SPT1402482,2023-02-01,45491.35
TAX920499,USR2719,SPT864366,2022-06-14,7973.52
TAX920500,USR3589,SPT26649,2022-09-18,41414.23
TAX920501,USR1550,SPT544731,2022-07-19,43539.38
TAX920502,USR4183,SPT577567,2023-01-21,42950.7
TAX920503,USR3309,SPT466824,2022-03-11,42909.18
TAX920504,USR3097,SPT1576550,2022-08-02,16531.65
TAX920505,USR9157,SPT698798,2023-03-08,25277.46
TAX920506,USR3291,SPT1278062,2022-04-09,14231.78
TAX920507,USR5640,SPT751029,2022-02-21,41672.29
TAX920508,USR8409,SPT1638027,2022-11-11,43539.48
TAX920509,USR7311,SPT979614,2023-06-27,47958.46
TAX920510,USR2476,SPT480306,2024-01-28,6527.78
TAX920511,USR6690,SPT588205,2022-02-23,6678.16
TAX920512,USR3182,SPT1917040,2022-07-26,33939.64
TAX920513,USR8247,SPT686606,2023-03-05,17366.42
TAX920514,USR6745,SPT168825,2023-01-08,10193.93
TAX920515,USR368,SPT1635424,2022-04-03,44932.67
TAX920516,USR5899,SPT475604,2023-11-13,18564.92
TAX920517,USR5985,SPT237539,2023-10-05,22764.77
TAX920518,USR1817,SPT156466,2023-03-01,37944.14
TAX920519,USR3588,SPT1218792,2023-07-15,35724.41
TAX920520,USR3165,SPT1729998,2023-08-23,2753.01
TAX920521,USR2520,SPT1359663,2022-05-12,9326.52
TAX920522,USR1763,SPT1195726,2023-07-09,35812.79
TAX920523,USR1938,SPT439764,2022-07-16,20294.93
TAX920524,USR2557,SPT756963,2023-06-08,36704.66
TAX920525,USR9680,SPT1319129,2022-10-27,29034.91
TAX920526,USR4739,SPT1313181,2023-03-11,32914.55
TAX920527,USR648,SPT626411,2022-03-15,30261.06
TAX920528,USR7998,SPT709755,2023-01-29,19601.15
TAX920529,USR2103,SPT227164,2023-04-03,16328.33
TAX920530,USR784,SPT1428727,2022-12-28,44349.52
TAX920531,USR7732,SPT1649164,2023-06-06,16043.03
TAX920532,USR34,SPT229618,2022-10-24,12347.42
TAX920533,USR255,SPT1981924,2023-04-26,28846.39
TAX920534,USR722,SPT201493,2022-05-09,14859.6
TAX920535,USR521,SPT452384,2022-10-17,12245.54
TAX920536,USR2696,SPT614356,2023-02-03,16166.93
TAX920537,USR9388,SPT1924141,2022-07-22,26456.35
TAX920538,USR3516,SPT823461,2023-06-07,37272.49
TAX920539,USR9272,SPT976484,2023-02-07,30887.75
TAX920540,USR5995,SPT741160,2023-05-24,30899.52
TAX920541,USR9350,SPT1283486,2023-11-07,12881.83
TAX920542,USR9541,SPT135180,2023-02-26,8357.77
TAX920543,USR335,SPT1184524,2023-11-22,19287.76
TAX920544,USR6860,SPT909115,2022-04-26,18886.09
TAX920545,USR2878,SPT1879800,2023-07-06,15407.12
TAX920546,USR9402,SPT345549,2023-05-24,45135.33
TAX920547,USR8727,SPT1853000,2022-11-19,22564.18
TAX920548,USR6526,SPT599078,2022-11-27,12474.0
TAX920549,USR1945,SPT1583959,2022-08-07,45015.59
TAX920550,USR5817,SPT310224,2023-04-14,43038.37
TAX920551,USR3423,SPT1184022,2023-09-17,8114.72
TAX920552,USR7542,SPT1877944,2022-11-30,32648.54
TAX920553,USR7042,SPT1530791,2022-06-13,42232.81
TAX920554,USR6065,SPT1625227,2023-12-29,29565.67
TAX920555,USR4617,SPT1850959,2022-06-12,43467.18
TAX920556,USR4808,SPT345059,2023-01-17,44771.03
TAX920557,USR1729,SPT1803092,2023-04-11,2336.36
TAX920558,USR7588,SPT741390,2022-09-18,35176.44
TAX920559,USR1326,SPT1580140,2022-08-03,25455.93
TAX920560,USR1116,SPT619357,2023-10-05,34527.46
TAX920561,USR3727,SPT603377,2022-08-07,16433.64
TAX920562,USR9839,SPT1761880,2022-09-08,44214.97
TAX920563,USR5821,SPT1043169,2023-11-23,34656.98
TAX920564,USR4380,SPT1167203,2023-05-24,21906.18
TAX920565,USR7520,SPT1315812,2022-09-08,44261.76
TAX920566,USR9495,SPT501796,2022-11-18,40324.51
TAX920567,USR1521,SPT1359497,2024-02-05,19869.42
TAX920568,USR4838,SPT433775,2022-02-11,44318.16
TAX920569,USR7249,SPT1911165,2023-01-31,20710.88
TAX920570,USR3388,SPT1823465,2023-07-24,21332.65
TAX920571,USR3873,SPT1582936,2023-07-17,13812.19
TAX920572,USR226,SPT1596509,2023-06-14,40727.52
TAX920573,USR9338,SPT425621,2023-10-02,13777.1
TAX920574,USR6741,SPT1421037,2022-04-22,37229.21
TAX920575,USR7561,SPT967286,2023-07-26,45408.58
TAX920576,USR5753,SPT608649,2022-04-29,42860.32
TAX920577,USR3483,SPT773393,2023-10-08,26641.32
TAX920578,USR496,SPT484135,2023-02-08,22138.06
TAX920579,USR5232,SPT1125906,2023-07-06,23549.92
TAX920580,USR600,SPT1472736,2023-12-11,26332.96
TAX920581,USR6413,SPT815756,2024-02-07,8273.21
TAX920582,USR9875,SPT1939839,2023-03-06,37510.92
TAX920583,USR3345,SPT810413,2023-04-29,15737.95
TAX920584,USR238,SPT1714253,2023-07-04,49224.17
TAX920585,USR2905,SPT648081,2023-02-19,44951.85
TAX920586,USR5962,SPT1248024,2022-05-27,12436.68
TAX920587,USR8830,SPT1691078,2023-07-18,9768.08
TAX920588,USR9705,SPT403859,2023-08-22,4533.16
TAX920589,USR8023,SPT32651,2024-01-03,29935.52
TAX920590,USR9597,SPT1974490,2022-11-05,1869.54
TAX920591,USR8891,SPT1870051,2023-10-29,20060.67
TAX920592,USR6839,SPT1634850,2023-06-16,31690.88
TAX920593,USR3004,SPT1386264,2022-12-19,44442.98
TAX920594,USR421,SPT1077947,2023-07-30,19745.14
TAX920595,USR368,SPT842109,2023-02-08,6645.48
TAX920596,USR2288,SPT1672882,2022-05-11,43210.53
TAX920597,USR5018,SPT837710,2023-07-05,17379.51
TAX920598,USR6806,SPT1897079,2023-05-15,33032.43
TAX920599,USR1609,SPT1617497,2023-03-24,31680.8
TAX920600,USR4452,SPT625620,2022-11-22,49182.0
TAX920601,USR6720,SPT586789,2023-08-07,6376.87
TAX920602,USR5611,SPT331595,2022-08-07,40464.44
TAX920603,USR6521,SPT1616270,2022-05-25,31240.27
TAX920604,USR9892,SPT180391,2022-10-13,12969.62
TAX920605,USR9571,SPT352197,2023-03-19,16745.95
TAX920606,USR8257,SPT346313,2023-11-26,6741.78
TAX920607,USR8183,SPT1842167,2023-11-12,40737.79
TAX920608,USR7898,SPT1283172,2022-08-03,27126.72
TAX920609,USR8145,SPT677738,2023-04-14,33920.53
TAX920610,USR9448,SPT1816533,2022-08-23,42752.69
TAX920611,USR4829,SPT1751848,2022-07-20,8046.04
TAX920612,USR2531,SPT1067382,2022-10-22,11580.82
TAX920613,USR1160,SPT65478,2022-06-09,4398.84
TAX920614,USR4456,SPT417602,2022-12-19,38373.09
TAX920615,USR7277,SPT1658190,2022-10-04,27701.87
TAX920616,USR2851,SPT355826,2023-02-08,47964.07
TAX920617,USR1696,SPT662874,2022-02-23,48248.26
TAX920618,USR7142,SPT798135,2023-05-14,5513.23
TAX920619,USR7900,SPT1631645,2022-07-24,49363.55
TAX920620,USR4714,SPT250873,2023-06-18,18396.92
TAX920621,USR8469,SPT1219581,2022-06-29,41829.35
TAX920622,USR7019,SPT1396285,2022-07-20,18488.13
TAX920623,USR7340,SPT513605,2023-01-12,41599.02
TAX920624,USR2289,SPT514809,2023-08-14,39673.34
TAX920625,USR6372,SPT165202,2022-06-18,18141.31
TAX920626,USR2719,SPT1171551,2022-04-03,45854.09
TAX920627,USR6528,SPT1331514,2022-04-17,1465.83
TAX920628,USR3580,SPT191204,2023-02-15,34770.32
TAX920629,USR7816,SPT1859666,2023-02-21,26387.02
TAX920630,USR6874,SPT1779734,2023-06-04,9048.14
TAX920631,USR5623,SPT598705,2022-12-26,8398.82
TAX920632,USR7788,SPT1968354,2023-10-22,42788.16
TAX920633,USR4159,SPT1079341,2023-02-06,27582.56
TAX920634,USR7384,SPT716418,2022-10-13,24103.86
TAX920635,USR8047,SPT464316,2022-12-15,23300.37
TAX920636,USR7849,SPT1576646,2023-05-30,45736.1
TAX920637,USR2376,SPT1883163,2022-12-10,30346.36
TAX920638,USR718,SPT92199,2022-02-12,26884.52
TAX920639,USR5730,SPT281143,2022-02-15,39918.98
TAX920640,USR3876,SPT130368,2022-08-02,43417.32
TAX920641,USR5207,SPT975927,2022-04-21,7514.84
TAX920642,USR8240,SPT67096,2023-05-26,15399.61
TAX920643,USR9407,SPT943933,2023-09-26,17163.39
TAX920644,USR6380,SPT48298,2022-10-07,15076.01
TAX920645,USR4027,SPT115703,2023-07-12,44405.5
TAX920646,USR7641,SPT1021703,2024-01-11,8154.35
TAX920647,USR3643,SPT1878211,2023-11-23,34977.08
TAX920648,USR7157,SPT1325500,2023-02-23,2114.68
TAX920649,USR9846,SPT1784271,2022-06-28,29253.75
TAX920650,USR6835,SPT1611419,2023-12-25,39472.05
TAX920651,USR1196,SPT244217,2022-07-27,28067.99
TAX920652,USR5727,SPT742942,2023-12-20,36274.1
TAX920653,USR6401,SPT1649764,2022-12-03,14084.23
TAX920654,USR4714,SPT1307880,2023-08-20,35147.95
TAX920655,USR1962,SPT1702093,2022-09-09,27647.43
TAX920656,USR6775,SPT927851,2023-09-19,37777.79
TAX920657,USR307,SPT1436176,2023-01-01,33922.12
TAX920658,USR2213,SPT1500854,2023-11-10,19005.17
TAX920659,USR9265,SPT1102880,2023-05-08,1343.42
TAX920660,USR7584,SPT290635,2023-09-23,47088.78
TAX920661,USR2074,SPT1608645,2023-08-21,30467.35
TAX920662,USR1635,SPT1484318,2023-03-05,34887.81
TAX920663,USR6948,SPT203346,2022-08-25,13683.52
TAX920664,USR2090,SPT577087,2022-07-08,7356.85
TAX920665,USR1520,SPT1189376,2023-03-03,13278.96
TAX920666,USR4212,SPT236570,2022-04-13,29846.83
TAX920667,USR8151,SPT1652700,2022-04-08,5128.91
TAX920668,USR9739,SPT511534,2023-05-16,5879.41
TAX920669,USR7809,SPT471911,2022-06-15,10034.88
TAX920670,USR9858,SPT1286827,2022-08-05,12826.87
TAX920671,USR5678,SPT138412,2022-08-25,23065.73
TAX920672,USR3522,SPT767154,2022-07-10,3438.77
TAX920673,USR2761,SPT1572268,2023-09-26,42015.11
TAX920674,USR3779,SPT1381263,2023-04-07,36711.56
TAX920675,USR323,SPT1197521,2022-10-28,5693.71
TAX920676,USR3016,SPT1048418,2024-01-21,23509.23
TAX920677,USR6484,SPT1692585,2023-01-15,21229.78
TAX920678,USR3673,SPT1460537,2023-05-30,44235.84
TAX920679,USR6484,SPT18933,2023-02-14,25981.43
TAX920680,USR978,SPT55361,2022-10-12,47028.34
TAX920681,USR561,SPT1265470,2022-07-24,15209.33
TAX920682,USR8849,SPT1145716,2024-01-19,19765.92
TAX920683,USR2027,SPT155909,2022-04-08,12285.2
TAX920684,USR714,SPT466719,2022-11-05,18816.32
TAX920685,USR9656,SPT411941,2022-04-04,22429.69
TAX920686,USR1734,SPT6158,2022-06-30,46407.61
TAX920687,USR8470,SPT1353833,2023-10-17,1190.47
TAX920688,USR1896,SPT770312,2022-07-05,42132.56
TAX920689,USR3930,SPT192804,2023-11-26,38292.06
TAX920690,USR6432,SPT445466,2023-08-26,10978.9
TAX920691,USR5575,SPT976072,2023-02-12,24822.96
TAX920692,USR9835,SPT349848,2023-03-19,22861.8
TAX920693,USR3504,SPT1291806,2023-02-15,13404.12
TAX920694,USR5365,SPT356220,2023-02-17,10928.67
TAX920695,USR1308,SPT1077869,2022-09-15,8572.88
TAX920696,USR3340,SPT1969606,2023-08-09,35283.83
TAX920697,USR70,SPT962769,2024-01-10,42591.77
TAX920698,USR6182,SPT955041,2022-07-29,18386.95
TAX920699,USR9395,SPT1306917,2023-05-13,14540.3
TAX920700,USR6872,SPT870712,2022-10-21,20149.95
TAX920701,USR5278,SPT467549,2022-09-17,19888.62
TAX920702,USR3923,SPT1515244,2022-06-03,22628.32
TAX920703,USR4034,SPT1692022,2023-12-29,6625.47
TAX920704,USR490,SPT423312,2023-11-04,40040.16
TAX920705,USR2845,SPT1210701,2022-02-20,45090.12
TAX920706,USR9514,SPT808567,2023-08-18,9250.63
TAX920707,USR329,SPT1765351,2022-07-18,11134.48
TAX920708,USR3190,SPT222478,2023-12-11,28284.97
TAX920709,USR406,SPT1356008,2022-06-29,2928.09
TAX920710,USR6518,SPT126161,2023-12-22,23120.94
TAX920711,USR7297,SPT898030,2023-09-25,14003.13
TAX920712,USR391,SPT164378,2022-12-02,48648.54
TAX920713,USR798,SPT1477852,2022-06-29,16883.11
TAX920714,USR7355,SPT463166,2023-12-07,36760.57
TAX920715,USR4752,SPT675688,2024-01-21,22630.1
TAX920716,USR630,SPT1151927,2023-08-24,36142.29
TAX920717,USR4832,SPT1030393,2022-04-25,38827.41
TAX920718,USR728,SPT1240537,2022-07-10,28117.47
TAX920719,USR6522,SPT1037151,2023-11-20,2300.73
TAX920720,USR9129,SPT1515455,2022-07-22,10426.6
TAX920721,USR2503,SPT897798,2023-06-24,32474.2
TAX920722,USR5582,SPT1144711,2023-03-07,10212.64
TAX920723,USR951,SPT681464,2022-02-23,10277.2
TAX920724,USR474,SPT1118770,2023-03-31,31417.47
TAX920725,USR3481,SPT1943980,2023-01-10,26471.41
TAX920726,USR6792,SPT159400,2022-02-11,9865.48
TAX920727,USR8349,SPT693441,2023-01-10,7313.13
TAX920728,USR2201,SPT162218,2023-10-15,10111.01
TAX920729,USR9855,SPT1236663,2022-09-10,40559.85
TAX920730,USR8468,SPT1485864,2022-05-12,14601.97
TAX920731,USR3188,SPT1246850,2022-07-24,17323.71
TAX920732,USR1481,SPT1969147,2022-04-15,41780.87
TAX920733,USR5175,SPT676640,2023-03-15,44933.49
TAX920734,USR2864,SPT367373,2023-04-09,37185.59
TAX920735,USR6072,SPT1621588,2023-05-28,6370.93
TAX920736,USR4754,SPT112125,2023-05-10,20602.95
TAX920737,USR495,SPT1242029,2022-08-26,21945.95
TAX920738,USR5569,SPT1192558,2022-04-07,20698.59
TAX920739,USR1182,SPT1606228,2022-07-19,11046.52
TAX920740,USR971,SPT381868,2022-09-03,40094.75
TAX920741,USR1176,SPT365233,2023-04-24,7322.67
TAX920742,USR2032,SPT635221,2023-06-06,7188.82
TAX920743,USR5475,SPT1263557,2022-07-20,8537.36
TAX920744,USR796,SPT1054734,2022-09-20,49123.92
TAX920745,USR2313,SPT1086084,2023-06-24,31898.62
TAX920746,USR2594,SPT99562,2023-06-29,17782.21
TAX920747,USR156,SPT312888,2024-01-26,36108.6
TAX920748,USR2492,SPT939862,2022-05-10,18031.33
TAX920749,USR2834,SPT794704,2024-01-23,17039.94
TAX920750,USR275,SPT217254,2024-01-30,9656.31
TAX920751,USR117,SPT666979,2022-12-26,7492.45
TAX920752,USR2661,SPT525270,2023-06-20,38674.39
TAX920753,USR6755,SPT1141160,2023-08-25,21522.83
TAX920754,USR1938,SPT465805,2022-03-24,26988.32
TAX920755,USR4576,SPT1332208,2023-08-31,8993.5
TAX920756,USR4803,SPT1466318,2023-08-12,23482.23
TAX920757,USR9854,SPT213672,2023-10-04,4395.37
TAX920758,USR2564,SPT194375,2022-12-05,27533.88
TAX920759,USR6689,SPT69865,2023-07-25,8629.06
TAX920760,USR579,SPT1642531,2023-01-21,25200.68
TAX920761,USR5970,SPT1371763,2023-04-19,16258.26
TAX920762,USR7093,SPT950098,2023-08-30,47871.34
TAX920763,USR9969,SPT1464190,2023-04-06,34975.96
TAX920764,USR382,SPT1041640,2023-05-26,3931.34
TAX920765,USR7269,SPT572461,2022-05-25,16033.93
TAX920766,USR5050,SPT1024026,2022-03-16,16873.84
TAX920767,USR6193,SPT420601,2022-04-11,29148.65
TAX920768,USR6500,SPT828683,2022-08-24,36723.12
TAX920769,USR2906,SPT168631,2023-03-24,27693.3
TAX920770,USR7740,SPT1426519,2024-01-30,23490.86
TAX920771,USR5615,SPT1062582,2022-11-19,39618.68
TAX920772,USR9097,SPT707792,2022-04-22,42532.7
TAX920773,USR9417,SPT1857340,2023-06-14,13038.38
TAX920774,USR3409,SPT1435686,2023-11-28,21215.92
TAX920775,USR4230,SPT1710612,2022-12-07,16713.73
TAX920776,USR8060,SPT1199053,2022-08-26,9056.37
TAX920777,USR4037,SPT966297,2022-07-18,4369.21
TAX920778,USR3943,SPT734026,2022-02-26,46617.76
TAX920779,USR5229,SPT75686,2023-09-19,46867.87
TAX920780,USR5394,SPT1548765,2023-11-29,42422.25
TAX920781,USR7997,SPT835944,2023-08-21,24684.15
TAX920782,USR6522,SPT1456428,2023-08-18,12614.0
TAX920783,USR7792,SPT1678695,2022-12-22,2159.62
TAX920784,USR2125,SPT522210,2022-07-09,10019.95
TAX920785,USR8306,SPT134534,2023-05-14,6804.35
TAX920786,USR2290,SPT572272,2023-06-17,5324.93
TAX920787,USR5081,SPT228585,2022-07-14,36186.07
TAX920788,USR6598,SPT235251,2023-05-04,10121.95
TAX920789,USR1833,SPT1518807,2022-09-14,17187.92
TAX920790,USR6677,SPT1286841,2022-04-30,22891.1
TAX920791,USR3215,SPT1370199,2022-09-17,45899.45
TAX920792,USR2742,SPT1288143,2023-02-21,21907.25
TAX920793,USR2714,SPT604388,2023-05-04,11296.18
TAX920794,USR6508,SPT1496544,2023-07-18,1499.86
TAX920795,USR3588,SPT1313664,2023-12-24,45121.99
TAX920796,USR9082,SPT850470,2024-01-19,23006.33
TAX920797,USR3353,SPT1876523,2023-08-18,42996.3
TAX920798,USR7018,SPT1833838,2022-10-03,8767.31
TAX920799,USR9034,SPT53844,2022-07-22,26277.99
TAX920800,USR8684,SPT107016,2023-10-14,44002.81
TAX920801,USR8554,SPT1120799,2023-08-16,1213.39
TAX920802,USR9346,SPT1731841,2023-07-13,17744.89
TAX920803,USR4896,SPT749302,2023-12-18,48624.66
TAX920804,USR3127,SPT322648,2023-06-01,2677.7
TAX920805,USR7076,SPT327512,2023-08-05,26276.0
TAX920806,USR2425,SPT249685,2023-12-26,24208.36
TAX920807,USR4662,SPT1234383,2023-05-22,16375.39
TAX920808,USR3698,SPT1207367,2022-03-16,36642.7
TAX920809,USR3225,SPT543776,2022-07-25,10067.35
TAX920810,USR1946,SPT87507,2022-09-12,13710.99
TAX920811,USR3106,SPT1081246,2022-12-18,2314.52
TAX920812,USR42,SPT1140565,2022-05-13,33917.78
TAX920813,USR9004,SPT1693205,2023-04-03,27063.92
TAX920814,USR250,SPT367481,2023-04-21,37472.61
TAX920815,USR7211,SPT261570,2022-11-21,33036.83
TAX920816,USR3368,SPT1007977,2022-03-18,10411.32
TAX920817,USR1861,SPT1201905,2024-01-04,49003.62
TAX920818,USR5755,SPT1595674,2023-09-08,8596.24
TAX920819,USR252,SPT1206361,2022-12-03,31835.93
TAX920820,USR7569,SPT809459,2022-12-13,12861.26
TAX920821,USR6522,SPT952453,2023-11-23,34398.17
TAX920822,USR5560,SPT1558500,2022-10-01,40635.48
TAX920823,USR4384,SPT756586,2022-07-13,14978.59
TAX920824,USR1885,SPT1569137,2023-07-21,22296.59
TAX920825,USR1760,SPT763502,2022-12-26,5585.94
TAX920826,USR7355,SPT243194,2023-06-06,48421.63
TAX920827,USR1691,SPT1669942,2022-04-09,25350.67
TAX920828,USR3202,SPT585102,2022-04-16,3793.48
TAX920829,USR8708,SPT704981,2022-09-28,34769.73
TAX920830,USR6936,SPT537131,2024-02-08,49084.54
TAX920831,USR2997,SPT1254836,2022-07-21,15244.25
TAX920832,USR8578,SPT671152,2023-06-03,21320.08
TAX920833,USR4750,SPT187770,2022-11-14,11932.48
TAX920834,USR3919,SPT1373175,2023-11-30,3982.67
TAX920835,USR9144,SPT155368,2022-05-31,1855.51
TAX920836,USR4163,SPT245207,2023-07-12,40358.58
TAX920837,USR9155,SPT179364,2022-05-26,42789.74
TAX920838,USR2900,SPT965297,2023-11-25,49276.7
TAX920839,USR5877,SPT750536,2023-09-27,43370.35
TAX920840,USR2618,SPT762458,2022-03-16,44608.74
TAX920841,USR1155,SPT1951845,2022-03-22,11153.91
TAX920842,USR7437,SPT741325,2022-03-19,21477.98
TAX920843,USR6537,SPT558648,2023-07-09,28883.77
TAX920844,USR9012,SPT636049,2023-02-20,49727.11
TAX920845,USR8211,SPT1320506,2022-09-17,41851.58
TAX920846,USR8920,SPT1636786,2022-04-30,17280.07
TAX920847,USR615,SPT1009000,2022-08-08,34343.83
TAX920848,USR9929,SPT132409,2022-10-07,36037.82
TAX920849,USR7345,SPT1856249,2022-07-07,22787.04
TAX920850,USR55,SPT657290,2023-03-29,49432.78
TAX920851,USR206,SPT468578,2023-03-09,19104.89
TAX920852,USR9097,SPT225984,2023-12-17,30143.86
TAX920853,USR3380,SPT1133644,2022-04-15,39521.11
TAX920854,USR6156,SPT1396559,2022-04-30,13264.28
TAX920855,USR2253,SPT870696,2022-02-20,12966.25
TAX920856,USR2714,SPT1809879,2022-09-27,2261.93
TAX920857,USR2341,SPT976995,2023-10-22,30234.07
TAX920858,USR4504,SPT794892,2022-10-16,26540.28
TAX920859,USR8987,SPT1265783,2022-09-29,28391.57
TAX920860,USR5152,SPT860709,2023-08-27,6797.65
TAX920861,USR1496,SPT679852,2023-10-21,7480.45
TAX920862,USR9952,SPT1201376,2023-07-31,20680.59
TAX920863,USR221,SPT1109291,2023-08-02,21171.75
TAX920864,USR1267,SPT1503984,2023-05-25,17576.98
TAX920865,USR7615,SPT406470,2022-11-28,2232.01
TAX920866,USR3669,SPT1714876,2023-12-16,7723.68
TAX920867,USR3896,SPT538575,2022-03-03,45975.62
TAX920868,USR9658,SPT1724654,2023-09-11,44014.27
TAX920869,USR4382,SPT527952,2022-12-11,41135.58
TAX920870,USR8,SPT33832,2022-12-09,2029.81
TAX920871,USR7907,SPT1815144,2023-05-23,9104.17
TAX920872,USR4053,SPT654493,2024-01-30,7913.58
TAX920873,USR468,SPT1232415,2023-07-04,42949.11
TAX920874,USR6682,SPT702919,2023-01-07,25146.44
TAX920875,USR3655,SPT1566877,2023-07-12,48623.17
TAX920876,USR4838,SPT1382928,2022-12-03,16878.51
TAX920877,USR5547,SPT364940,2022-09-19,25350.76
TAX920878,USR208,SPT766957,2024-01-05,30609.71
TAX920879,USR6195,SPT1906873,2022-06-27,23827.16
TAX920880,USR7266,SPT1214675,2023-02-22,7989.03
TAX920881,USR5442,SPT609409,2022-12-05,7617.73
TAX920882,USR5069,SPT631832,2022-08-29,18039.07
TAX920883,USR8584,SPT157528,2024-01-14,5761.5
TAX920884,USR8335,SPT1728576,2023-08-17,11596.88
TAX920885,USR7666,SPT1484762,2023-07-22,41323.99
TAX920886,USR7726,SPT1170776,2024-01-24,49119.96
TAX920887,USR2381,SPT1989078,2023-09-16,38723.2
TAX920888,USR952,SPT1036540,2023-04-06,23449.85
TAX920889,USR2790,SPT851097,2022-12-23,26177.88
TAX920890,USR5913,SPT1057820,2022-10-01,39569.02
TAX920891,USR8987,SPT790975,2023-07-26,7929.43
TAX920892,USR3596,SPT1589205,2023-05-03,39403.85
TAX920893,USR2231,SPT458851,2023-08-07,41797.98
TAX920894,USR8073,SPT489007,2023-03-10,23981.1
TAX920895,USR4092,SPT1705957,2023-06-21,22062.69
TAX920896,USR1396,SPT1225995,2024-01-02,14647.65
TAX920897,USR7020,SPT186407,2023-12-02,4617.29
TAX920898,USR6672,SPT138684,2023-11-11,48651.39
TAX920899,USR5789,SPT394537,2022-10-02,10515.7
TAX920900,USR6120,SPT199574,2023-06-28,36772.04
TAX920901,USR2099,SPT409930,2022-12-30,40579.09
TAX920902,USR905,SPT1156249,2022-08-16,5757.28
TAX920903,USR8402,SPT106306,2023-09-21,37532.63
TAX920904,USR7385,SPT903811,2022-05-01,25865.0
TAX920905,USR318,SPT1502523,2022-08-10,17803.44
TAX920906,USR51,SPT539260,2023-03-25,20424.62
TAX920907,USR2416,SPT1508720,2022-03-19,34866.79
TAX920908,USR1875,SPT191712,2022-06-25,20833.76
TAX920909,USR7635,SPT1863856,2023-04-10,48515.46
TAX920910,USR6345,SPT402052,2022-08-11,34428.25
TAX920911,USR4312,SPT1404920,2022-02-15,18482.69
TAX920912,USR6799,SPT621131,2023-10-10,25676.36
TAX920913,USR5138,SPT610308,2022-09-05,48854.05
TAX920914,USR5800,SPT158442,2023-03-16,18932.67
TAX920915,USR9123,SPT1015744,2022-12-10,3499.88
TAX920916,USR6183,SPT893375,2022-12-03,41149.68
TAX920917,USR8272,SPT614548,2023-12-18,17925.36
TAX920918,USR361,SPT1715041,2023-08-14,15092.43
TAX920919,USR4346,SPT1227696,2022-09-21,26110.9
TAX920920,USR6843,SPT479726,2023-06-24,2409.57
TAX920921,USR5202,SPT1537775,2022-08-15,20252.05
TAX920922,USR2719,SPT910489,2023-06-19,48503.3
TAX920923,USR8670,SPT853525,2022-08-29,22750.09
TAX920924,USR7066,SPT564218,2022-05-04,9990.2
TAX920925,USR8296,SPT940673,2022-10-01,27011.58
TAX920926,USR7085,SPT1245960,2022-05-30,30787.83
TAX920927,USR6041,SPT1543227,2022-06-07,37011.96
TAX920928,USR8976,SPT91931,2024-02-03,7244.81
TAX920929,USR823,SPT1616216,2023-02-11,15674.28
TAX920930,USR1706,SPT1231862,2023-10-14,46329.76
TAX920931,USR1150,SPT1186980,2023-04-19,43460.37
TAX920932,USR2420,SPT1778591,2022-05-03,3905.99
TAX920933,USR1741,SPT1590559,2023-05-21,43380.71
TAX920934,USR8144,SPT362127,2024-01-28,32960.6
TAX920935,USR9118,SPT1258799,2023-09-10,1193.05
TAX920936,USR2294,SPT1073077,2023-07-26,11525.5
TAX920937,USR5702,SPT1743414,2022-02-13,36163.28
TAX920938,USR385,SPT1304511,2023-10-13,27608.35
TAX920939,USR2733,SPT603150,2022-10-25,49153.62
TAX920940,USR8379,SPT16844,2022-08-06,33452.15
TAX920941,USR2676,SPT1451679,2023-04-10,32413.97
TAX920942,USR1427,SPT1335769,2022-03-11,17246.01
TAX920943,USR3059,SPT339950,2022-10-20,45658.75
TAX920944,USR3767,SPT697496,2023-11-11,36512.61
TAX920945,USR8437,SPT622467,2023-01-15,47416.31
TAX920946,USR2141,SPT1148960,2023-10-21,46920.13
TAX920947,USR5024,SPT516641,2023-10-19,9768.55
TAX920948,USR6946,SPT1105135,2023-06-30,39003.61
TAX920949,USR4359,SPT487761,2023-10-25,27421.92
TAX920950,USR2342,SPT765492,2022-10-15,17790.54
TAX920951,USR7258,SPT770125,2022-02-25,20123.07
TAX920952,USR1569,SPT1641767,2023-04-23,37949.85
TAX920953,USR5376,SPT1197352,2022-11-15,34030.95
TAX920954,USR9616,SPT536993,2023-10-28,3038.74
TAX920955,USR7592,SPT1020457,2022-03-01,6135.9
TAX920956,USR2451,SPT1549633,2023-01-17,48402.27
TAX920957,USR4247,SPT232760,2022-08-01,14407.23
TAX920958,USR755,SPT1338674,2022-06-05,12721.51
TAX920959,USR285,SPT255616,2023-06-28,43185.95
TAX920960,USR1989,SPT1255273,2024-01-08,29967.5
TAX920961,USR7608,SPT439973,2023-08-02,15717.11
TAX920962,USR205,SPT1204360,2022-11-14,33965.8
TAX920963,USR8614,SPT141972,2022-08-27,38730.57
TAX920964,USR1690,SPT1292353,2022-10-15,48487.19
TAX920965,USR974,SPT35444,2023-10-13,8471.85
TAX920966,USR8572,SPT1618659,2023-03-12,18429.04
TAX920967,USR4477,SPT1894398,2023-06-27,34716.14
TAX920968,USR2524,SPT1000152,2023-01-10,4240.66
TAX920969,USR8949,SPT1677558,2022-09-16,31340.67
TAX920970,USR1230,SPT1989416,2023-11-15,2734.63
TAX920971,USR8320,SPT508130,2023-01-08,36734.23
TAX920972,USR1488,SPT564801,2022-08-30,7350.38
TAX920973,USR8563,SPT1681479,2023-09-13,6513.21
TAX920974,USR9508,SPT1332263,2022-03-12,35329.43
TAX920975,USR3239,SPT406519,2023-01-11,17242.7
TAX920976,USR2053,SPT1401506,2023-01-25,9053.38
TAX920977,USR121,SPT1821674,2023-10-09,48226.01
TAX920978,USR7919,SPT469059,2022-02-10,24350.29
TAX920979,USR7055,SPT1866021,2023-03-10,45452.79
TAX920980,USR7530,SPT202451,2023-09-15,33612.9
TAX920981,USR451,SPT271787,2023-10-09,32639.02
TAX920982,USR7854,SPT292888,2023-06-03,1990.81
TAX920983,USR9691,SPT1194182,2022-10-14,15293.61
TAX920984,USR8585,SPT771166,2022-05-11,46990.63
TAX920985,USR4649,SPT1801047,2023-10-27,25046.88
TAX920986,USR3062,SPT300683,2023-05-15,4433.74
TAX920987,USR3228,SPT368737,2023-11-14,12907.32
TAX920988,USR3060,SPT656402,2022-08-07,16733.76
TAX920989,USR3591,SPT212138,2023-11-27,17293.5
TAX920990,USR9028,SPT1048410,2022-07-07,2723.42
TAX920991,USR8471,SPT1040682,2023-12-24,5313.93
TAX920992,USR6788,SPT1103331,2022-11-12,41807.89
TAX920993,USR220,SPT203977,2023-11-24,45098.93
TAX920994,USR7805,SPT122895,2022-05-04,25829.37
TAX920995,USR1681,SPT513711,2023-12-30,37422.39
TAX920996,USR4224,SPT316200,2022-08-24,25597.51
TAX920997,USR1079,SPT437728,2023-01-13,29898.05
TAX920998,USR8650,SPT1457366,2022-08-09,25979.22
TAX920999,USR9597,SPT1567241,2022-07-18,18744.11
TAX921000,USR8237,SPT817373,2022-05-27,23790.5
TAX921001,USR7550,SPT1646043,2022-12-11,19431.47
TAX921002,USR6077,SPT1010927,2022-08-12,22238.15
TAX921003,USR9116,SPT1311341,2022-09-08,11671.73
TAX921004,USR3970,SPT1764448,2022-12-14,39445.73
TAX921005,USR728,SPT1900731,2023-07-01,8755.85
TAX921006,USR5300,SPT834658,2023-04-29,38710.01
TAX921007,USR5300,SPT401423,2022-07-24,24178.74
TAX921008,USR5829,SPT704604,2023-09-30,35173.1
TAX921009,USR1818,SPT1213405,2022-03-15,5702.42
TAX921010,USR5408,SPT1549313,2024-01-31,39034.21
TAX921011,USR9355,SPT1503752,2023-06-15,24448.68
TAX921012,USR5082,SPT137054,2023-03-17,34032.79
TAX921013,USR2733,SPT1302835,2023-05-02,5314.6
TAX921014,USR21,SPT311350,2022-02-28,26095.59
TAX921015,USR6705,SPT1729417,2023-05-05,8746.09
TAX921016,USR5069,SPT1957180,2023-02-24,21187.27
TAX921017,USR5718,SPT1224355,2023-12-03,45099.57
TAX921018,USR433,SPT1691830,2024-01-16,24881.8
TAX921019,USR7761,SPT932451,2023-04-06,40072.41
TAX921020,USR8067,SPT1249973,2023-04-03,36253.64
TAX921021,USR7479,SPT647739,2022-08-20,40275.43
TAX921022,USR6445,SPT90620,2023-10-18,24232.4
TAX921023,USR9057,SPT912898,2023-05-20,25972.31
TAX921024,USR7366,SPT1540526,2022-11-04,48054.87
TAX921025,USR921,SPT1245311,2022-07-15,44860.53
TAX921026,USR1736,SPT509848,2022-03-15,48252.76
TAX921027,USR9489,SPT1371760,2022-09-05,5848.65
TAX921028,USR7854,SPT519657,2022-06-09,41369.49
TAX921029,USR9114,SPT1419512,2023-10-25,47769.72
TAX921030,USR879,SPT909056,2022-07-30,30805.12
TAX921031,USR4250,SPT1205872,2023-05-23,30566.27
TAX921032,USR5576,SPT1528341,2023-03-16,36827.5
TAX921033,USR4299,SPT1644145,2022-07-24,32802.92
TAX921034,USR9594,SPT258278,2022-02-21,25613.82
TAX921035,USR9484,SPT1250687,2022-09-19,49769.84
TAX921036,USR4603,SPT203588,2023-03-28,9120.22
TAX921037,USR7458,SPT1562021,2023-04-01,10521.83
TAX921038,USR6941,SPT359379,2022-07-16,7715.85
TAX921039,USR4342,SPT1973577,2023-03-11,1962.27
TAX921040,USR9267,SPT578170,2023-12-14,48514.74
TAX921041,USR7314,SPT1990204,2023-06-23,26270.33
TAX921042,USR3644,SPT1382816,2022-09-12,22351.32
TAX921043,USR98,SPT1437680,2023-12-07,26446.56
TAX921044,USR1828,SPT656343,2022-11-24,37473.54
TAX921045,USR1194,SPT1753039,2023-08-12,18666.44
TAX921046,USR9829,SPT542728,2022-06-09,34336.84
TAX921047,USR5319,SPT1064981,2023-10-05,49626.14
TAX921048,USR8515,SPT1815888,2023-04-26,16784.08
TAX921049,USR5027,SPT734927,2024-02-04,15279.6
TAX921050,USR4900,SPT262515,2023-08-20,41255.49
TAX921051,USR1155,SPT1930727,2022-12-06,41079.37
TAX921052,USR6150,SPT202229,2022-06-24,22517.03
TAX921053,USR5648,SPT1218997,2022-03-15,41836.51
TAX921054,USR4074,SPT1380551,2022-07-18,36011.66
TAX921055,USR3952,SPT1836163,2023-03-02,18210.65
TAX921056,USR4976,SPT1522585,2023-09-02,10716.31
TAX921057,USR4778,SPT1351561,2022-11-12,29635.19
TAX921058,USR2202,SPT89577,2023-10-04,25387.63
TAX921059,USR778,SPT1865957,2022-12-16,32439.4
TAX921060,USR5582,SPT89409,2022-06-01,34876.38
TAX921061,USR2864,SPT463534,2022-08-09,30084.37
TAX921062,USR6089,SPT679445,2022-11-29,30606.01
TAX921063,USR4333,SPT1510691,2022-11-18,2760.19
TAX921064,USR6308,SPT1131126,2022-12-12,15827.36
TAX921065,USR7753,SPT692130,2023-09-26,25875.52
TAX921066,USR6953,SPT1817579,2022-02-28,40632.43
TAX921067,USR4413,SPT1104237,2023-01-06,10156.82
TAX921068,USR1443,SPT584600,2022-02-25,36675.06
TAX921069,USR9846,SPT1224920,2023-05-28,22558.56
TAX921070,USR7827,SPT521608,2024-01-18,47642.95
TAX921071,USR6881,SPT683693,2022-11-06,41885.14
TAX921072,USR5359,SPT1095654,2023-11-13,28549.35
TAX921073,USR4911,SPT885548,2022-07-21,15911.12
TAX921074,USR8384,SPT1050523,2022-09-04,23389.36
TAX921075,USR3451,SPT1574005,2022-10-16,21204.66
TAX921076,USR225,SPT1573549,2023-09-09,34110.74
TAX921077,USR7430,SPT1941083,2023-11-09,42132.15
TAX921078,USR2669,SPT1667809,2022-06-29,21155.5
TAX921079,USR3118,SPT1808025,2022-10-25,45841.25
TAX921080,USR7959,SPT1654089,2024-01-18,18062.06
TAX921081,USR4086,SPT1216709,2023-02-25,44639.36
TAX921082,USR3345,SPT841183,2023-01-14,32125.12
TAX921083,USR3837,SPT1214176,2023-02-09,25907.46
TAX921084,USR4151,SPT1164423,2023-04-13,8807.46
TAX921085,USR9505,SPT705396,2022-06-21,34425.06
TAX921086,USR9355,SPT930280,2022-02-21,1648.02
TAX921087,USR1080,SPT953837,2022-06-18,7200.61
TAX921088,USR2415,SPT933500,2022-12-10,27212.98
TAX921089,USR9843,SPT1323657,2023-02-19,15044.07
TAX921090,USR4437,SPT70772,2022-07-29,6443.52
TAX921091,USR9818,SPT395157,2023-06-30,24029.04
TAX921092,USR3446,SPT1302335,2022-08-12,17947.85
TAX921093,USR1862,SPT1337742,2023-07-07,14773.29
TAX921094,USR3097,SPT193544,2023-09-01,33165.67
TAX921095,USR6276,SPT1038365,2023-07-22,31145.25
TAX921096,USR1636,SPT1038009,2022-08-09,25840.07
TAX921097,USR738,SPT1353825,2022-11-08,26131.1
TAX921098,USR8426,SPT1230166,2023-08-21,44941.77
TAX921099,USR1961,SPT718720,2022-08-15,11061.98
TAX921100,USR7570,SPT1825098,2023-04-22,47597.76
TAX921101,USR3281,SPT589449,2023-10-08,35798.56
TAX921102,USR3249,SPT1268881,2023-03-04,42023.19
TAX921103,USR434,SPT1015076,2022-12-28,16042.25
TAX921104,USR5184,SPT1054690,2023-07-06,36309.79
TAX921105,USR5443,SPT1308759,2022-03-18,44628.65
TAX921106,USR6683,SPT836202,2023-06-07,41166.88
TAX921107,USR3553,SPT1858458,2023-07-12,7623.34
TAX921108,USR9875,SPT1869730,2022-11-14,4546.21
TAX921109,USR3796,SPT1920314,2023-02-01,1548.54
TAX921110,USR7804,SPT225073,2022-06-24,43445.95
TAX921111,USR4838,SPT1275705,2023-12-21,27953.02
TAX921112,USR2308,SPT139354,2022-04-25,29633.09
TAX921113,USR168,SPT1537369,2022-09-28,12968.04
TAX921114,USR2047,SPT1016495,2023-07-09,40294.92
TAX921115,USR7929,SPT1795273,2022-05-18,31813.51
TAX921116,USR7260,SPT416874,2022-04-30,37833.26
TAX921117,USR437,SPT1305767,2023-02-27,42441.96
TAX921118,USR4454,SPT1212677,2024-01-11,48782.14
TAX921119,USR6416,SPT1904606,2022-04-04,18630.15
TAX921120,USR5526,SPT1458880,2022-12-15,28698.54
TAX921121,USR1085,SPT1943406,2023-08-20,39130.97
TAX921122,USR670,SPT493272,2022-02-27,7116.22
TAX921123,USR7561,SPT53386,2024-01-30,15785.37
TAX921124,USR3375,SPT380644,2023-02-07,37595.15
TAX921125,USR4549,SPT732989,2023-07-18,21838.82
TAX921126,USR7077,SPT1538082,2022-03-25,25456.38
TAX921127,USR24,SPT1817980,2022-02-12,9376.19
TAX921128,USR402,SPT716669,2023-11-02,6544.15
TAX921129,USR9113,SPT1208450,2023-11-17,17750.6
TAX921130,USR1604,SPT865971,2024-01-12,29528.43
TAX921131,USR5701,SPT1476452,2022-07-05,5773.23
TAX921132,USR7788,SPT264413,2022-08-26,3919.8
TAX921133,USR920,SPT953395,2023-03-07,19605.89
TAX921134,USR5818,SPT1117444,2023-05-30,22028.44
TAX921135,USR4227,SPT752234,2023-04-17,49612.23
TAX921136,USR7475,SPT1348658,2023-12-29,11152.69
TAX921137,USR705,SPT1020102,2023-11-05,26625.43
TAX921138,USR52,SPT1084653,2022-10-15,26025.29
TAX921139,USR8082,SPT946176,2024-01-26,47777.66
TAX921140,USR8748,SPT529105,2022-08-05,46402.07
TAX921141,USR5859,SPT291749,2024-02-08,39990.37
TAX921142,USR8104,SPT1324694,2022-05-15,46139.78
TAX921143,USR2693,SPT1010632,2022-05-13,1724.8
TAX921144,USR7658,SPT1153551,2022-06-10,31660.75
TAX921145,USR1345,SPT1804986,2023-04-25,37744.42
TAX921146,USR1728,SPT1060529,2024-02-05,38885.19
TAX921147,USR2314,SPT1221776,2022-05-15,35432.81
TAX921148,USR3552,SPT1339653,2022-09-03,37638.45
TAX921149,USR4614,SPT1397616,2023-02-11,32491.99
TAX921150,USR2495,SPT1465642,2022-04-16,17156.56
TAX921151,USR6784,SPT1464393,2023-05-18,46590.15
TAX921152,USR9389,SPT258027,2023-07-16,35892.94
TAX921153,USR5078,SPT401083,2023-03-28,5093.43
TAX921154,USR3551,SPT1802357,2022-08-17,10122.77
TAX921155,USR917,SPT1459599,2023-01-31,15242.59
TAX921156,USR8958,SPT747123,2022-10-28,36121.11
TAX921157,USR436,SPT316145,2023-08-10,18358.67
TAX921158,USR7126,SPT301608,2022-03-31,20034.74
TAX921159,USR6857,SPT846297,2022-02-23,47915.31
TAX921160,USR1301,SPT1368516,2023-04-19,21362.17
TAX921161,USR8756,SPT1230022,2022-02-17,18678.1
TAX921162,USR604,SPT1337720,2023-12-02,43679.63
TAX921163,USR4383,SPT1870677,2023-10-11,38672.73
TAX921164,USR2785,SPT42319,2022-12-28,23061.08
TAX921165,USR4348,SPT1924107,2023-06-10,8036.49
TAX921166,USR9058,SPT1387499,2022-05-02,36134.22
TAX921167,USR868,SPT452554,2022-11-21,47501.25
TAX921168,USR9567,SPT1469581,2023-10-16,34674.18
TAX921169,USR3761,SPT1246432,2023-09-04,24649.25
TAX921170,USR916,SPT1855664,2023-02-11,18279.88
TAX921171,USR8699,SPT560361,2023-03-21,49635.96
TAX921172,USR2934,SPT1224411,2023-04-21,22063.85
TAX921173,USR8743,SPT30091,2023-07-09,41879.83
TAX921174,USR2749,SPT373202,2023-09-18,25153.16
TAX921175,USR9363,SPT1472242,2022-08-20,48058.7
TAX921176,USR3176,SPT1446487,2023-05-03,48412.03
TAX921177,USR9625,SPT823402,2023-06-30,14326.25
TAX921178,USR114,SPT1913620,2023-12-19,7043.29
TAX921179,USR7679,SPT748174,2023-08-13,1063.34
TAX921180,USR7265,SPT1994417,2022-02-16,25677.17
TAX921181,USR959,SPT1705175,2022-07-12,10721.53
TAX921182,USR3277,SPT1453472,2022-04-17,10003.97
TAX921183,USR1779,SPT220067,2023-03-28,37958.37
TAX921184,USR7997,SPT1250288,2023-05-26,12524.23
TAX921185,USR8205,SPT606245,2023-10-21,32050.6
TAX921186,USR9381,SPT1100457,2023-11-06,13970.1
TAX921187,USR8300,SPT594973,2022-08-27,39872.84
TAX921188,USR6471,SPT1035962,2022-09-09,20644.31
TAX921189,USR1938,SPT732623,2024-02-02,34341.21
TAX921190,USR9483,SPT1693767,2023-09-04,6734.21
TAX921191,USR209,SPT1763435,2024-01-15,43731.45
TAX921192,USR6682,SPT758397,2023-11-05,29517.18
TAX921193,USR8867,SPT114324,2022-04-22,43174.93
TAX921194,USR8845,SPT205438,2023-12-29,4787.82
TAX921195,USR2185,SPT1070190,2022-06-01,40592.68
TAX921196,USR9456,SPT1854935,2022-10-06,42802.84
TAX921197,USR5294,SPT257230,2022-07-19,22618.34
TAX921198,USR5463,SPT1080374,2023-06-12,30461.57
TAX921199,USR6046,SPT1001300,2023-01-08,44883.58
TAX921200,USR3163,SPT1723604,2023-11-12,34499.54
TAX921201,USR2217,SPT1779929,2023-06-24,3317.27
TAX921202,USR9411,SPT1608918,2023-08-25,37582.35
TAX921203,USR3218,SPT1624257,2023-11-18,13010.48
TAX921204,USR2716,SPT1511389,2023-07-21,17750.51
TAX921205,USR366,SPT344977,2022-06-12,26790.43
TAX921206,USR8621,SPT960290,2023-07-01,22054.6
TAX921207,USR1768,SPT370300,2023-09-12,30522.61
TAX921208,USR2329,SPT1302581,2023-02-25,44637.8
TAX921209,USR1765,SPT1611482,2022-07-11,2826.18
TAX921210,USR4075,SPT865945,2022-10-28,24846.96
TAX921211,USR1902,SPT758459,2023-02-04,35632.44
TAX921212,USR264,SPT923051,2023-09-03,9473.43
TAX921213,USR5319,SPT459570,2023-03-11,36216.72
TAX921214,USR3323,SPT1350479,2023-04-23,14859.51
TAX921215,USR9008,SPT1441248,2022-10-14,48097.79
TAX921216,USR2123,SPT568760,2022-12-04,7639.75
TAX921217,USR7129,SPT355369,2023-10-18,31284.18
TAX921218,USR2936,SPT1983856,2022-08-23,10864.16
TAX921219,USR3486,SPT277475,2022-04-10,27032.59
TAX921220,USR2707,SPT424844,2023-08-06,4328.76
TAX921221,USR8877,SPT715584,2023-09-26,41203.54
TAX921222,USR8034,SPT669156,2023-05-06,7348.2
TAX921223,USR1581,SPT288021,2022-12-23,11422.4
TAX921224,USR3940,SPT1055908,2022-12-06,6265.15
TAX921225,USR5576,SPT581653,2022-08-11,10065.53
TAX921226,USR1432,SPT806291,2022-08-10,18031.78
TAX921227,USR9518,SPT123788,2023-07-20,15226.05
TAX921228,USR9313,SPT1177595,2023-01-20,5190.68
TAX921229,USR8639,SPT1683268,2024-01-06,32442.41
TAX921230,USR9839,SPT1128275,2022-05-24,10222.34
TAX921231,USR3701,SPT674091,2022-05-13,45121.85
TAX921232,USR6833,SPT1545536,2022-07-22,9749.86
TAX921233,USR7555,SPT706425,2023-04-01,25397.11
TAX921234,USR6935,SPT1022128,2022-10-30,45213.74
TAX921235,USR8191,SPT1111633,2022-05-16,9782.77
TAX921236,USR4837,SPT829123,2023-09-23,48286.39
TAX921237,USR5389,SPT223524,2023-06-03,13237.78
TAX921238,USR8778,SPT384499,2022-03-14,46298.54
TAX921239,USR7722,SPT1205898,2024-02-03,8645.91
TAX921240,USR5282,SPT1703059,2022-09-01,39885.62
TAX921241,USR662,SPT720594,2023-06-23,22597.98
TAX921242,USR9998,SPT1150126,2023-01-24,2089.65
TAX921243,USR2467,SPT379802,2023-10-02,42212.04
TAX921244,USR6395,SPT460919,2023-12-31,14211.29
TAX921245,USR4064,SPT101417,2022-12-22,32625.54
TAX921246,USR6323,SPT285068,2023-04-27,32891.06
TAX921247,USR5221,SPT1128765,2022-11-14,34267.07
TAX921248,USR3840,SPT1575038,2022-10-27,24924.63
TAX921249,USR935,SPT1667270,2022-08-23,38109.34
TAX921250,USR8773,SPT1644473,2023-06-22,48171.67
TAX921251,USR9718,SPT1357005,2022-09-07,31168.01
TAX921252,USR701,SPT1913918,2022-10-13,22317.28
TAX921253,USR8843,SPT1753911,2022-08-15,17033.86
TAX921254,USR9718,SPT407827,2023-09-22,24043.34
TAX921255,USR3776,SPT1277973,2022-05-24,29520.09
TAX921256,USR9060,SPT1369082,2022-03-14,16153.98
TAX921257,USR1997,SPT1110134,2023-04-17,25052.85
TAX921258,USR3183,SPT319635,2022-09-23,7837.79
TAX921259,USR9592,SPT1053424,2023-03-18,32490.35
TAX921260,USR4012,SPT68457,2023-07-08,11603.74
TAX921261,USR5818,SPT934944,2022-06-07,37906.72
TAX921262,USR140,SPT852458,2023-06-17,33758.18
TAX921263,USR1840,SPT511452,2022-05-19,11045.82
TAX921264,USR4056,SPT588066,2022-04-08,31888.63
TAX921265,USR9076,SPT1852637,2023-06-23,19509.01
TAX921266,USR6339,SPT1493104,2022-04-11,13974.92
TAX921267,USR1753,SPT1162315,2022-12-08,13354.64
TAX921268,USR5586,SPT1901353,2023-02-15,32860.45
TAX921269,USR4316,SPT260286,2022-05-30,17273.7
TAX921270,USR491,SPT960306,2022-08-22,25496.7
TAX921271,USR9307,SPT589538,2023-11-30,17101.23
TAX921272,USR3320,SPT372086,2023-07-26,28064.62
TAX921273,USR2937,SPT1058191,2023-05-07,28018.77
TAX921274,USR6517,SPT1418394,2023-12-13,34004.75
TAX921275,USR615,SPT1777968,2022-03-15,15233.95
TAX921276,USR3019,SPT1058954,2022-09-13,48679.49
TAX921277,USR7873,SPT1740630,2022-08-27,27457.3
TAX921278,USR8882,SPT1924515,2022-03-10,21480.36
TAX921279,USR8145,SPT1086443,2023-07-08,26723.91
TAX921280,USR857,SPT188259,2022-08-09,10576.63
TAX921281,USR4678,SPT1506478,2022-12-08,36569.79
TAX921282,USR3064,SPT568735,2022-02-14,4529.75
TAX921283,USR6962,SPT1551430,2022-02-20,25174.81
TAX921284,USR8143,SPT244803,2022-11-26,30035.26
TAX921285,USR6161,SPT1503847,2023-05-28,31069.59
TAX921286,USR786,SPT1678621,2023-12-04,24322.59
TAX921287,USR7542,SPT1875098,2023-12-08,22364.65
TAX921288,USR6467,SPT1369679,2023-01-06,20399.84
TAX921289,USR6064,SPT1411116,2023-02-05,11421.35
TAX921290,USR294,SPT486424,2023-02-08,44047.59
TAX921291,USR9668,SPT1030892,2022-06-29,32417.63
TAX921292,USR9860,SPT841729,2023-11-27,47464.88
TAX921293,USR9948,SPT1276867,2023-07-21,31499.89
TAX921294,USR3223,SPT686845,2022-04-03,19969.19
TAX921295,USR3491,SPT1772659,2023-10-12,3971.89
TAX921296,USR4415,SPT916859,2023-09-02,20262.49
TAX921297,USR7105,SPT1622768,2022-12-10,31246.54
TAX921298,USR2228,SPT1025948,2023-01-14,19003.34
TAX921299,USR7700,SPT1787891,2022-10-18,46550.9
TAX921300,USR8552,SPT472903,2023-09-27,32999.2
TAX921301,USR5528,SPT1611049,2023-09-10,1460.73
TAX921302,USR6672,SPT696533,2023-02-24,11276.3
TAX921303,USR2501,SPT1902548,2023-08-27,44299.19
TAX921304,USR7475,SPT1749244,2023-03-18,20502.04
TAX921305,USR5490,SPT111621,2022-05-24,16236.36
TAX921306,USR6269,SPT95998,2022-07-07,44718.0
TAX921307,USR1132,SPT1091476,2022-05-04,3808.13
TAX921308,USR377,SPT23832,2022-02-27,22431.95
TAX921309,USR2884,SPT528569,2022-06-12,10863.42
TAX921310,USR7395,SPT1708113,2023-08-13,43467.76
TAX921311,USR4493,SPT1284422,2024-01-20,16270.34
TAX921312,USR6331,SPT1619729,2023-01-30,17948.38
TAX921313,USR8281,SPT299196,2022-02-17,48269.72
TAX921314,USR3261,SPT1984583,2024-01-02,47790.09
TAX921315,USR5521,SPT994398,2023-03-18,19801.89
TAX921316,USR8766,SPT891821,2023-12-05,5526.31
TAX921317,USR6308,SPT1805445,2022-08-14,26908.93
TAX921318,USR1503,SPT1338167,2022-03-07,19922.41
TAX921319,USR3441,SPT1550714,2022-08-12,44600.53
TAX921320,USR8127,SPT743011,2024-01-06,29442.59
TAX921321,USR6873,SPT202097,2023-06-17,31684.99
TAX921322,USR7839,SPT66517,2022-08-07,13449.69
TAX921323,USR6166,SPT958826,2022-05-30,8664.09
TAX921324,USR5178,SPT1718757,2022-12-07,7101.31
TAX921325,USR3297,SPT1464664,2024-01-20,8036.19
TAX921326,USR3400,SPT1045171,2022-10-10,25243.67
TAX921327,USR692,SPT223073,2023-07-13,25991.99
TAX921328,USR455,SPT827174,2022-03-02,33760.02
TAX921329,USR1955,SPT234565,2023-06-14,48803.69
TAX921330,USR6576,SPT1514380,2023-04-16,49892.21
TAX921331,USR3560,SPT1647354,2023-08-22,16240.24
TAX921332,USR9986,SPT735889,2024-01-31,11224.69
TAX921333,USR6771,SPT911937,2022-10-31,8157.23
TAX921334,USR6290,SPT60257,2023-11-11,34970.29
TAX921335,USR4967,SPT54906,2022-03-05,17454.95
TAX921336,USR5355,SPT621099,2022-03-06,28301.98
TAX921337,USR4093,SPT1608588,2022-02-10,30691.19
TAX921338,USR9660,SPT20213,2022-08-08,34573.81
TAX921339,USR2640,SPT1760980,2022-04-27,49393.12
TAX921340,USR533,SPT130819,2022-11-03,21731.26
TAX921341,USR7417,SPT639515,2022-05-26,44113.7
TAX921342,USR4004,SPT778865,2022-12-26,4194.83
TAX921343,USR2366,SPT1382031,2023-07-29,18111.68
TAX921344,USR2349,SPT1850409,2024-01-03,6993.68
TAX921345,USR2649,SPT856532,2023-06-19,42042.46
TAX921346,USR82,SPT710700,2023-08-25,29962.18
TAX921347,USR3631,SPT355939,2023-01-19,20783.9
TAX921348,USR8286,SPT765636,2023-07-13,21938.21
TAX921349,USR6842,SPT1511625,2022-04-07,6818.67
TAX921350,USR3554,SPT269250,2024-02-02,27322.45
TAX921351,USR1269,SPT435168,2022-08-29,31885.21
TAX921352,USR6415,SPT1071859,2022-05-03,18387.36
TAX921353,USR6748,SPT868977,2022-12-13,48361.69
TAX921354,USR9445,SPT375975,2023-09-14,37638.61
TAX921355,USR534,SPT35801,2022-11-14,26420.78
TAX921356,USR2996,SPT1422641,2023-06-12,14559.41
TAX921357,USR6067,SPT1004265,2022-10-26,32045.57
TAX921358,USR7109,SPT720477,2022-03-06,31162.36
TAX921359,USR3926,SPT1157868,2023-06-25,49661.18
TAX921360,USR3433,SPT1047517,2022-06-17,18846.35
TAX921361,USR2879,SPT1575543,2022-08-23,41835.23
TAX921362,USR8012,SPT1611868,2023-05-24,46011.59
TAX921363,USR5220,SPT177070,2024-01-14,40021.72
TAX921364,USR8380,SPT118546,2023-05-17,4323.1
TAX921365,USR4527,SPT746760,2023-07-30,39002.44
TAX921366,USR6135,SPT570070,2023-01-09,9935.69
TAX921367,USR8220,SPT1888538,2024-01-20,44797.04
TAX921368,USR335,SPT257902,2023-08-02,29590.96
TAX921369,USR7448,SPT532085,2022-05-18,32376.92
TAX921370,USR8457,SPT1538545,2022-06-13,43566.14
TAX921371,USR7277,SPT1337797,2023-03-04,41173.2
TAX921372,USR6474,SPT986618,2023-06-22,21141.28
TAX921373,USR9756,SPT477662,2023-07-23,5372.48
TAX921374,USR3735,SPT1724755,2022-06-20,43989.44
TAX921375,USR5964,SPT45120,2023-06-20,40953.13
TAX921376,USR7459,SPT483910,2022-03-27,25290.85
TAX921377,USR8496,SPT1951205,2022-03-10,6975.69
TAX921378,USR3858,SPT1169985,2023-03-15,18364.18
TAX921379,USR6285,SPT1641965,2023-01-14,2025.53
TAX921380,USR369,SPT980827,2022-09-17,37675.75
TAX921381,USR4351,SPT185335,2023-05-23,41789.75
TAX921382,USR8990,SPT1033631,2022-03-24,23611.34
TAX921383,USR3890,SPT908011,2022-04-23,11221.69
TAX921384,USR3642,SPT1314256,2022-07-28,39872.7
TAX921385,USR9645,SPT904740,2024-01-18,5437.17
TAX921386,USR155,SPT235818,2022-03-03,31353.52
TAX921387,USR181,SPT648835,2022-03-13,49498.13
TAX921388,USR3560,SPT1950473,2022-10-19,15757.64
TAX921389,USR750,SPT1689392,2022-04-26,44403.26
TAX921390,USR9692,SPT1973890,2022-06-02,22041.87
TAX921391,USR6869,SPT562885,2022-03-11,3637.41
TAX921392,USR9073,SPT582304,2022-11-26,4401.01
TAX921393,USR4082,SPT398140,2022-10-06,27564.97
TAX921394,USR2013,SPT638680,2023-05-17,45484.57
TAX921395,USR6750,SPT1316307,2022-06-22,37864.4
TAX921396,USR3224,SPT216725,2022-05-10,12977.75
TAX921397,USR3058,SPT314798,2023-04-30,12744.63
TAX921398,USR4203,SPT858757,2023-05-07,39213.73
TAX921399,USR9812,SPT678243,2023-03-28,44269.18
TAX921400,USR6222,SPT1449587,2022-06-04,15074.14
TAX921401,USR2455,SPT1105932,2023-11-01,4701.67
TAX921402,USR8430,SPT259942,2022-05-28,10977.84
TAX921403,USR6391,SPT494859,2022-05-22,4000.99
TAX921404,USR3784,SPT465800,2022-03-30,46411.1
TAX921405,USR7958,SPT1646696,2023-08-14,30908.99
TAX921406,USR7781,SPT1855043,2024-01-08,17504.89
TAX921407,USR4114,SPT1660054,2023-10-21,46701.06
TAX921408,USR1818,SPT719024,2024-01-01,25864.73
TAX921409,USR9798,SPT469897,2022-09-11,16520.07
TAX921410,USR2910,SPT546589,2022-03-31,19323.47
TAX921411,USR2051,SPT786888,2023-05-29,15331.63
TAX921412,USR3763,SPT1099820,2022-11-12,49386.06
TAX921413,USR6576,SPT1436289,2022-05-07,6414.89
TAX921414,USR4310,SPT1714045,2023-06-20,4323.74
TAX921415,USR2382,SPT513930,2023-01-06,29369.21
TAX921416,USR6052,SPT1608024,2024-01-06,25967.82
TAX921417,USR8154,SPT607176,2022-05-13,23873.55
TAX921418,USR5122,SPT1198560,2022-02-20,9993.18
TAX921419,USR1235,SPT296094,2022-04-07,9651.29
TAX921420,USR140,SPT1109987,2023-04-08,41085.23
TAX921421,USR9936,SPT131769,2022-10-01,4436.32
TAX921422,USR3571,SPT179545,2023-02-11,43821.56
TAX921423,USR2607,SPT366854,2022-05-04,47930.01
TAX921424,USR6238,SPT1757660,2023-09-07,23079.77
TAX921425,USR6151,SPT1670537,2022-06-27,9384.63
TAX921426,USR8398,SPT426669,2023-06-23,22673.19
TAX921427,USR8738,SPT659433,2022-06-10,1834.45
TAX921428,USR4945,SPT607568,2022-05-17,8278.45
TAX921429,USR7446,SPT1832994,2023-05-31,41596.34
TAX921430,USR4810,SPT1568694,2024-01-02,45784.07
TAX921431,USR4944,SPT160990,2022-06-10,44658.3
TAX921432,USR4933,SPT1737707,2023-05-12,36081.68
TAX921433,USR6326,SPT1444071,2023-11-24,46355.54
TAX921434,USR2337,SPT1638432,2023-05-23,29737.34
TAX921435,USR8119,SPT800389,2023-11-17,45884.61
TAX921436,USR7539,SPT1085066,2023-06-13,1946.77
TAX921437,USR4033,SPT423264,2023-03-09,22790.07
TAX921438,USR7572,SPT925755,2023-05-30,26454.31
TAX921439,USR625,SPT1556669,2023-03-20,49128.59
TAX921440,USR9178,SPT873223,2024-01-31,36716.93
TAX921441,USR3488,SPT929951,2022-12-08,31620.26
TAX921442,USR1324,SPT109148,2023-12-31,29973.37
TAX921443,USR5844,SPT849755,2022-07-17,26339.34
TAX921444,USR1876,SPT849081,2023-03-10,14708.02
TAX921445,USR4874,SPT947982,2022-11-05,9394.48
TAX921446,USR2586,SPT183111,2023-04-11,39226.96
TAX921447,USR1752,SPT156352,2022-04-04,30128.0
TAX921448,USR8009,SPT1746304,2022-08-18,36058.89
TAX921449,USR5614,SPT1293016,2023-07-25,47605.24
TAX921450,USR7765,SPT363590,2023-12-25,14027.21
TAX921451,USR368,SPT168717,2022-03-25,21750.87
TAX921452,USR604,SPT1179179,2022-08-22,26671.81
TAX921453,USR4950,SPT1665207,2023-06-08,45431.85
TAX921454,USR2095,SPT973155,2022-07-22,14793.34
TAX921455,USR9700,SPT861149,2023-12-10,45527.07
TAX921456,USR238,SPT1201650,2023-09-25,37540.27
TAX921457,USR9733,SPT125905,2022-11-19,40634.54
TAX921458,USR490,SPT1415852,2023-01-18,36057.47
TAX921459,USR5857,SPT1950437,2022-02-23,34982.62
TAX921460,USR8003,SPT1681133,2023-08-08,6635.82
TAX921461,USR2145,SPT933901,2022-06-08,42844.99
TAX921462,USR9081,SPT939144,2023-11-24,31345.46
TAX921463,USR2674,SPT479375,2022-08-22,8265.56
TAX921464,USR2656,SPT1413578,2023-10-07,39342.28
TAX921465,USR9262,SPT310205,2023-05-01,42961.98
TAX921466,USR8411,SPT90240,2023-04-13,13336.24
TAX921467,USR4301,SPT1454382,2023-09-23,22657.8
TAX921468,USR3681,SPT138414,2022-11-03,40435.02
TAX921469,USR234,SPT512985,2023-03-11,22478.44
TAX921470,USR8320,SPT147882,2022-09-07,41592.92
TAX921471,USR4966,SPT35892,2022-09-24,9111.0
TAX921472,USR7307,SPT1189475,2023-12-06,27885.79
TAX921473,USR4510,SPT1496159,2023-11-18,19293.87
TAX921474,USR3865,SPT1776796,2023-09-11,49197.2
TAX921475,USR555,SPT1325041,2023-03-06,11172.55
TAX921476,USR3111,SPT1931311,2022-10-07,44023.03
TAX921477,USR9744,SPT1639482,2022-07-21,42947.82
TAX921478,USR9018,SPT1209148,2023-10-28,42730.88
TAX921479,USR1284,SPT1684139,2023-12-11,15376.41
TAX921480,USR7894,SPT1733915,2023-08-11,43291.14
TAX921481,USR36,SPT854664,2023-08-30,8650.1
TAX921482,USR4600,SPT1116538,2022-05-30,46041.39
TAX921483,USR8963,SPT1174595,2023-10-25,17594.31
TAX921484,USR1203,SPT1246104,2022-05-05,39829.77
TAX921485,USR473,SPT988147,2023-11-24,42477.13
TAX921486,USR3957,SPT967352,2023-01-19,21985.36
TAX921487,USR2677,SPT1342889,2023-10-07,37625.75
TAX921488,USR6288,SPT700508,2023-07-27,24046.89
TAX921489,USR2963,SPT385001,2023-01-05,47922.37
TAX921490,USR1955,SPT1937805,2022-05-13,6237.74
TAX921491,USR8686,SPT588839,2023-08-07,17479.77
TAX921492,USR4390,SPT1358705,2023-01-12,23226.6
TAX921493,USR8762,SPT1884466,2022-06-07,37759.29
TAX921494,USR336,SPT1974196,2023-09-15,10849.76
TAX921495,USR2815,SPT378974,2023-07-15,27285.48
TAX921496,USR6614,SPT436591,2022-05-30,22093.85
TAX921497,USR4999,SPT1719953,2022-12-04,20755.61
TAX921498,USR9281,SPT79081,2022-07-25,3552.41
TAX921499,USR8344,SPT1643847,2022-10-18,22547.54
TAX921500,USR6365,SPT1070536,2023-04-11,23231.65
TAX921501,USR1074,SPT27465,2022-07-08,35610.57
TAX921502,USR7255,SPT1702353,2023-06-04,37371.26
TAX921503,USR9389,SPT1920698,2022-06-07,13555.65
TAX921504,USR2349,SPT1635818,2023-08-15,20349.72
TAX921505,USR1715,SPT814134,2022-02-21,42957.16
TAX921506,USR8505,SPT402830,2023-04-05,9460.05
TAX921507,USR1566,SPT349349,2022-06-27,44821.11
TAX921508,USR7237,SPT583800,2023-03-12,30896.01
TAX921509,USR9637,SPT746874,2023-07-18,44070.62
TAX921510,USR2874,SPT1674794,2022-03-08,1502.37
TAX921511,USR1653,SPT1190464,2023-07-24,22380.12
TAX921512,USR6680,SPT1234767,2023-06-03,10477.59
TAX921513,USR707,SPT1291655,2023-12-17,32802.03
TAX921514,USR7530,SPT613366,2024-02-06,24458.09
TAX921515,USR4546,SPT719159,2023-02-27,37211.67
TAX921516,USR1670,SPT1541262,2022-07-24,31079.79
TAX921517,USR845,SPT1252620,2023-03-08,20082.02
TAX921518,USR2774,SPT470776,2023-09-28,28679.11
TAX921519,USR406,SPT408967,2022-07-06,32902.87
TAX921520,USR3342,SPT426420,2023-11-11,16212.76
TAX921521,USR1591,SPT1315616,2023-01-08,34957.26
TAX921522,USR5804,SPT504251,2022-04-28,12554.38
TAX921523,USR4218,SPT280082,2023-02-10,34806.43
TAX921524,USR9749,SPT1978630,2023-04-10,36220.04
TAX921525,USR8852,SPT775515,2022-04-15,49647.59
TAX921526,USR1655,SPT544029,2023-10-23,44567.14
TAX921527,USR1800,SPT1901116,2023-03-12,19105.31
TAX921528,USR432,SPT891241,2023-12-26,8084.98
TAX921529,USR1702,SPT1484401,2022-10-26,7609.37
TAX921530,USR3096,SPT1132764,2023-09-17,25766.33
TAX921531,USR576,SPT364175,2023-06-23,32648.02
TAX921532,USR1828,SPT361693,2022-06-22,19361.47
TAX921533,USR7285,SPT93130,2022-05-15,43070.08
TAX921534,USR5939,SPT56325,2024-01-10,33424.69
TAX921535,USR6177,SPT1727341,2022-04-05,49032.18
TAX921536,USR7804,SPT1453048,2023-03-30,22281.81
TAX921537,USR8155,SPT1756043,2022-02-11,10575.29
TAX921538,USR9541,SPT1040844,2022-05-27,34282.35
TAX921539,USR3335,SPT1925747,2022-06-12,21729.13
TAX921540,USR6288,SPT1228173,2024-01-12,49173.47
TAX921541,USR6751,SPT464271,2023-04-07,20683.43
TAX921542,USR1032,SPT609221,2022-06-18,10822.65
TAX921543,USR9241,SPT925648,2024-01-07,47918.62
TAX921544,USR7825,SPT1808267,2022-08-19,4552.47
TAX921545,USR3620,SPT523737,2023-12-11,29741.81
TAX921546,USR9474,SPT1220533,2022-12-15,20636.6
TAX921547,USR777,SPT960606,2022-03-31,39300.04
TAX921548,USR6685,SPT667180,2022-09-27,19313.63
TAX921549,USR5417,SPT667100,2023-03-29,8674.27
TAX921550,USR9782,SPT1599362,2022-08-28,22656.42
TAX921551,USR3375,SPT538068,2022-03-10,20197.32
TAX921552,USR7579,SPT1515299,2023-07-19,23140.6
TAX921553,USR8297,SPT1870919,2022-03-23,41990.86
TAX921554,USR469,SPT900961,2023-10-19,41553.53
TAX921555,USR7021,SPT430267,2023-06-28,46394.8
TAX921556,USR2984,SPT1379931,2022-06-10,1631.01
TAX921557,USR9608,SPT1810585,2023-01-19,12218.9
TAX921558,USR2698,SPT245244,2022-08-01,19296.9
TAX921559,USR9918,SPT1642028,2023-10-02,25071.25
TAX921560,USR5771,SPT650211,2023-04-13,21582.07
TAX921561,USR2130,SPT454671,2023-03-29,45382.19
TAX921562,USR2091,SPT518800,2023-07-30,42227.09
TAX921563,USR3997,SPT1243104,2023-07-17,22560.35
TAX921564,USR8932,SPT745197,2023-06-20,43232.26
TAX921565,USR5979,SPT572073,2023-09-07,22040.61
TAX921566,USR4858,SPT1283923,2022-02-17,43134.97
TAX921567,USR6866,SPT1003593,2022-02-24,41439.65
TAX921568,USR6302,SPT1980233,2023-11-26,48024.69
TAX921569,USR4343,SPT1467176,2023-08-14,12549.7
TAX921570,USR3242,SPT64534,2022-12-13,46195.48
TAX921571,USR5431,SPT1051620,2023-11-27,12861.69
TAX921572,USR5697,SPT923083,2023-09-01,26197.95
TAX921573,USR6886,SPT1595302,2023-05-31,18090.13
TAX921574,USR886,SPT268651,2023-01-25,1002.18
TAX921575,USR1431,SPT1247462,2023-12-08,26167.77
TAX921576,USR9412,SPT1822119,2023-07-04,1581.5
TAX921577,USR1856,SPT1908947,2023-04-14,20754.06
TAX921578,USR4258,SPT1813924,2022-09-26,49360.59
TAX921579,USR5043,SPT1251150,2023-11-06,3900.49
TAX921580,USR2548,SPT155606,2023-11-19,39597.51
TAX921581,USR1181,SPT1255135,2022-02-14,26298.92
TAX921582,USR8667,SPT1437143,2023-11-19,17225.56
TAX921583,USR6144,SPT977627,2022-10-21,3800.49
TAX921584,USR9707,SPT1556435,2022-10-21,14108.86
TAX921585,USR9084,SPT957987,2024-01-21,38745.38
TAX921586,USR5478,SPT1407629,2022-02-19,19474.54
TAX921587,USR9041,SPT1152981,2024-01-02,44559.28
TAX921588,USR5460,SPT1325167,2023-02-03,33673.09
TAX921589,USR8162,SPT144544,2024-01-07,36655.62
TAX921590,USR4811,SPT1983655,2022-12-17,3738.34
TAX921591,USR6082,SPT751611,2022-07-23,9067.92
TAX921592,USR3885,SPT1770445,2023-03-08,25305.87
TAX921593,USR2823,SPT809558,2023-07-02,44252.98
TAX921594,USR6978,SPT592390,2024-02-09,46380.28
TAX921595,USR9751,SPT640514,2022-07-04,10604.87
TAX921596,USR1192,SPT1256933,2022-07-19,49781.2
TAX921597,USR7933,SPT691356,2022-09-03,46764.86
TAX921598,USR3588,SPT1220770,2023-09-22,15737.17
TAX921599,USR9284,SPT1742740,2023-09-15,33979.21
TAX921600,USR4565,SPT971516,2023-06-27,10481.9
TAX921601,USR9605,SPT394667,2023-12-06,18081.46
TAX921602,USR3432,SPT1563038,2022-09-17,1751.56
TAX921603,USR7813,SPT174006,2023-12-27,39733.99
TAX921604,USR6002,SPT1248924,2023-12-24,34706.54
TAX921605,USR424,SPT982645,2024-01-29,37847.36
TAX921606,USR2650,SPT1631440,2022-09-02,1204.69
TAX921607,USR2550,SPT1418471,2023-06-29,24194.08
TAX921608,USR3406,SPT1289797,2022-04-04,28731.42
TAX921609,USR6442,SPT6542,2022-10-22,32831.37
TAX921610,USR1834,SPT551094,2023-05-05,28673.65
TAX921611,USR5529,SPT1176285,2024-01-13,31360.75
TAX921612,USR6192,SPT1413888,2023-05-17,4238.97
TAX921613,USR8069,SPT1042335,2023-04-19,11005.33
TAX921614,USR4044,SPT1982895,2022-10-27,29364.16
TAX921615,USR7195,SPT425559,2024-01-16,28408.52
TAX921616,USR878,SPT711661,2023-04-19,15557.24
TAX921617,USR8269,SPT22118,2023-10-18,26063.81
TAX921618,USR365,SPT24531,2022-07-08,3655.58
TAX921619,USR2776,SPT1729233,2023-12-12,26224.79
TAX921620,USR9625,SPT1688862,2023-07-10,29822.25
TAX921621,USR5991,SPT1323444,2023-09-20,30791.08
TAX921622,USR8478,SPT167014,2022-03-30,42654.84
TAX921623,USR2144,SPT968698,2023-05-21,13775.41
TAX921624,USR3888,SPT1019795,2023-12-09,23888.15
TAX921625,USR6724,SPT1112755,2022-12-07,9408.67
TAX921626,USR7060,SPT1871361,2023-01-01,34042.38
TAX921627,USR6656,SPT1560084,2023-12-18,35874.36
TAX921628,USR1051,SPT112891,2022-07-11,16262.83
TAX921629,USR2904,SPT1336723,2023-10-10,35358.41
TAX921630,USR613,SPT1865352,2022-02-23,46264.95
TAX921631,USR3476,SPT1030052,2023-05-14,33614.32
TAX921632,USR149,SPT1069850,2022-05-30,24480.33
TAX921633,USR965,SPT947443,2023-10-10,37392.65
TAX921634,USR4642,SPT245997,2023-05-16,18176.69
TAX921635,USR7843,SPT1602039,2022-08-03,15215.99
TAX921636,USR9307,SPT1136989,2023-01-06,49956.29
TAX921637,USR3232,SPT909677,2022-06-28,45248.01
TAX921638,USR8263,SPT1045950,2022-09-30,38592.43
TAX921639,USR3787,SPT1859430,2022-03-29,13709.51
TAX921640,USR613,SPT810073,2023-02-18,24587.13
TAX921641,USR5876,SPT685814,2023-09-17,13468.47
TAX921642,USR1758,SPT1616058,2022-06-11,46610.17
TAX921643,USR1119,SPT393817,2022-10-12,46855.08
TAX921644,USR1913,SPT83653,2023-07-08,35846.69
TAX921645,USR9154,SPT73939,2023-05-24,43092.98
TAX921646,USR3246,SPT1845688,2023-04-30,25308.21
TAX921647,USR7823,SPT822767,2022-10-18,42518.52
TAX921648,USR9389,SPT1004844,2023-06-23,47423.51
TAX921649,USR7306,SPT1873165,2023-04-07,44110.4
TAX921650,USR7746,SPT390841,2023-01-19,16896.76
TAX921651,USR8709,SPT296178,2023-06-09,31178.9
TAX921652,USR2428,SPT1593458,2022-10-14,31264.81
TAX921653,USR6828,SPT1063714,2022-11-15,47981.5
TAX921654,USR5629,SPT848274,2023-11-27,8223.09
TAX921655,USR6769,SPT463109,2023-02-13,32915.33
TAX921656,USR592,SPT1306698,2023-06-01,20749.77
TAX921657,USR2561,SPT1640429,2023-02-17,49204.52
TAX921658,USR6729,SPT388399,2022-11-24,18864.72
TAX921659,USR2959,SPT552057,2022-10-27,42967.51
TAX921660,USR4224,SPT1282159,2023-08-01,41352.5
TAX921661,USR6553,SPT410587,2023-05-22,29232.1
TAX921662,USR1328,SPT916368,2023-03-05,41755.73
TAX921663,USR2604,SPT710133,2023-12-05,27723.8
TAX921664,USR1410,SPT1909954,2022-07-10,31172.99
TAX921665,USR438,SPT287698,2022-10-22,35081.7
TAX921666,USR8048,SPT573003,2022-02-27,15417.57
TAX921667,USR7613,SPT239918,2024-01-01,49289.6
TAX921668,USR2856,SPT741607,2022-07-24,46328.1
TAX921669,USR6870,SPT886247,2022-06-15,7591.33
TAX921670,USR6060,SPT1392692,2023-04-13,40605.16
TAX921671,USR5548,SPT1810298,2023-05-12,38652.53
TAX921672,USR7404,SPT467913,2024-02-08,45812.65
TAX921673,USR9463,SPT1141174,2023-06-18,13263.52
TAX921674,USR693,SPT1759225,2022-07-26,20737.12
TAX921675,USR3683,SPT1389340,2022-08-27,2042.54
TAX921676,USR9473,SPT1914362,2022-08-17,31273.55
TAX921677,USR5471,SPT62387,2023-09-14,15834.12
TAX921678,USR5449,SPT260913,2023-05-04,26548.98
TAX921679,USR6078,SPT1465475,2022-07-07,26009.97
TAX921680,USR8145,SPT275091,2023-03-22,35330.56
TAX921681,USR8670,SPT329259,2023-09-09,26002.21
TAX921682,USR6257,SPT903219,2023-04-24,37670.27
TAX921683,USR8588,SPT198354,2022-04-08,8569.09
TAX921684,USR3744,SPT1860336,2022-08-08,13152.81
TAX921685,USR2002,SPT1461805,2022-09-18,13712.23
TAX921686,USR5987,SPT251683,2023-08-19,20361.24
TAX921687,USR8586,SPT147054,2022-07-14,29765.17
TAX921688,USR8357,SPT277474,2023-03-14,6831.54
TAX921689,USR4859,SPT1912162,2023-11-08,14059.5
TAX921690,USR660,SPT1837541,2024-01-29,21477.51
TAX921691,USR5162,SPT910963,2023-05-08,6441.63
TAX921692,USR3274,SPT603453,2022-04-16,39288.88
TAX921693,USR1425,SPT1216794,2022-07-06,35056.51
TAX921694,USR3100,SPT1562338,2022-10-01,25278.4
TAX921695,USR2738,SPT114031,2022-05-23,6960.73
TAX921696,USR830,SPT911759,2023-12-06,3299.02
TAX921697,USR2804,SPT605587,2023-01-10,39391.42
TAX921698,USR5680,SPT1652958,2022-08-26,29951.0
TAX921699,USR8056,SPT1192063,2022-04-08,34506.2
TAX921700,USR8251,SPT739410,2023-12-26,34413.98
TAX921701,USR4827,SPT101140,2023-04-11,18242.22
TAX921702,USR9820,SPT1047279,2023-05-20,19940.67
TAX921703,USR441,SPT1803671,2022-09-27,10527.68
TAX921704,USR5456,SPT1841978,2022-11-17,47521.98
TAX921705,USR1943,SPT79987,2022-12-03,7996.64
TAX921706,USR3095,SPT782054,2022-12-07,22242.16
TAX921707,USR6915,SPT982075,2022-11-02,31004.11
TAX921708,USR4921,SPT529453,2023-10-25,21883.57
TAX921709,USR6551,SPT1842218,2023-01-07,37629.45
TAX921710,USR3396,SPT1707420,2023-01-25,21406.07
TAX921711,USR2422,SPT294393,2022-11-21,39513.49
TAX921712,USR253,SPT773885,2023-08-28,43507.37
TAX921713,USR8276,SPT1877101,2022-09-04,21201.14
TAX921714,USR9284,SPT910176,2022-06-24,1682.85
TAX921715,USR6042,SPT519329,2023-11-10,26020.52
TAX921716,USR7670,SPT732748,2023-10-04,36953.81
TAX921717,USR1306,SPT1692341,2023-03-05,49220.76
TAX921718,USR9428,SPT1747305,2023-09-05,7889.26
TAX921719,USR7031,SPT763719,2022-04-29,9352.61
TAX921720,USR6699,SPT963800,2022-06-22,44577.26
TAX921721,USR7637,SPT895899,2023-12-11,44810.67
TAX921722,USR388,SPT538579,2023-09-10,46181.0
TAX921723,USR1978,SPT1457088,2022-04-02,7770.01
TAX921724,USR3521,SPT1981700,2023-08-26,41823.69
TAX921725,USR3942,SPT1177354,2022-09-02,29763.76
TAX921726,USR6959,SPT1724046,2022-09-21,35687.44
TAX921727,USR2143,SPT759357,2022-10-28,34170.04
TAX921728,USR592,SPT337318,2024-02-04,12625.31
TAX921729,USR6076,SPT1532897,2023-03-28,33713.89
TAX921730,USR4875,SPT1451187,2023-09-28,48354.43
TAX921731,USR6730,SPT1888720,2022-06-30,23315.9
TAX921732,USR7426,SPT1781414,2022-04-03,41557.41
TAX921733,USR6038,SPT957871,2023-12-14,48488.31
TAX921734,USR7895,SPT760485,2023-07-25,30509.69
TAX921735,USR3238,SPT810777,2023-11-17,23374.92
TAX921736,USR5730,SPT1911477,2023-09-11,45405.58
TAX921737,USR9659,SPT937074,2022-05-31,11452.97
TAX921738,USR6222,SPT1793849,2022-12-31,26189.13
TAX921739,USR975,SPT1087467,2022-11-22,13735.56
TAX921740,USR7105,SPT176897,2022-10-03,45802.43
TAX921741,USR7361,SPT395094,2023-01-11,28000.88
TAX921742,USR4003,SPT765982,2022-09-24,27135.64
TAX921743,USR9192,SPT1992168,2022-11-26,14349.35
TAX921744,USR7958,SPT1744397,2022-04-14,19677.84
TAX921745,USR9676,SPT1204890,2023-02-25,23430.63
TAX921746,USR9586,SPT1233159,2022-03-21,31187.79
TAX921747,USR2118,SPT1496426,2022-12-15,12365.09
TAX921748,USR4437,SPT240728,2022-02-25,2777.76
TAX921749,USR4664,SPT1991189,2022-05-27,44918.52
TAX921750,USR4862,SPT1662893,2023-12-29,15139.78
TAX921751,USR5595,SPT470647,2022-12-26,49626.31
TAX921752,USR2587,SPT1537219,2023-07-30,41142.75
TAX921753,USR4625,SPT1057486,2023-06-07,7884.37
TAX921754,USR3206,SPT684698,2023-07-31,40402.94
TAX921755,USR9002,SPT1648716,2023-02-11,26124.16
TAX921756,USR1083,SPT1871905,2023-09-24,33616.33
TAX921757,USR6971,SPT376392,2024-01-15,22481.0
TAX921758,USR9063,SPT896024,2022-04-20,2698.68
TAX921759,USR319,SPT423877,2022-09-10,17198.71
TAX921760,USR8322,SPT730106,2022-09-26,44800.79
TAX921761,USR9464,SPT865114,2023-09-02,20033.75
TAX921762,USR5244,SPT771267,2022-08-05,13270.59
TAX921763,USR1652,SPT1955985,2024-01-31,22558.6
TAX921764,USR3095,SPT1692555,2023-03-13,8393.2
TAX921765,USR9698,SPT1955383,2023-04-25,21159.7
TAX921766,USR6470,SPT90997,2022-02-26,16201.5
TAX921767,USR5441,SPT405754,2022-10-06,46988.08
TAX921768,USR6858,SPT1987240,2022-12-26,5365.18
TAX921769,USR390,SPT600326,2023-07-13,32380.62
TAX921770,USR2962,SPT1689880,2022-04-25,42241.77
TAX921771,USR6836,SPT1396175,2022-08-11,32696.25
TAX921772,USR2952,SPT1657093,2023-03-23,32121.58
TAX921773,USR1925,SPT1412812,2023-04-11,27328.51
TAX921774,USR5940,SPT1405407,2024-02-08,21294.39
TAX921775,USR1759,SPT685846,2023-03-03,36495.84
TAX921776,USR3527,SPT1954643,2023-11-09,41770.14
TAX921777,USR6598,SPT1588338,2024-01-21,37986.06
TAX921778,USR648,SPT421247,2022-04-04,21038.41
TAX921779,USR8209,SPT871628,2023-07-01,47171.36
TAX921780,USR9227,SPT661822,2023-05-05,20744.08
TAX921781,USR2393,SPT1251961,2022-03-14,44402.32
TAX921782,USR1441,SPT1051822,2022-04-05,45101.2
TAX921783,USR4116,SPT1642762,2023-03-11,26405.55
TAX921784,USR4119,SPT551539,2023-09-03,47998.62
TAX921785,USR629,SPT1165907,2022-10-16,46455.64
TAX921786,USR897,SPT1969678,2022-09-03,45261.32
TAX921787,USR8935,SPT1970325,2022-08-07,15209.06
TAX921788,USR1334,SPT1459707,2022-11-19,33092.71
TAX921789,USR5864,SPT425322,2022-10-25,47957.73
TAX921790,USR6865,SPT405345,2022-07-16,20329.26
TAX921791,USR1964,SPT1515929,2023-09-23,44005.11
TAX921792,USR2342,SPT990036,2023-07-17,14946.03
TAX921793,USR7257,SPT998010,2023-04-09,40797.51
TAX921794,USR6177,SPT997116,2023-07-20,34163.41
TAX921795,USR9833,SPT59401,2022-05-29,1331.75
TAX921796,USR6116,SPT1160394,2024-01-20,25763.96
TAX921797,USR793,SPT560447,2023-07-23,40828.1
TAX921798,USR4072,SPT325992,2023-09-03,41423.12
TAX921799,USR9307,SPT712619,2022-04-21,49555.04
TAX921800,USR712,SPT1427245,2023-09-24,5889.08
TAX921801,USR5596,SPT521352,2022-04-14,12169.62
TAX921802,USR8982,SPT1985491,2023-09-24,37539.12
TAX921803,USR528,SPT1991167,2022-08-18,3241.2
TAX921804,USR8542,SPT263778,2023-08-17,20102.42
TAX921805,USR5668,SPT806870,2023-04-09,14455.15
TAX921806,USR5038,SPT1263504,2022-09-13,47031.02
TAX921807,USR5944,SPT719121,2023-06-11,6309.52
TAX921808,USR2185,SPT1151009,2023-10-19,47990.14
TAX921809,USR4310,SPT1564467,2023-09-18,23328.17
TAX921810,USR2250,SPT397759,2022-08-01,22246.89
TAX921811,USR7819,SPT1860278,2022-12-07,4738.85
TAX921812,USR3679,SPT519993,2022-11-25,6568.05
TAX921813,USR5554,SPT124894,2024-01-28,45172.05
TAX921814,USR2751,SPT982728,2023-05-09,13796.19
TAX921815,USR8251,SPT407436,2022-03-26,21781.82
TAX921816,USR2167,SPT1172136,2022-03-16,40556.55
TAX921817,USR1204,SPT156456,2022-08-29,12733.67
TAX921818,USR7605,SPT1146618,2023-04-16,28681.44
TAX921819,USR897,SPT782413,2022-11-09,12523.14
TAX921820,USR6681,SPT669843,2022-04-27,35860.19
TAX921821,USR3654,SPT310137,2023-08-10,45956.2
TAX921822,USR4384,SPT1580401,2022-06-23,2451.64
TAX921823,USR7380,SPT1669389,2023-10-29,19046.06
TAX921824,USR9200,SPT659813,2022-11-13,13971.3
TAX921825,USR6826,SPT310149,2022-07-27,33185.05
TAX921826,USR4928,SPT593226,2023-12-30,18720.14
TAX921827,USR1859,SPT1885834,2023-03-27,12023.31
TAX921828,USR7006,SPT892410,2023-09-08,30851.48
TAX921829,USR6929,SPT1285597,2022-05-24,14998.51
TAX921830,USR3269,SPT136211,2023-09-08,6540.37
TAX921831,USR3420,SPT1917376,2022-09-29,33094.13
TAX921832,USR7346,SPT1945770,2023-02-09,19081.39
TAX921833,USR2845,SPT1674196,2023-12-24,40692.77
TAX921834,USR1587,SPT1292532,2023-08-16,23949.63
TAX921835,USR710,SPT73745,2023-03-19,33348.24
TAX921836,USR6659,SPT743486,2022-10-03,45283.93
TAX921837,USR5334,SPT350514,2022-08-10,46900.87
TAX921838,USR5458,SPT792504,2024-01-24,30460.6
TAX921839,USR5795,SPT1157635,2022-05-04,38844.97
TAX921840,USR8202,SPT1478832,2022-12-13,11977.14
TAX921841,USR3380,SPT299266,2022-02-12,19344.95
TAX921842,USR9796,SPT895462,2022-09-09,38522.46
TAX921843,USR6586,SPT385331,2022-04-06,20471.32
TAX921844,USR7772,SPT1662010,2022-05-21,10543.2
TAX921845,USR75,SPT1709889,2022-11-12,44389.65
TAX921846,USR3490,SPT987653,2022-11-22,47046.33
TAX921847,USR8838,SPT909117,2022-07-10,6074.18
TAX921848,USR5467,SPT1613722,2022-06-27,47777.23
TAX921849,USR1995,SPT1309149,2022-03-03,48444.13
TAX921850,USR8856,SPT406854,2022-04-18,34554.73
TAX921851,USR5002,SPT1811380,2023-10-12,49402.34
TAX921852,USR8174,SPT482262,2023-03-14,13777.93
TAX921853,USR7413,SPT1818046,2023-01-07,17778.7
TAX921854,USR1988,SPT1447706,2022-11-02,31623.2
TAX921855,USR4150,SPT292288,2023-06-01,43619.38
TAX921856,USR7536,SPT1937721,2022-09-17,6150.13
TAX921857,USR6849,SPT369276,2022-11-17,15029.24
TAX921858,USR2924,SPT1909342,2022-12-21,42129.05
TAX921859,USR3047,SPT1822776,2023-12-22,22773.02
TAX921860,USR3525,SPT866636,2022-03-14,25252.6
TAX921861,USR3197,SPT399991,2023-01-20,20616.55
TAX921862,USR834,SPT1341471,2023-10-28,10179.42
TAX921863,USR5125,SPT1319581,2022-12-31,23264.0
TAX921864,USR6103,SPT1906560,2023-09-20,40970.81
TAX921865,USR9844,SPT309912,2023-11-09,38024.95
TAX921866,USR2933,SPT1517367,2024-01-18,13543.19
TAX921867,USR5076,SPT1022354,2023-01-29,6041.14
TAX921868,USR9953,SPT1404098,2023-07-25,14347.76
TAX921869,USR4658,SPT191313,2022-03-26,22196.19
TAX921870,USR7242,SPT1512634,2022-07-18,27583.34
TAX921871,USR2305,SPT1475745,2022-09-08,4434.37
TAX921872,USR1337,SPT928554,2023-01-04,18181.18
TAX921873,USR3445,SPT1525993,2023-12-06,37704.19
TAX921874,USR6124,SPT28955,2022-12-25,39412.84
TAX921875,USR7011,SPT1664391,2023-11-01,11158.32
TAX921876,USR3724,SPT1159039,2022-07-26,3282.18
TAX921877,USR6478,SPT43892,2022-10-30,9232.55
TAX921878,USR2887,SPT1234425,2023-05-04,38794.81
TAX921879,USR9223,SPT1691364,2023-04-30,47618.98
TAX921880,USR4373,SPT194271,2022-03-18,43339.44
TAX921881,USR1195,SPT1473472,2022-08-04,32014.81
TAX921882,USR8251,SPT1594358,2024-02-02,17414.57
TAX921883,USR890,SPT1172829,2023-06-26,39477.71
TAX921884,USR1553,SPT1114302,2022-12-28,42322.8
TAX921885,USR7012,SPT967773,2023-11-11,40320.52
TAX921886,USR2201,SPT1391737,2023-03-20,33671.54
TAX921887,USR7053,SPT328929,2023-05-03,39660.53
TAX921888,USR8731,SPT422110,2023-09-20,28050.8
TAX921889,USR6973,SPT1145930,2022-08-21,45312.95
TAX921890,USR8822,SPT1669917,2022-09-11,45738.71
TAX921891,USR2586,SPT1808839,2023-08-20,44716.46
TAX921892,USR612,SPT1292670,2023-09-29,24700.87
TAX921893,USR7979,SPT1068303,2022-02-28,27025.84
TAX921894,USR2892,SPT1985032,2022-06-29,10100.82
TAX921895,USR2860,SPT1922,2022-06-20,22831.9
TAX921896,USR5089,SPT1909700,2022-05-24,31262.71
TAX921897,USR4421,SPT363888,2022-04-23,49751.63
TAX921898,USR9224,SPT916581,2022-06-01,17714.72
TAX921899,USR6006,SPT1404599,2023-11-28,5110.27
TAX921900,USR128,SPT1452706,2023-05-05,35811.1
TAX921901,USR4628,SPT758460,2023-05-17,47928.39
TAX921902,USR4244,SPT1272474,2022-04-17,30675.71
TAX921903,USR7012,SPT375969,2022-05-17,40711.85
TAX921904,USR5060,SPT1502496,2023-09-01,17248.6
TAX921905,USR3073,SPT557129,2023-01-20,36899.95
TAX921906,USR1913,SPT944748,2023-10-05,43853.56
TAX921907,USR7539,SPT593500,2022-10-02,13505.36
TAX921908,USR9151,SPT1037337,2023-07-27,29177.98
TAX921909,USR7259,SPT9714,2023-01-30,45577.89
TAX921910,USR7355,SPT196973,2023-11-13,20133.35
TAX921911,USR5070,SPT1025191,2023-06-15,46683.14
TAX921912,USR2873,SPT1491737,2023-07-05,29399.35
TAX921913,USR7794,SPT1429238,2023-01-26,39159.4
TAX921914,USR4274,SPT1139238,2022-08-18,27657.49
TAX921915,USR9835,SPT1361461,2023-02-08,20633.55
TAX921916,USR4329,SPT582365,2023-06-11,13533.07
TAX921917,USR49,SPT1302080,2022-06-10,48385.61
TAX921918,USR1440,SPT1235075,2022-11-08,11379.6
TAX921919,USR870,SPT1282545,2022-10-08,27738.23
TAX921920,USR7885,SPT761508,2023-05-31,7780.56
TAX921921,USR9878,SPT297298,2023-12-07,36975.61
TAX921922,USR5732,SPT512442,2023-12-01,11221.34
TAX921923,USR2971,SPT853344,2023-04-10,40258.73
TAX921924,USR7850,SPT599197,2023-12-07,12837.98
TAX921925,USR690,SPT1448312,2022-10-24,38701.46
TAX921926,USR957,SPT724925,2022-07-02,21571.48
TAX921927,USR6463,SPT1993259,2022-04-19,27688.01
TAX921928,USR9492,SPT1556386,2022-03-07,22925.87
TAX921929,USR7410,SPT1254371,2022-04-27,43228.73
TAX921930,USR4414,SPT1812520,2022-09-14,11058.38
TAX921931,USR9717,SPT1404495,2022-03-09,40439.41
TAX921932,USR4297,SPT1822922,2022-06-16,13836.65
TAX921933,USR5967,SPT1825488,2023-12-12,48560.59
TAX921934,USR8737,SPT1832919,2023-03-28,34310.67
TAX921935,USR6739,SPT355772,2022-09-23,12210.95
TAX921936,USR6222,SPT1932013,2022-09-17,40905.69
TAX921937,USR7192,SPT294776,2024-01-16,46914.55
TAX921938,USR5922,SPT1618195,2022-05-21,48526.24
TAX921939,USR6310,SPT203745,2022-06-18,19296.21
TAX921940,USR3894,SPT878642,2023-11-18,27421.4
TAX921941,USR7432,SPT1337569,2022-04-17,40785.68
TAX921942,USR3257,SPT696293,2023-01-05,10357.11
TAX921943,USR2188,SPT385156,2022-09-09,33920.38
TAX921944,USR4492,SPT2309,2022-08-29,12053.15
TAX921945,USR6412,SPT400331,2023-04-08,21372.61
TAX921946,USR313,SPT949279,2022-11-15,14089.36
TAX921947,USR6610,SPT298214,2023-03-12,44357.42
TAX921948,USR2947,SPT213993,2022-06-04,34448.71
TAX921949,USR4926,SPT1558969,2022-08-15,27552.0
TAX921950,USR8957,SPT240957,2022-12-09,41066.53
TAX921951,USR5684,SPT892068,2022-12-20,29031.9
TAX921952,USR4653,SPT114988,2022-08-14,2122.07
TAX921953,USR1932,SPT117498,2022-12-24,41562.69
TAX921954,USR2559,SPT1782196,2023-06-06,22838.33
TAX921955,USR3972,SPT383009,2023-12-14,49546.27
TAX921956,USR7638,SPT613590,2022-04-25,3773.92
TAX921957,USR8256,SPT1131082,2022-04-23,34506.39
TAX921958,USR6609,SPT194711,2023-04-02,47792.31
TAX921959,USR3642,SPT255422,2023-06-04,12817.73
TAX921960,USR1257,SPT1642429,2022-07-19,11419.57
TAX921961,USR3077,SPT281554,2023-04-20,32374.65
TAX921962,USR721,SPT345529,2023-06-11,44084.45
TAX921963,USR5137,SPT785910,2023-10-03,15561.79
TAX921964,USR375,SPT1722298,2022-12-29,32970.58
TAX921965,USR3168,SPT527496,2022-10-09,45939.06
TAX921966,USR5183,SPT729464,2024-01-14,49417.79
TAX921967,USR2862,SPT505185,2022-09-21,39069.58
TAX921968,USR363,SPT59656,2022-04-15,21336.52
TAX921969,USR6578,SPT10893,2023-06-21,24908.14
TAX921970,USR3122,SPT268941,2023-10-14,47514.51
TAX921971,USR6568,SPT1561643,2024-01-27,47632.65
TAX921972,USR8901,SPT909839,2022-02-11,16073.88
TAX921973,USR1510,SPT319955,2024-01-29,36520.39
TAX921974,USR2050,SPT1927324,2022-02-09,37025.02
TAX921975,USR2336,SPT702242,2022-11-09,7550.18
TAX921976,USR4233,SPT1566284,2023-09-22,22290.17
TAX921977,USR6255,SPT1320182,2022-03-05,4418.28
TAX921978,USR122,SPT723922,2023-02-16,3777.06
TAX921979,USR8653,SPT505724,2023-06-25,3283.45
TAX921980,USR820,SPT1403049,2022-05-24,29090.42
TAX921981,USR4090,SPT726237,2023-08-15,37116.32
TAX921982,USR8214,SPT366256,2022-09-08,47074.98
TAX921983,USR6730,SPT1219808,2023-01-11,37909.36
TAX921984,USR116,SPT78922,2022-05-13,41479.55
TAX921985,USR1949,SPT200193,2023-12-17,22794.54
TAX921986,USR1484,SPT1879530,2022-02-16,46501.6
TAX921987,USR5697,SPT1981700,2022-08-04,22112.96
TAX921988,USR5958,SPT1172274,2023-05-30,42735.47
TAX921989,USR7477,SPT1067038,2022-06-01,4548.36
TAX921990,USR2309,SPT1847237,2022-10-14,11065.45
TAX921991,USR1615,SPT498105,2024-02-04,16139.26
TAX921992,USR2102,SPT1145200,2023-11-22,29949.03
TAX921993,USR1364,SPT1246793,2023-02-25,42706.01
TAX921994,USR4051,SPT805673,2022-02-12,1291.27
TAX921995,USR713,SPT1194289,2023-01-08,14373.97
TAX921996,USR171,SPT781375,2023-07-23,38104.29
TAX921997,USR1218,SPT846196,2023-02-01,9082.24
TAX921998,USR7218,SPT1149218,2024-02-08,29229.69
TAX921999,USR766,SPT1977361,2022-07-14,48607.97
TAX922000,USR793,SPT420401,2023-03-21,39810.13
TAX922001,USR3777,SPT1391142,2022-10-06,28546.69
TAX922002,USR5540,SPT1022356,2022-05-17,13152.32
TAX922003,USR6117,SPT615160,2023-12-17,23177.92
TAX922004,USR5829,SPT848087,2023-08-11,4897.1
TAX922005,USR8622,SPT586750,2023-03-15,26690.38
TAX922006,USR3181,SPT1566123,2024-01-13,9801.66
TAX922007,USR46,SPT552279,2022-02-19,34886.52
TAX922008,USR6799,SPT340057,2023-06-19,10198.41
TAX922009,USR8337,SPT1112756,2023-03-16,35725.78
TAX922010,USR3250,SPT877173,2023-04-05,15852.29
TAX922011,USR2592,SPT1991672,2023-03-25,24034.88
TAX922012,USR3948,SPT1796705,2023-02-03,3034.87
TAX922013,USR3624,SPT1282272,2023-05-23,22433.75
TAX922014,USR6393,SPT1422168,2022-11-01,28217.88
TAX922015,USR8103,SPT1148525,2022-02-17,17953.0
TAX922016,USR5443,SPT362636,2022-08-27,7340.21
TAX922017,USR6541,SPT528368,2023-10-17,49831.63
TAX922018,USR2262,SPT222168,2022-07-15,33393.7
TAX922019,USR7953,SPT1811117,2022-06-09,32722.57
TAX922020,USR7325,SPT1814778,2023-12-04,1536.35
TAX922021,USR2625,SPT1239871,2024-01-21,29915.74
TAX922022,USR8865,SPT82501,2023-07-19,9338.26
TAX922023,USR2761,SPT1965660,2024-01-21,28409.39
TAX922024,USR8817,SPT1711003,2023-05-03,7282.27
TAX922025,USR5616,SPT1774367,2022-03-31,45787.52
TAX922026,USR5339,SPT274301,2022-11-11,24835.86
TAX922027,USR3061,SPT231622,2023-12-12,25766.22
TAX922028,USR1839,SPT1606015,2023-04-22,38327.54
TAX922029,USR4256,SPT1913175,2023-08-06,2070.24
TAX922030,USR7664,SPT639518,2023-01-15,8413.56
TAX922031,USR8481,SPT580528,2022-12-28,7436.29
TAX922032,USR1718,SPT1311057,2022-02-26,25209.81
TAX922033,USR661,SPT474003,2023-06-22,9065.2
TAX922034,USR3537,SPT1365901,2022-09-13,35980.59
TAX922035,USR2156,SPT1977808,2023-06-12,26362.05
TAX922036,USR1230,SPT665273,2023-08-30,16135.67
TAX922037,USR5748,SPT1457990,2022-07-24,13646.33
TAX922038,USR3066,SPT380027,2022-08-26,3700.92
TAX922039,USR2142,SPT295912,2022-03-29,11977.61
TAX922040,USR1814,SPT1660610,2023-09-04,31758.95
TAX922041,USR1605,SPT1978843,2023-04-19,9507.89
TAX922042,USR2012,SPT1087447,2023-03-10,11639.59
TAX922043,USR840,SPT990824,2022-12-11,19781.09
TAX922044,USR6318,SPT670629,2023-04-24,20930.58
TAX922045,USR3109,SPT1496180,2022-11-02,34615.9
TAX922046,USR7241,SPT1683380,2022-04-12,42340.94
TAX922047,USR4729,SPT1702461,2022-12-11,40129.26
TAX922048,USR2763,SPT672571,2023-08-04,40033.87
TAX922049,USR2454,SPT1202498,2022-11-17,42178.49
TAX922050,USR8541,SPT1348672,2022-11-15,42466.15
TAX922051,USR5461,SPT1447724,2022-12-09,22201.06
TAX922052,USR9286,SPT1954091,2022-09-30,32451.81
TAX922053,USR746,SPT1842135,2022-06-25,25619.51
TAX922054,USR132,SPT1615283,2023-07-24,21361.39
TAX922055,USR6901,SPT147253,2022-11-30,19779.61
TAX922056,USR116,SPT1496985,2024-02-05,9292.45
TAX922057,USR5343,SPT1024379,2022-06-07,16847.52
TAX922058,USR9466,SPT1875976,2023-03-28,13509.92
TAX922059,USR4802,SPT1833301,2022-08-23,34133.95
TAX922060,USR5079,SPT521769,2023-06-29,24266.01
TAX922061,USR9167,SPT72705,2022-07-20,15346.99
TAX922062,USR1087,SPT1659832,2022-06-23,37390.33
TAX922063,USR4525,SPT1221461,2022-11-25,39266.62
TAX922064,USR1553,SPT1507715,2022-08-09,26163.85
TAX922065,USR2412,SPT1768432,2022-03-21,9877.4
TAX922066,USR4322,SPT1857230,2024-02-09,11889.72
TAX922067,USR7736,SPT1699288,2023-12-11,37921.95
TAX922068,USR3221,SPT1976197,2022-02-28,1954.68
TAX922069,USR5330,SPT881611,2022-09-23,7877.24
TAX922070,USR7386,SPT1735838,2022-06-24,25929.95
TAX922071,USR9276,SPT1874276,2022-05-16,49393.12
TAX922072,USR5714,SPT955337,2023-03-01,40545.58
TAX922073,USR525,SPT1366440,2023-02-13,41712.35
TAX922074,USR9221,SPT1937055,2023-07-05,35677.83
TAX922075,USR895,SPT228270,2022-04-28,8547.98
TAX922076,USR5567,SPT1989144,2023-12-01,11438.72
TAX922077,USR3444,SPT1232196,2023-07-12,32000.84
TAX922078,USR1745,SPT658523,2023-03-06,40443.97
TAX922079,USR6036,SPT668743,2023-12-18,25264.12
TAX922080,USR9118,SPT121581,2022-10-21,44787.32
TAX922081,USR9532,SPT1002447,2023-03-03,16810.96
TAX922082,USR6544,SPT1399693,2023-08-16,47204.34
TAX922083,USR2869,SPT1698307,2023-11-09,22279.22
TAX922084,USR4029,SPT86016,2022-03-28,46723.94
TAX922085,USR5152,SPT544404,2022-06-04,27500.3
TAX922086,USR3116,SPT1935400,2023-07-22,16058.82
TAX922087,USR1291,SPT191302,2022-09-23,25157.86
TAX922088,USR9172,SPT1996050,2022-05-10,22371.48
TAX922089,USR6931,SPT575924,2022-12-21,42595.81
TAX922090,USR4672,SPT1565123,2023-08-25,25440.61
TAX922091,USR7648,SPT151713,2022-05-30,39529.6
TAX922092,USR7552,SPT65677,2023-09-01,26261.79
TAX922093,USR6013,SPT927668,2023-11-15,3343.61
TAX922094,USR3828,SPT1660396,2023-02-27,5587.75
TAX922095,USR9972,SPT930756,2023-01-21,5795.08
TAX922096,USR2906,SPT1868388,2022-11-09,14740.34
TAX922097,USR7461,SPT989134,2023-08-02,46480.8
TAX922098,USR3557,SPT1991582,2022-05-30,36736.7
TAX922099,USR3097,SPT1585508,2023-05-13,21477.97
TAX922100,USR230,SPT1975961,2023-10-05,5603.26
TAX922101,USR1481,SPT1938877,2022-02-19,44999.34
TAX922102,USR7768,SPT1861171,2022-11-22,33191.23
TAX922103,USR8888,SPT1779794,2023-04-20,1284.73
TAX922104,USR674,SPT1423364,2022-04-17,43171.9
TAX922105,USR295,SPT1157335,2023-10-01,26101.8
TAX922106,USR4246,SPT871922,2024-02-02,31473.97
TAX922107,USR8395,SPT540994,2023-06-03,34931.26
TAX922108,USR38,SPT1010795,2022-07-17,21765.5
TAX922109,USR2102,SPT1123786,2022-11-23,47911.95
TAX922110,USR86,SPT1596245,2023-01-06,12838.47
TAX922111,USR1323,SPT30275,2023-07-30,21057.81
TAX922112,USR5835,SPT1811353,2023-02-25,7045.2
TAX922113,USR3295,SPT699939,2023-04-01,28877.45
TAX922114,USR7249,SPT1089405,2022-03-04,18484.09
TAX922115,USR5170,SPT355502,2022-07-31,47287.45
TAX922116,USR9986,SPT1769252,2023-01-10,10157.25
TAX922117,USR6642,SPT432674,2023-01-09,27725.37
TAX922118,USR4724,SPT788743,2022-11-22,25939.75
TAX922119,USR2382,SPT972028,2023-05-18,6673.57
TAX922120,USR8599,SPT1465602,2022-05-26,28199.28
TAX922121,USR4032,SPT629934,2023-11-19,5981.55
TAX922122,USR8597,SPT1775365,2024-01-19,33613.81
TAX922123,USR5064,SPT710301,2023-08-08,23675.3
TAX922124,USR6319,SPT168008,2022-09-27,26615.89
TAX922125,USR6693,SPT430111,2022-03-31,3836.61
TAX922126,USR4758,SPT505932,2023-09-08,43993.02
TAX922127,USR9251,SPT1894289,2023-05-20,42429.51
TAX922128,USR7101,SPT1841010,2023-02-13,20647.14
TAX922129,USR638,SPT1892826,2023-08-13,1321.44
TAX922130,USR7128,SPT1633076,2024-01-25,25567.47
TAX922131,USR4883,SPT889158,2023-03-13,15375.74
TAX922132,USR6134,SPT623735,2023-06-10,36595.39
TAX922133,USR9152,SPT1712633,2022-04-20,32482.17
TAX922134,USR5903,SPT638296,2022-08-20,25084.31
TAX922135,USR3749,SPT44712,2023-04-18,38329.9
TAX922136,USR3535,SPT1714185,2023-09-15,5902.89
TAX922137,USR3956,SPT178574,2023-06-07,23428.81
TAX922138,USR1149,SPT890818,2022-11-24,23236.98
TAX922139,USR4534,SPT522340,2023-07-22,23296.63
TAX922140,USR5106,SPT1786457,2023-02-25,6709.2
TAX922141,USR530,SPT378674,2023-02-07,42799.45
TAX922142,USR968,SPT1995997,2022-02-27,27308.25
TAX922143,USR8011,SPT392675,2023-11-27,5765.14
TAX922144,USR7942,SPT1965981,2022-09-07,36380.58
TAX922145,USR1528,SPT1365854,2022-10-02,36785.25
TAX922146,USR5490,SPT1150604,2022-05-18,12112.95
TAX922147,USR7287,SPT1885942,2023-10-18,16564.25
TAX922148,USR7175,SPT1478340,2022-07-12,15841.36
TAX922149,USR5613,SPT1099202,2023-05-18,5037.75
TAX922150,USR8567,SPT893487,2023-09-04,18982.96
TAX922151,USR5117,SPT48857,2022-09-30,17310.32
TAX922152,USR459,SPT1713878,2022-05-22,25395.52
TAX922153,USR6016,SPT1873884,2022-05-27,23277.09
TAX922154,USR1219,SPT107759,2023-02-12,32160.44
TAX922155,USR6367,SPT1803638,2022-04-25,5384.23
TAX922156,USR4439,SPT49188,2023-08-17,20176.39
TAX922157,USR4647,SPT548416,2023-05-23,46219.89
TAX922158,USR4833,SPT1261326,2023-02-02,40093.15
TAX922159,USR1723,SPT1788598,2023-12-02,30305.43
TAX922160,USR7338,SPT818002,2022-04-14,47126.41
TAX922161,USR7192,SPT594628,2023-09-30,2908.65
TAX922162,USR9147,SPT1693095,2022-12-31,24308.94
TAX922163,USR8416,SPT862523,2024-01-03,19952.68
TAX922164,USR6102,SPT381743,2023-03-16,37074.38
TAX922165,USR6625,SPT1157186,2023-01-22,21594.58
TAX922166,USR8434,SPT1183135,2023-08-15,31414.67
TAX922167,USR5212,SPT1165999,2024-01-11,1778.47
TAX922168,USR6045,SPT615255,2022-11-26,29362.12
TAX922169,USR3776,SPT1055185,2023-06-21,27464.83
TAX922170,USR8887,SPT885187,2022-08-22,30331.27
TAX922171,USR8103,SPT1432480,2023-03-28,35335.91
TAX922172,USR5613,SPT530060,2023-09-12,45952.62
TAX922173,USR6745,SPT966993,2022-04-05,19418.1
TAX922174,USR2244,SPT1530003,2023-06-08,19609.7
TAX922175,USR5201,SPT1782453,2023-08-27,13260.79
TAX922176,USR8683,SPT1499684,2022-10-10,24749.79
TAX922177,USR8830,SPT1524811,2023-02-04,41231.82
TAX922178,USR6866,SPT958383,2023-01-08,37829.53
TAX922179,USR2017,SPT942714,2023-11-06,37521.19
TAX922180,USR1581,SPT1135847,2022-10-17,42289.9
TAX922181,USR5653,SPT395717,2022-11-09,30553.59
TAX922182,USR7712,SPT583453,2022-03-14,25354.88
TAX922183,USR9950,SPT227447,2023-03-12,34454.49
TAX922184,USR4444,SPT629960,2022-04-05,38421.2
TAX922185,USR1060,SPT1896941,2023-07-29,43354.42
TAX922186,USR3650,SPT1757716,2024-01-12,45741.49
TAX922187,USR8086,SPT51071,2023-11-25,21781.26
TAX922188,USR202,SPT29685,2023-04-06,19334.34
TAX922189,USR3275,SPT972298,2023-03-04,12564.57
TAX922190,USR3394,SPT1548760,2022-07-28,26223.36
TAX922191,USR9372,SPT702942,2023-05-19,2408.5
TAX922192,USR6730,SPT1690995,2023-01-31,8308.19
TAX922193,USR2267,SPT1064467,2022-11-01,8147.86
TAX922194,USR1192,SPT222251,2023-07-13,43112.64
TAX922195,USR6598,SPT1877390,2023-04-21,39940.79
TAX922196,USR9647,SPT911408,2022-02-15,40768.17
TAX922197,USR9399,SPT173130,2023-12-22,25718.55
TAX922198,USR7489,SPT392467,2023-04-14,47422.74
TAX922199,USR9169,SPT1726337,2022-10-30,48344.08
TAX922200,USR612,SPT155264,2022-12-27,43327.24
TAX922201,USR6168,SPT68372,2022-11-29,3810.6
TAX922202,USR3019,SPT1152469,2022-12-26,15199.16
TAX922203,USR429,SPT1960199,2022-05-11,43583.76
TAX922204,USR512,SPT1266221,2023-09-19,38722.02
TAX922205,USR2458,SPT1342471,2022-02-13,3992.54
TAX922206,USR6334,SPT1447721,2022-06-30,39059.77
TAX922207,USR2805,SPT1234676,2022-09-19,29759.31
TAX922208,USR3875,SPT1105020,2023-08-26,16206.53
TAX922209,USR1982,SPT1094952,2023-12-27,3478.59
TAX922210,USR4763,SPT599647,2023-12-28,23372.85
TAX922211,USR89,SPT633804,2023-02-05,46456.74
TAX922212,USR6558,SPT1454398,2022-03-13,22997.15
TAX922213,USR9402,SPT907039,2022-06-09,34738.14
TAX922214,USR8058,SPT391192,2023-11-24,40326.41
TAX922215,USR616,SPT338787,2022-09-06,33583.92
TAX922216,USR2322,SPT1385570,2022-04-02,28580.46
TAX922217,USR981,SPT927133,2024-01-28,19745.13
TAX922218,USR5601,SPT1655338,2023-01-08,47120.99
TAX922219,USR1524,SPT1439803,2023-06-15,11145.68
TAX922220,USR9808,SPT1794165,2023-09-16,37808.55
TAX922221,USR6573,SPT1257527,2022-07-17,42906.43
TAX922222,USR9843,SPT694740,2022-05-09,30968.63
TAX922223,USR9451,SPT619955,2023-03-31,23498.36
TAX922224,USR3745,SPT1442291,2022-07-29,37758.76
TAX922225,USR5527,SPT678532,2023-07-10,46422.61
TAX922226,USR4468,SPT448061,2022-04-05,31725.24
TAX922227,USR7883,SPT260848,2023-12-05,36408.71
TAX922228,USR8110,SPT976437,2022-12-11,23824.73
TAX922229,USR3382,SPT1616898,2023-02-23,7392.45
TAX922230,USR4496,SPT732789,2022-11-21,42723.32
TAX922231,USR1741,SPT230940,2023-05-02,16812.28
TAX922232,USR3522,SPT1219493,2023-05-25,27098.77
TAX922233,USR3725,SPT1410028,2022-09-09,18795.74
TAX922234,USR3202,SPT327686,2023-09-12,27617.81
TAX922235,USR3073,SPT1848235,2023-12-22,20952.46
TAX922236,USR9030,SPT733422,2022-10-11,47763.38
TAX922237,USR918,SPT981085,2023-11-01,32061.28
TAX922238,USR5320,SPT813874,2023-06-11,26531.43
TAX922239,USR2841,SPT675936,2022-09-24,13798.79
TAX922240,USR6510,SPT104510,2022-07-10,33872.18
TAX922241,USR9250,SPT373421,2022-07-06,42527.61
TAX922242,USR669,SPT1153300,2023-01-08,17656.9
TAX922243,USR5314,SPT452129,2022-07-22,9360.32
TAX922244,USR796,SPT92997,2023-10-13,8636.12
TAX922245,USR3599,SPT696681,2022-12-21,16321.44
TAX922246,USR1222,SPT1413334,2022-12-09,2657.96
TAX922247,USR4325,SPT1753960,2023-10-23,26522.58
TAX922248,USR482,SPT1065103,2022-11-29,14844.67
TAX922249,USR3598,SPT1842469,2022-09-01,18466.74
TAX922250,USR3349,SPT1119432,2022-06-27,34285.97
TAX922251,USR7007,SPT164904,2023-05-16,19538.52
TAX922252,USR1124,SPT936421,2022-12-19,44918.89
TAX922253,USR1520,SPT1912225,2022-07-05,6188.27
TAX922254,USR6691,SPT1082400,2022-12-14,23971.01
TAX922255,USR4473,SPT774854,2023-08-18,16009.2
TAX922256,USR4289,SPT1946258,2023-12-10,30828.62
TAX922257,USR9816,SPT466215,2024-01-28,23975.02
TAX922258,USR2962,SPT1205471,2023-07-24,11553.6
TAX922259,USR9306,SPT1459,2023-03-10,31662.18
TAX922260,USR8242,SPT730943,2023-03-11,6014.06
TAX922261,USR4588,SPT1139639,2022-04-27,31727.45
TAX922262,USR6861,SPT740606,2022-02-21,26227.38
TAX922263,USR3775,SPT1791595,2023-07-07,43782.67
TAX922264,USR5389,SPT277483,2023-01-30,14081.26
TAX922265,USR4816,SPT1040258,2022-10-17,49666.6
TAX922266,USR1739,SPT1196402,2022-11-26,22739.05
TAX922267,USR8810,SPT124075,2022-05-26,27572.68
TAX922268,USR3514,SPT463485,2024-01-30,32974.11
TAX922269,USR2636,SPT287704,2023-03-24,17863.14
TAX922270,USR9745,SPT1265380,2023-12-16,40507.05
TAX922271,USR7241,SPT406716,2022-08-22,46525.83
TAX922272,USR151,SPT1760799,2023-07-30,24303.46
TAX922273,USR2807,SPT1691235,2023-01-29,36628.84
TAX922274,USR8416,SPT331352,2022-06-01,44756.3
TAX922275,USR4093,SPT265448,2023-12-14,11935.51
TAX922276,USR8618,SPT693512,2023-06-18,8385.23
TAX922277,USR3790,SPT497682,2022-09-02,4518.56
TAX922278,USR3278,SPT870104,2023-06-22,40893.12
TAX922279,USR4584,SPT80839,2023-05-01,48120.44
TAX922280,USR8247,SPT365154,2023-03-04,23542.3
TAX922281,USR5481,SPT1613485,2022-10-24,40005.33
TAX922282,USR9228,SPT656299,2023-05-16,13341.58
TAX922283,USR8712,SPT1164478,2023-10-15,49008.1
TAX922284,USR7654,SPT669191,2022-07-31,37871.02
TAX922285,USR4497,SPT1977351,2023-02-25,23602.24
TAX922286,USR6276,SPT1496373,2022-11-07,6662.98
TAX922287,USR4507,SPT1587769,2022-08-22,4511.5
TAX922288,USR4535,SPT498557,2022-12-02,13773.72
TAX922289,USR616,SPT221385,2022-12-28,47799.52
TAX922290,USR6913,SPT1142058,2022-12-08,37018.43
TAX922291,USR7778,SPT999425,2023-05-18,7279.9
TAX922292,USR7585,SPT1981174,2023-07-17,13539.45
TAX922293,USR2449,SPT1359663,2024-01-08,6394.92
TAX922294,USR5078,SPT209266,2023-06-30,37412.4
TAX922295,USR2525,SPT769878,2023-08-26,6230.33
TAX922296,USR6826,SPT1780892,2023-02-26,9013.7
TAX922297,USR2793,SPT1851508,2022-09-21,20925.34
TAX922298,USR2405,SPT1619511,2023-09-03,42433.68
TAX922299,USR766,SPT582494,2022-08-31,34855.47
TAX922300,USR4430,SPT1231138,2023-01-30,19538.32
TAX922301,USR9859,SPT1152100,2022-09-13,38406.19
TAX922302,USR9144,SPT197034,2023-09-15,38853.44
TAX922303,USR5366,SPT408213,2022-06-19,36533.34
TAX922304,USR940,SPT71974,2023-12-05,46243.9
TAX922305,USR4416,SPT1622114,2022-05-21,28020.7
TAX922306,USR6905,SPT1043278,2022-06-09,6565.99
TAX922307,USR4646,SPT1682840,2022-10-09,5651.19
TAX922308,USR2867,SPT1786351,2023-02-27,38026.51
TAX922309,USR9591,SPT220045,2022-05-14,19170.71
TAX922310,USR2287,SPT8586,2023-10-03,44849.63
TAX922311,USR7602,SPT95881,2023-06-30,6703.72
TAX922312,USR5816,SPT1202216,2022-10-01,35627.66
TAX922313,USR1791,SPT1017740,2023-12-22,32135.34
TAX922314,USR4465,SPT59626,2023-05-12,37119.2
TAX922315,USR3268,SPT1516966,2023-02-02,4582.43
TAX922316,USR9221,SPT285605,2022-08-20,33710.39
TAX922317,USR2906,SPT1278718,2022-06-01,34757.45
TAX922318,USR7477,SPT1495073,2024-01-16,25404.53
TAX922319,USR9236,SPT1079348,2023-05-11,11453.75
TAX922320,USR5847,SPT1337491,2023-07-08,29161.7
TAX922321,USR6921,SPT1346257,2023-12-20,28185.51
TAX922322,USR5485,SPT1047333,2023-12-16,37900.7
TAX922323,USR8642,SPT1625611,2023-11-05,8023.73
TAX922324,USR342,SPT1809768,2022-04-06,1704.11
TAX922325,USR7112,SPT270273,2023-05-27,29777.12
TAX922326,USR9650,SPT922532,2023-11-15,38155.76
TAX922327,USR5919,SPT445858,2023-02-01,44862.87
TAX922328,USR699,SPT1337326,2022-05-27,11460.47
TAX922329,USR5647,SPT412844,2023-02-01,45645.46
TAX922330,USR4826,SPT802607,2023-04-21,32100.96
TAX922331,USR1649,SPT912243,2022-08-24,19042.09
TAX922332,USR3957,SPT632778,2022-04-09,49700.74
TAX922333,USR1197,SPT785997,2022-02-20,37733.9
TAX922334,USR8558,SPT1963720,2022-12-07,44164.64
TAX922335,USR2696,SPT532674,2022-03-07,42571.43
TAX922336,USR6770,SPT1058504,2023-06-11,6088.49
TAX922337,USR2700,SPT1003864,2023-02-20,14802.44
TAX922338,USR2159,SPT1343764,2022-04-20,14128.49
TAX922339,USR8114,SPT592551,2023-01-05,32094.13
TAX922340,USR7158,SPT1968462,2023-07-22,26260.59
TAX922341,USR4042,SPT487550,2023-11-22,13046.01
TAX922342,USR7754,SPT265734,2024-01-03,31543.78
TAX922343,USR8648,SPT1800349,2022-03-03,17527.71
TAX922344,USR2350,SPT1945277,2023-11-27,49568.22
TAX922345,USR5727,SPT528584,2023-05-08,12993.79
TAX922346,USR1048,SPT259413,2022-08-10,32702.0
TAX922347,USR3285,SPT93669,2022-09-15,13929.5
TAX922348,USR9908,SPT906268,2023-05-03,46441.52
TAX922349,USR2345,SPT833370,2023-08-31,8716.08
TAX922350,USR4145,SPT832831,2023-01-12,26198.42
TAX922351,USR6,SPT380870,2022-11-27,3193.48
TAX922352,USR6685,SPT165520,2023-08-16,38794.48
TAX922353,USR9880,SPT804485,2022-02-12,49941.57
TAX922354,USR6287,SPT995793,2022-06-26,40695.01
TAX922355,USR5485,SPT1918329,2023-04-30,16284.38
TAX922356,USR5522,SPT1988589,2023-06-19,33493.47
TAX922357,USR8834,SPT158837,2023-04-02,37964.94
TAX922358,USR3536,SPT1665982,2023-11-25,39912.17
TAX922359,USR852,SPT452814,2023-07-26,44089.16
TAX922360,USR3651,SPT358576,2022-07-03,36862.74
TAX922361,USR7499,SPT599285,2023-09-16,40889.58
TAX922362,USR6374,SPT136804,2022-10-26,9607.8
TAX922363,USR4782,SPT568695,2023-04-04,6700.02
TAX922364,USR1021,SPT396749,2022-11-30,40893.69
TAX922365,USR9313,SPT1794907,2023-02-11,28634.55
TAX922366,USR3450,SPT12610,2023-03-16,33669.28
TAX922367,USR5606,SPT639595,2023-09-19,19389.45
TAX922368,USR1327,SPT366090,2022-12-25,13302.76
TAX922369,USR4964,SPT795064,2023-11-25,18699.7
TAX922370,USR9182,SPT1603740,2023-11-11,27528.65
TAX922371,USR4331,SPT772303,2023-09-16,17345.2
TAX922372,USR8047,SPT264756,2023-07-13,21699.53
TAX922373,USR1591,SPT1117715,2024-01-11,2261.78
TAX922374,USR4541,SPT1954069,2023-04-17,24585.75
TAX922375,USR2725,SPT1205494,2023-02-10,18828.2
TAX922376,USR2459,SPT776542,2023-06-08,5950.19
TAX922377,USR3676,SPT920283,2023-12-26,39663.54
TAX922378,USR5565,SPT1480360,2023-11-04,4018.73
TAX922379,USR163,SPT376770,2022-10-06,39229.1
TAX922380,USR3593,SPT1047099,2023-05-17,20808.04
TAX922381,USR6978,SPT698747,2022-12-22,3845.27
TAX922382,USR1485,SPT720641,2022-10-30,49614.31
TAX922383,USR932,SPT414222,2022-02-09,18471.26
TAX922384,USR2140,SPT1319430,2023-06-08,8893.89
TAX922385,USR44,SPT1787979,2022-11-19,30232.34
TAX922386,USR4152,SPT1662634,2023-10-29,46134.64
TAX922387,USR9771,SPT1695158,2022-07-13,8105.96
TAX922388,USR9932,SPT123273,2022-04-23,30748.56
TAX922389,USR7217,SPT1480420,2023-12-21,22392.73
TAX922390,USR1260,SPT1398295,2022-11-05,19112.25
TAX922391,USR1647,SPT1626207,2022-05-19,5244.83
TAX922392,USR5999,SPT1317593,2022-11-28,16271.51
TAX922393,USR5252,SPT1866856,2023-07-11,31904.67
TAX922394,USR2782,SPT809144,2023-07-01,43678.72
TAX922395,USR9118,SPT1273164,2022-06-03,48251.9
TAX922396,USR1619,SPT1286682,2022-11-05,17723.13
TAX922397,USR3760,SPT1834465,2022-07-20,13066.5
TAX922398,USR7730,SPT1850861,2022-02-24,43404.35
TAX922399,USR8715,SPT703274,2023-02-07,34831.78
TAX922400,USR3785,SPT1867834,2022-03-30,49815.69
TAX922401,USR8037,SPT556812,2023-10-31,15709.31
TAX922402,USR1723,SPT1764620,2023-05-31,37153.26
TAX922403,USR3661,SPT167512,2022-10-19,9718.94
TAX922404,USR5745,SPT1246913,2024-01-22,49726.06
TAX922405,USR664,SPT292860,2022-02-15,42641.18
TAX922406,USR1565,SPT1608393,2022-04-26,20641.2
TAX922407,USR4226,SPT253436,2023-07-30,12025.74
TAX922408,USR7837,SPT272530,2023-08-31,29426.0
TAX922409,USR1721,SPT1988445,2023-11-12,12173.45
TAX922410,USR2821,SPT507688,2023-01-09,14586.41
TAX922411,USR6896,SPT810786,2023-05-05,1898.54
TAX922412,USR9232,SPT1386679,2022-06-08,4159.08
TAX922413,USR4549,SPT1390214,2023-07-01,40446.62
TAX922414,USR4332,SPT457927,2023-06-12,26955.48
TAX922415,USR4853,SPT1734658,2024-01-25,15022.78
TAX922416,USR6834,SPT1048697,2022-03-28,27204.2
TAX922417,USR6739,SPT1502421,2024-01-14,32719.2
TAX922418,USR2333,SPT197322,2024-01-15,37440.37
TAX922419,USR6191,SPT642190,2023-04-08,22757.81
TAX922420,USR7515,SPT874005,2022-11-12,48003.18
TAX922421,USR8416,SPT1911572,2023-04-27,35807.28
TAX922422,USR2045,SPT663116,2022-10-21,34265.74
TAX922423,USR2780,SPT416660,2022-10-04,19972.43
TAX922424,USR763,SPT187267,2023-02-13,39669.16
TAX922425,USR7136,SPT17450,2022-05-28,3230.5
TAX922426,USR3871,SPT1561523,2022-09-29,18405.87
TAX922427,USR7414,SPT13436,2022-06-19,11732.77
TAX922428,USR1730,SPT1537053,2023-05-27,5840.64
TAX922429,USR5699,SPT887717,2023-12-16,22049.6
TAX922430,USR2895,SPT281444,2022-09-25,7847.1
TAX922431,USR189,SPT98211,2023-09-27,45271.01
TAX922432,USR8181,SPT397629,2023-05-15,19278.49
TAX922433,USR4087,SPT1694928,2023-10-29,3218.71
TAX922434,USR66,SPT500796,2023-06-18,22493.37
TAX922435,USR1040,SPT315987,2022-05-15,48241.23
TAX922436,USR2003,SPT68279,2023-08-25,19163.38
TAX922437,USR4806,SPT888307,2024-01-01,37031.75
TAX922438,USR8208,SPT680096,2023-06-30,12869.25
TAX922439,USR4502,SPT781182,2022-02-28,18415.35
TAX922440,USR6469,SPT132491,2023-06-17,8655.77
TAX922441,USR1189,SPT1721237,2022-03-31,17703.8
TAX922442,USR7223,SPT774604,2024-01-19,15627.62
TAX922443,USR1198,SPT520810,2022-06-16,10438.52
TAX922444,USR768,SPT1142672,2022-09-28,45694.69
TAX922445,USR386,SPT1760604,2023-07-02,24098.78
TAX922446,USR122,SPT1417291,2023-03-17,47800.45
TAX922447,USR1855,SPT781093,2022-02-16,1290.35
TAX922448,USR7415,SPT1643237,2022-12-03,32788.34
TAX922449,USR2998,SPT1539312,2022-08-17,9314.33
TAX922450,USR3320,SPT988867,2023-07-19,43424.99
TAX922451,USR5176,SPT1727285,2022-11-12,15800.05
TAX922452,USR4029,SPT857890,2023-01-27,33856.22
TAX922453,USR8277,SPT779620,2022-11-23,43462.9
TAX922454,USR3333,SPT820536,2023-03-07,15342.24
TAX922455,USR9150,SPT1308527,2022-11-07,47624.66
TAX922456,USR1654,SPT1424912,2023-06-22,27809.32
TAX922457,USR4585,SPT1130137,2023-12-31,38150.86
TAX922458,USR1061,SPT1488673,2022-04-21,30026.77
TAX922459,USR3376,SPT1457624,2022-10-03,47605.83
TAX922460,USR329,SPT726693,2023-02-09,10117.25
TAX922461,USR9118,SPT1229990,2023-01-15,3028.9
TAX922462,USR2699,SPT759508,2022-06-29,13803.14
TAX922463,USR8933,SPT377194,2023-03-07,20858.78
TAX922464,USR6066,SPT973591,2022-08-05,15182.63
TAX922465,USR7877,SPT1905358,2022-08-10,27618.61
TAX922466,USR740,SPT1590427,2023-11-01,40518.3
TAX922467,USR3070,SPT1015273,2022-08-31,16298.35
TAX922468,USR9197,SPT1253840,2023-04-17,39411.13
TAX922469,USR2623,SPT1638902,2022-10-22,3762.27
TAX922470,USR5434,SPT768851,2022-02-27,3682.91
TAX922471,USR4800,SPT1543576,2022-12-12,46031.65
TAX922472,USR7444,SPT1017039,2022-02-26,14507.15
TAX922473,USR3011,SPT1523499,2022-07-04,5678.23
TAX922474,USR4852,SPT484393,2023-10-25,45515.3
TAX922475,USR5055,SPT618734,2023-11-29,27167.42
TAX922476,USR9892,SPT956533,2023-12-02,10926.66
TAX922477,USR7300,SPT925002,2022-11-08,11349.76
TAX922478,USR524,SPT1851027,2024-01-04,8666.71
TAX922479,USR2427,SPT941428,2023-01-09,4153.37
TAX922480,USR9087,SPT252762,2023-01-16,35001.44
TAX922481,USR9926,SPT972171,2023-03-28,28187.04
TAX922482,USR7812,SPT420097,2022-08-13,13328.09
TAX922483,USR2994,SPT176476,2022-08-12,45046.69
TAX922484,USR9587,SPT748205,2023-06-26,9726.56
TAX922485,USR1884,SPT1530892,2023-01-01,14297.13
TAX922486,USR4686,SPT1252546,2023-03-20,37723.38
TAX922487,USR3034,SPT1761520,2022-02-25,6957.17
TAX922488,USR3334,SPT1581523,2022-08-15,9417.23
TAX922489,USR9765,SPT650718,2023-03-17,25375.45
TAX922490,USR1569,SPT1835310,2023-01-04,18496.58
TAX922491,USR6733,SPT585673,2023-08-11,38984.52
TAX922492,USR9369,SPT1838973,2024-01-29,47233.63
TAX922493,USR902,SPT1785169,2023-09-06,46797.6
TAX922494,USR6250,SPT1326000,2023-08-29,8018.74
TAX922495,USR8222,SPT290559,2023-04-02,20285.69
TAX922496,USR5945,SPT1246047,2023-04-26,32984.44
TAX922497,USR4171,SPT1098635,2022-06-03,43912.08
TAX922498,USR4053,SPT1243213,2024-02-09,20664.2
TAX922499,USR7473,SPT1660668,2023-06-09,20819.13
TAX922500,USR8180,SPT112406,2023-03-26,28829.5
TAX922501,USR7472,SPT1207497,2023-12-11,34400.54
TAX922502,USR6552,SPT184659,2023-07-27,36548.75
TAX922503,USR1011,SPT1727687,2022-11-05,44299.75
TAX922504,USR8174,SPT1530682,2022-07-12,7625.38
TAX922505,USR7821,SPT1725777,2023-09-11,29333.16
TAX922506,USR9944,SPT1947903,2022-07-30,44762.14
TAX922507,USR8786,SPT1064029,2023-08-08,9825.66
TAX922508,USR6655,SPT155804,2022-10-20,34216.47
TAX922509,USR2736,SPT114018,2023-12-02,14427.72
TAX922510,USR8014,SPT1975270,2023-09-12,45850.83
TAX922511,USR6651,SPT1833034,2024-01-12,19177.81
TAX922512,USR8394,SPT1416917,2022-03-31,10008.81
TAX922513,USR6673,SPT719302,2023-02-17,9141.82
TAX922514,USR450,SPT367534,2022-08-24,14257.18
TAX922515,USR3752,SPT1489970,2023-12-29,14051.1
TAX922516,USR3364,SPT1572611,2023-02-22,48085.96
TAX922517,USR1688,SPT168538,2023-08-22,13803.98
TAX922518,USR6072,SPT1673270,2022-09-13,20162.69
TAX922519,USR8098,SPT579257,2022-03-24,4901.2
TAX922520,USR436,SPT1325703,2022-03-26,40596.29
TAX922521,USR9934,SPT1465488,2023-11-06,22995.14
TAX922522,USR6289,SPT792057,2023-02-11,10983.2
TAX922523,USR9960,SPT19171,2023-06-07,41187.29
TAX922524,USR6440,SPT1974552,2023-03-25,35921.46
TAX922525,USR7216,SPT1452446,2022-09-21,12363.8
TAX922526,USR1247,SPT950904,2022-10-11,49463.86
TAX922527,USR7710,SPT1151206,2022-12-18,20904.74
TAX922528,USR8432,SPT1259298,2022-06-29,7410.65
TAX922529,USR6959,SPT139841,2023-07-19,30948.78
TAX922530,USR9652,SPT1289004,2023-10-12,12460.91
TAX922531,USR410,SPT1326015,2022-12-31,46605.95
TAX922532,USR4967,SPT1002685,2023-11-29,30237.11
TAX922533,USR7691,SPT1976578,2023-05-16,30067.19
TAX922534,USR4180,SPT555265,2023-02-08,41470.36
TAX922535,USR7298,SPT806097,2023-11-23,3833.5
TAX922536,USR5814,SPT320962,2022-03-06,34506.73
TAX922537,USR6407,SPT1145079,2023-09-28,48225.29
TAX922538,USR7596,SPT1074476,2023-11-19,1934.84
TAX922539,USR9433,SPT1366838,2023-05-30,26128.43
TAX922540,USR1859,SPT596485,2022-11-10,46245.88
TAX922541,USR6669,SPT809602,2022-12-21,30836.03
TAX922542,USR6655,SPT278203,2023-05-19,48717.65
TAX922543,USR1899,SPT1725317,2022-12-07,30072.51
TAX922544,USR7351,SPT1297149,2023-01-04,45051.89
TAX922545,USR3015,SPT680146,2022-10-21,42302.69
TAX922546,USR3745,SPT1915647,2022-03-04,38610.94
TAX922547,USR9650,SPT187062,2024-01-23,46921.83
TAX922548,USR1680,SPT1505373,2022-04-13,11691.73
TAX922549,USR8641,SPT738482,2022-10-28,29876.17
TAX922550,USR6713,SPT688608,2023-04-03,39036.71
TAX922551,USR2190,SPT98485,2023-08-02,20138.7
TAX922552,USR4526,SPT1187073,2022-11-16,31062.7
TAX922553,USR6643,SPT1010221,2023-03-03,37262.91
TAX922554,USR1081,SPT1080489,2023-10-22,23449.19
TAX922555,USR8725,SPT1980172,2022-07-04,17757.68
TAX922556,USR4601,SPT1829902,2023-11-18,19392.16
TAX922557,USR1978,SPT754467,2022-08-25,47610.39
TAX922558,USR4171,SPT451271,2022-07-09,34914.62
TAX922559,USR7739,SPT1352158,2023-01-14,23008.01
TAX922560,USR6123,SPT1368313,2022-04-13,13144.03
TAX922561,USR6384,SPT1186468,2022-09-22,22912.24
TAX922562,USR4429,SPT1971708,2023-01-26,41749.26
TAX922563,USR6672,SPT765061,2022-09-19,29449.03
TAX922564,USR251,SPT1737617,2022-04-30,1128.45
TAX922565,USR4931,SPT1542136,2022-08-01,30004.39
TAX922566,USR197,SPT1370844,2022-05-31,12672.95
TAX922567,USR4126,SPT1720568,2022-06-10,15228.17
TAX922568,USR9492,SPT324448,2023-07-20,41299.4
TAX922569,USR2894,SPT801820,2023-02-11,34539.04
TAX922570,USR9866,SPT317546,2022-05-31,7301.91
TAX922571,USR3011,SPT1315433,2022-07-04,39887.34
TAX922572,USR4819,SPT1086063,2022-05-21,22018.14
TAX922573,USR7734,SPT684882,2023-03-26,34906.78
TAX922574,USR7129,SPT1612268,2023-11-01,22115.96
TAX922575,USR9023,SPT654257,2022-12-22,44303.3
TAX922576,USR9012,SPT462018,2022-05-11,12029.05
TAX922577,USR2064,SPT119239,2023-06-10,16623.12
TAX922578,USR5977,SPT820109,2022-04-28,37955.31
TAX922579,USR9141,SPT883740,2022-09-17,12896.06
TAX922580,USR8912,SPT1265263,2022-09-05,31200.79
TAX922581,USR601,SPT62616,2022-04-01,24803.67
TAX922582,USR7711,SPT527793,2022-10-28,1972.58
TAX922583,USR9536,SPT796299,2023-03-24,21981.24
TAX922584,USR3078,SPT1972192,2023-02-14,24946.5
TAX922585,USR9509,SPT307326,2023-06-12,45802.75
TAX922586,USR9731,SPT737289,2022-11-22,48033.07
TAX922587,USR7986,SPT513368,2023-03-22,5689.9
TAX922588,USR942,SPT1739596,2022-03-30,33328.0
TAX922589,USR1891,SPT453834,2023-02-16,45861.05
TAX922590,USR6389,SPT523618,2022-08-07,43115.63
TAX922591,USR9456,SPT1176545,2023-01-22,13936.11
TAX922592,USR6958,SPT1274800,2022-10-01,2997.36
TAX922593,USR7856,SPT565307,2023-02-13,16683.14
TAX922594,USR4566,SPT1787116,2023-11-29,43295.75
TAX922595,USR9603,SPT469786,2022-02-16,28247.41
TAX922596,USR6129,SPT1355221,2023-11-03,27658.54
TAX922597,USR9767,SPT853794,2022-02-24,24735.66
TAX922598,USR8627,SPT1518499,2022-11-10,3545.74
TAX922599,USR6139,SPT383338,2023-09-17,23061.1
TAX922600,USR1950,SPT611410,2023-03-11,28373.01
TAX922601,USR3856,SPT1771109,2022-09-13,13713.13
TAX922602,USR1827,SPT712231,2023-10-26,44270.53
TAX922603,USR9747,SPT1335751,2022-10-26,26556.69
TAX922604,USR7274,SPT1597270,2022-06-07,26159.84
TAX922605,USR5449,SPT24166,2022-11-11,2977.31
TAX922606,USR4794,SPT1496281,2023-11-22,34378.29
TAX922607,USR2647,SPT1263338,2023-09-11,6769.44
TAX922608,USR1182,SPT1974005,2022-06-08,5697.93
TAX922609,USR3353,SPT1489383,2022-04-01,36607.4
TAX922610,USR5417,SPT1345946,2023-09-07,40845.28
TAX922611,USR6543,SPT417706,2023-06-11,10932.3
TAX922612,USR2745,SPT1572315,2023-12-13,35129.52
TAX922613,USR8367,SPT1361458,2023-08-27,23618.89
TAX922614,USR6595,SPT1048485,2022-09-12,48915.09
TAX922615,USR1445,SPT856326,2023-12-20,33707.85
TAX922616,USR1795,SPT950486,2022-09-12,13409.98
TAX922617,USR1560,SPT1196279,2022-04-18,21296.15
TAX922618,USR8077,SPT355161,2023-11-12,38283.83
TAX922619,USR5321,SPT186611,2022-08-17,16106.41
TAX922620,USR9787,SPT698357,2022-07-16,4906.68
TAX922621,USR276,SPT100744,2022-05-23,15583.59
TAX922622,USR8134,SPT203150,2022-12-23,26195.52
TAX922623,USR2082,SPT485477,2023-06-14,12534.4
TAX922624,USR83,SPT403520,2023-06-08,3423.4
TAX922625,USR3970,SPT1354076,2022-11-25,39367.83
TAX922626,USR4419,SPT1202376,2024-01-24,29657.23
TAX922627,USR1614,SPT866509,2023-03-23,41402.36
TAX922628,USR9140,SPT1397246,2023-08-24,20817.11
TAX922629,USR3058,SPT778178,2023-02-19,16490.56
TAX922630,USR2517,SPT310027,2022-11-23,19857.48
TAX922631,USR1389,SPT579181,2022-07-02,47429.94
TAX922632,USR1073,SPT887166,2022-08-29,34249.67
TAX922633,USR1407,SPT1458922,2022-05-03,6816.67
TAX922634,USR3330,SPT196928,2023-10-05,36796.13
TAX922635,USR1510,SPT1203494,2023-08-10,13007.71
TAX922636,USR2785,SPT1442063,2023-04-23,43174.76
TAX922637,USR1666,SPT223646,2023-01-23,7012.25
TAX922638,USR6066,SPT1779358,2023-03-14,23413.6
TAX922639,USR4144,SPT1288251,2023-02-22,12897.5
TAX922640,USR1948,SPT1452498,2023-02-19,18429.29
TAX922641,USR719,SPT295555,2023-03-10,11884.92
TAX922642,USR7780,SPT114184,2022-02-19,4423.93
TAX922643,USR3467,SPT1370961,2022-03-01,23960.31
TAX922644,USR361,SPT1374841,2022-12-03,13190.17
TAX922645,USR1345,SPT1675701,2024-01-25,2029.5
TAX922646,USR8136,SPT509758,2022-08-18,20366.36
TAX922647,USR7338,SPT1595922,2022-04-05,32568.1
TAX922648,USR7931,SPT449996,2023-10-31,11171.42
TAX922649,USR9611,SPT1898260,2022-08-29,6183.81
TAX922650,USR3790,SPT1889483,2022-09-11,25477.78
TAX922651,USR8154,SPT1441339,2022-12-13,48901.32
TAX922652,USR1154,SPT63084,2023-10-31,32863.62
TAX922653,USR722,SPT297173,2022-02-21,42459.01
TAX922654,USR5397,SPT1432533,2022-04-05,42343.21
TAX922655,USR2664,SPT292048,2022-12-03,46619.72
TAX922656,USR2577,SPT393805,2022-07-29,27026.15
TAX922657,USR4963,SPT1418761,2022-02-24,41720.15
TAX922658,USR5309,SPT747482,2022-02-23,28199.0
TAX922659,USR3745,SPT1652340,2023-06-06,5776.13
TAX922660,USR2447,SPT288959,2023-07-24,14618.01
TAX922661,USR9798,SPT194691,2022-05-13,12360.44
TAX922662,USR6927,SPT624132,2022-05-24,44608.57
TAX922663,USR1147,SPT1392625,2023-06-09,46241.79
TAX922664,USR3266,SPT899868,2022-03-14,38266.49
TAX922665,USR495,SPT1347521,2022-05-13,48284.8
TAX922666,USR116,SPT60912,2023-08-20,21941.34
TAX922667,USR6290,SPT482575,2023-10-03,13806.22
TAX922668,USR4224,SPT1327039,2022-04-29,7448.4
TAX922669,USR325,SPT460187,2022-08-16,2805.63
TAX922670,USR1933,SPT98046,2023-04-20,9942.55
TAX922671,USR7628,SPT1308451,2022-10-23,14788.57
TAX922672,USR223,SPT1523691,2022-10-28,27682.63
TAX922673,USR3195,SPT1550739,2023-04-19,38668.18
TAX922674,USR3642,SPT1707221,2022-05-10,45862.22
TAX922675,USR5579,SPT229556,2022-05-25,40732.57
TAX922676,USR2181,SPT1508167,2022-12-26,43434.58
TAX922677,USR2286,SPT320755,2023-12-02,9421.82
TAX922678,USR2617,SPT1244944,2024-02-05,8145.04
TAX922679,USR9743,SPT1964338,2022-08-23,38115.44
TAX922680,USR1269,SPT1145280,2023-12-28,26993.24
TAX922681,USR8657,SPT1266141,2023-09-12,7815.08
TAX922682,USR3575,SPT1519689,2023-08-09,46992.55
TAX922683,USR6488,SPT278190,2023-06-12,4420.95
TAX922684,USR8373,SPT1741060,2023-09-06,29589.28
TAX922685,USR7829,SPT1574100,2022-08-02,35178.98
TAX922686,USR6323,SPT1715218,2023-12-22,19489.56
TAX922687,USR5145,SPT1941493,2023-02-22,32241.9
TAX922688,USR7348,SPT1295950,2024-02-01,36092.32
TAX922689,USR8105,SPT110481,2024-01-25,33659.1
TAX922690,USR1555,SPT473469,2023-09-22,9033.41
TAX922691,USR6023,SPT1632394,2023-04-15,49797.83
TAX922692,USR3399,SPT576934,2022-06-23,16173.91
TAX922693,USR723,SPT618258,2022-11-05,43610.97
TAX922694,USR2142,SPT1973941,2023-04-16,16287.12
TAX922695,USR1637,SPT1840358,2023-08-04,6508.96
TAX922696,USR4,SPT1456484,2022-06-21,30576.31
TAX922697,USR3040,SPT90236,2022-03-08,24846.87
TAX922698,USR2979,SPT320409,2022-10-21,43122.82
TAX922699,USR8254,SPT305316,2022-08-16,44047.81
TAX922700,USR9386,SPT1437250,2022-02-23,18926.48
TAX922701,USR5746,SPT338170,2022-05-31,48561.53
TAX922702,USR9638,SPT1553472,2023-04-26,6960.87
TAX922703,USR9814,SPT365992,2022-11-15,1653.33
TAX922704,USR7020,SPT1129314,2022-09-29,11990.0
TAX922705,USR1704,SPT1809720,2022-03-19,49827.96
TAX922706,USR3093,SPT341771,2023-03-08,38803.1
TAX922707,USR4011,SPT362421,2022-02-10,20228.49
TAX922708,USR9575,SPT1322875,2022-08-22,41470.66
TAX922709,USR3349,SPT586537,2023-05-04,25649.35
TAX922710,USR886,SPT825342,2023-06-23,23214.29
TAX922711,USR7514,SPT378885,2022-05-17,48342.86
TAX922712,USR4341,SPT1163159,2022-06-06,35809.18
TAX922713,USR7696,SPT1102158,2023-12-19,8536.43
TAX922714,USR2466,SPT1152087,2022-03-30,22971.54
TAX922715,USR2776,SPT1611884,2023-05-28,49419.24
TAX922716,USR1568,SPT1113325,2023-03-27,4302.34
TAX922717,USR1225,SPT335739,2022-09-05,36948.08
TAX922718,USR2881,SPT1229519,2023-11-09,16078.57
TAX922719,USR3798,SPT133335,2022-07-09,18406.68
TAX922720,USR8478,SPT409653,2024-01-01,48210.71
TAX922721,USR3630,SPT1971755,2022-08-12,31926.59
TAX922722,USR7646,SPT1412512,2022-12-26,16693.19
TAX922723,USR1127,SPT278053,2024-01-26,30146.53
TAX922724,USR8654,SPT1424087,2022-04-22,31071.47
TAX922725,USR7001,SPT1392379,2022-05-03,40777.45
TAX922726,USR7158,SPT1757756,2022-06-10,19087.58
TAX922727,USR5372,SPT1213314,2023-07-07,41004.57
TAX922728,USR3255,SPT13679,2023-01-04,5981.0
TAX922729,USR4501,SPT1355771,2023-04-10,18600.86
TAX922730,USR572,SPT1950856,2023-09-17,8422.38
TAX922731,USR1839,SPT179928,2023-01-10,12363.93
TAX922732,USR7666,SPT418775,2023-11-29,16590.08
TAX922733,USR4314,SPT797276,2022-08-19,4100.65
TAX922734,USR5089,SPT775379,2022-04-19,1614.4
TAX922735,USR9430,SPT1970825,2023-11-19,6750.55
TAX922736,USR6261,SPT1860221,2023-07-02,3153.06
TAX922737,USR1470,SPT931057,2023-10-28,14644.01
TAX922738,USR8499,SPT1387145,2022-11-18,36413.29
TAX922739,USR2638,SPT43261,2022-06-04,9694.0
TAX922740,USR6438,SPT696964,2023-03-10,39905.26
TAX922741,USR6630,SPT531008,2023-09-27,17807.68
TAX922742,USR350,SPT568373,2023-09-13,10013.84
TAX922743,USR999,SPT1048648,2022-04-11,5801.59
TAX922744,USR6882,SPT1269149,2023-03-14,1821.39
TAX922745,USR4112,SPT909309,2022-10-08,18218.31
TAX922746,USR5096,SPT70506,2023-05-22,21322.15
TAX922747,USR4423,SPT1765414,2023-01-09,25420.93
TAX922748,USR7262,SPT1973873,2022-07-11,22044.4
TAX922749,USR4243,SPT1912598,2023-12-14,4489.48
TAX922750,USR4969,SPT1303822,2023-01-03,10441.91
TAX922751,USR9021,SPT134262,2022-10-08,8494.39
TAX922752,USR6449,SPT802992,2023-04-19,34232.49
TAX922753,USR6066,SPT1839292,2022-08-04,23090.26
TAX922754,USR49,SPT225080,2022-07-24,46686.17
TAX922755,USR9988,SPT457370,2023-05-08,21737.58
TAX922756,USR7153,SPT1858720,2023-04-17,9472.07
TAX922757,USR6423,SPT634741,2024-02-08,41128.93
TAX922758,USR6933,SPT812375,2023-11-05,29295.53
TAX922759,USR7871,SPT1817956,2023-10-01,5687.66
TAX922760,USR7678,SPT1366164,2023-05-08,24250.25
TAX922761,USR1176,SPT288493,2023-04-10,5416.83
TAX922762,USR4541,SPT425352,2022-10-13,17797.76
TAX922763,USR5904,SPT1676223,2022-08-01,35786.8
TAX922764,USR2828,SPT532846,2023-07-12,16445.66
TAX922765,USR3241,SPT1856727,2022-11-26,4815.67
TAX922766,USR9862,SPT245684,2024-01-22,23547.02
TAX922767,USR1634,SPT612560,2022-02-13,40539.57
TAX922768,USR9483,SPT1764746,2022-12-20,49853.08
TAX922769,USR1513,SPT7244,2022-12-20,49038.23
TAX922770,USR6392,SPT556088,2022-08-07,36857.97
TAX922771,USR6096,SPT1295679,2022-04-18,12257.73
TAX922772,USR3684,SPT1783254,2023-12-18,26290.53
TAX922773,USR3172,SPT112880,2022-04-14,41903.42
TAX922774,USR5168,SPT650614,2023-02-11,37088.47
TAX922775,USR671,SPT1374697,2022-05-03,23490.27
TAX922776,USR1015,SPT253857,2022-12-23,13808.3
TAX922777,USR8343,SPT217571,2023-11-18,20651.87
TAX922778,USR8051,SPT1344300,2022-11-04,41041.58
TAX922779,USR3058,SPT781002,2023-09-26,43388.5
TAX922780,USR3054,SPT168010,2022-02-11,39226.18
TAX922781,USR2816,SPT854221,2024-01-21,41749.36
TAX922782,USR7125,SPT323946,2024-02-07,24917.68
TAX922783,USR2157,SPT193495,2022-08-29,22707.31
TAX922784,USR8470,SPT1302580,2022-11-27,21062.8
TAX922785,USR8768,SPT1441803,2023-04-26,46513.85
TAX922786,USR6680,SPT866093,2023-06-23,26507.38
TAX922787,USR6399,SPT1960266,2023-12-20,28302.97
TAX922788,USR1835,SPT341707,2022-08-01,32517.88
TAX922789,USR2099,SPT958158,2023-12-16,10888.19
TAX922790,USR3505,SPT361442,2022-12-28,9245.09
TAX922791,USR7806,SPT57700,2023-09-15,23469.51
TAX922792,USR4610,SPT341193,2023-08-30,13562.14
TAX922793,USR8875,SPT739148,2023-07-08,28152.01
TAX922794,USR2733,SPT746622,2022-07-24,5492.23
TAX922795,USR6533,SPT579432,2023-06-29,6264.59
TAX922796,USR1516,SPT1210878,2023-06-13,30288.18
TAX922797,USR6517,SPT344624,2023-02-09,28302.18
TAX922798,USR7792,SPT499070,2022-06-29,1310.29
TAX922799,USR238,SPT1830150,2022-06-19,6420.11
TAX922800,USR546,SPT1336854,2023-11-05,45121.51
TAX922801,USR4137,SPT1030259,2023-06-26,47083.49
TAX922802,USR7828,SPT297791,2022-06-04,45028.08
TAX922803,USR4951,SPT919791,2023-08-29,13215.73
TAX922804,USR480,SPT271636,2022-10-10,47335.3
TAX922805,USR9803,SPT375127,2022-07-02,37462.28
TAX922806,USR7421,SPT118178,2022-05-09,18097.4
TAX922807,USR2452,SPT1492266,2022-06-24,19899.44
TAX922808,USR1721,SPT451734,2023-12-17,16920.01
TAX922809,USR246,SPT1668260,2023-01-09,20552.8
TAX922810,USR7705,SPT116850,2022-10-20,10613.93
TAX922811,USR4303,SPT1191050,2024-01-07,38899.36
TAX922812,USR2614,SPT1920995,2022-12-10,33120.63
TAX922813,USR3832,SPT1150819,2023-11-11,17964.64
TAX922814,USR8790,SPT1065841,2023-11-27,25095.64
TAX922815,USR2597,SPT83186,2023-07-11,30495.0
TAX922816,USR7367,SPT253405,2022-12-19,1537.69
TAX922817,USR8226,SPT959660,2022-11-12,23507.97
TAX922818,USR6890,SPT1305340,2022-04-28,29653.78
TAX922819,USR7412,SPT1519841,2022-03-03,5080.65
TAX922820,USR4432,SPT406535,2022-09-10,15516.71
TAX922821,USR2406,SPT1364786,2023-03-29,10173.01
TAX922822,USR3788,SPT1659641,2023-04-08,8803.66
TAX922823,USR3478,SPT1895397,2023-03-19,5931.21
TAX922824,USR2425,SPT65962,2024-01-31,13696.73
TAX922825,USR6092,SPT1986792,2023-03-23,40680.02
TAX922826,USR9305,SPT348528,2024-01-08,1720.21
TAX922827,USR9405,SPT654594,2022-12-13,28627.38
TAX922828,USR4489,SPT364999,2023-06-08,33579.26
TAX922829,USR1346,SPT123689,2022-07-04,1949.39
TAX922830,USR9537,SPT1109576,2022-10-13,49850.38
TAX922831,USR6886,SPT1540817,2022-06-30,4491.63
TAX922832,USR7980,SPT555441,2023-09-12,41852.68
TAX922833,USR2294,SPT1797439,2022-09-17,29713.66
TAX922834,USR404,SPT333431,2022-05-07,5808.59
TAX922835,USR475,SPT1689784,2022-05-29,15086.48
TAX922836,USR4194,SPT906858,2022-08-18,24397.63
TAX922837,USR2392,SPT1552221,2022-10-28,45778.51
TAX922838,USR6709,SPT1002764,2023-07-27,21850.99
TAX922839,USR1802,SPT389842,2022-12-31,17803.79
TAX922840,USR8711,SPT270929,2023-01-07,2800.32
TAX922841,USR5551,SPT1367061,2022-04-05,37885.47
TAX922842,USR4001,SPT142635,2023-12-22,34321.87
TAX922843,USR9272,SPT420636,2023-02-21,19396.1
TAX922844,USR2549,SPT941819,2023-12-02,1973.86
TAX922845,USR6515,SPT168932,2022-11-21,31307.96
TAX922846,USR7646,SPT169798,2022-03-22,1896.26
TAX922847,USR6072,SPT1418720,2023-02-07,49916.27
TAX922848,USR5805,SPT1223208,2022-04-01,10496.35
TAX922849,USR7734,SPT836186,2022-08-04,14302.03
TAX922850,USR5324,SPT583940,2022-05-22,13882.1
TAX922851,USR8820,SPT1638819,2022-08-23,29601.46
TAX922852,USR2058,SPT340030,2023-10-09,12397.9
TAX922853,USR3248,SPT447569,2022-09-23,42117.63
TAX922854,USR5045,SPT1899746,2024-01-18,13287.23
TAX922855,USR5510,SPT1306849,2023-08-06,13951.17
TAX922856,USR7372,SPT224821,2024-01-13,38160.67
TAX922857,USR8636,SPT1327829,2023-01-15,36859.56
TAX922858,USR6026,SPT579003,2022-11-14,32778.49
TAX922859,USR1543,SPT1709533,2023-01-29,9433.06
TAX922860,USR9609,SPT1188022,2023-11-22,36038.01
TAX922861,USR7775,SPT333755,2023-12-27,21961.56
TAX922862,USR1881,SPT1334596,2023-08-30,48403.28
TAX922863,USR6100,SPT3658,2023-12-01,43183.78
TAX922864,USR2596,SPT503174,2022-06-17,45791.22
TAX922865,USR1694,SPT700843,2023-01-06,24336.43
TAX922866,USR8437,SPT1093086,2022-11-02,22855.26
TAX922867,USR8753,SPT300620,2023-06-10,45472.44
TAX922868,USR5161,SPT99174,2022-06-12,42302.38
TAX922869,USR2196,SPT1805297,2022-09-13,13221.92
TAX922870,USR8972,SPT1379777,2022-04-04,15499.46
TAX922871,USR4460,SPT1983684,2023-06-05,25945.17
TAX922872,USR2328,SPT60077,2023-06-14,5147.54
TAX922873,USR1565,SPT137825,2023-09-28,16906.38
TAX922874,USR1462,SPT316170,2022-06-08,14651.97
TAX922875,USR1411,SPT347222,2023-03-03,12225.05
TAX922876,USR2605,SPT1852696,2022-09-21,24489.13
TAX922877,USR8355,SPT908769,2023-01-18,34978.85
TAX922878,USR9030,SPT1955773,2023-05-19,29699.56
TAX922879,USR9883,SPT433589,2022-11-27,22113.81
TAX922880,USR4708,SPT293874,2022-10-06,45110.82
TAX922881,USR1976,SPT944060,2023-03-15,3433.68
TAX922882,USR7879,SPT668083,2022-05-07,14649.83
TAX922883,USR1235,SPT608212,2023-09-23,42093.03
TAX922884,USR2491,SPT905435,2023-04-02,21589.65
TAX922885,USR7552,SPT637228,2022-06-12,36126.89
TAX922886,USR3178,SPT332563,2022-07-24,36453.81
TAX922887,USR1302,SPT3364,2023-10-23,34174.14
TAX922888,USR8439,SPT1333038,2022-10-03,48275.69
TAX922889,USR9435,SPT604874,2022-09-06,1576.28
TAX922890,USR4315,SPT1843715,2023-05-20,10985.63
TAX922891,USR3099,SPT169372,2022-05-26,46789.7
TAX922892,USR258,SPT524435,2023-02-01,28535.09
TAX922893,USR6440,SPT1692634,2023-06-15,19162.94
TAX922894,USR6158,SPT1637139,2023-05-23,6749.42
TAX922895,USR4450,SPT1244490,2023-08-02,16283.49
TAX922896,USR3337,SPT930094,2023-12-09,23067.76
TAX922897,USR8947,SPT966210,2023-06-07,46253.34
TAX922898,USR2087,SPT886992,2023-12-18,42413.29
TAX922899,USR7257,SPT235263,2023-01-18,37872.26
TAX922900,USR3952,SPT1591773,2022-06-10,40204.98
TAX922901,USR9324,SPT130845,2022-08-07,13891.16
TAX922902,USR9588,SPT1108646,2022-07-02,17458.27
TAX922903,USR9066,SPT1178034,2022-08-02,17143.92
TAX922904,USR4003,SPT613236,2023-05-21,3384.49
TAX922905,USR5612,SPT724123,2023-02-06,8708.42
TAX922906,USR361,SPT1354082,2023-02-19,19661.33
TAX922907,USR9381,SPT1174027,2023-09-19,6468.9
TAX922908,USR8286,SPT1674426,2023-09-20,9419.3
TAX922909,USR3390,SPT571738,2022-10-21,19447.54
TAX922910,USR5454,SPT1166562,2022-04-06,5563.89
TAX922911,USR7354,SPT1719284,2022-04-11,35135.55
TAX922912,USR3423,SPT939120,2022-05-21,2148.69
TAX922913,USR2831,SPT1209306,2022-05-24,38424.76
TAX922914,USR4019,SPT1771200,2022-03-02,34515.62
TAX922915,USR5616,SPT1577494,2022-07-25,31421.06
TAX922916,USR1008,SPT125480,2024-02-08,31434.65
TAX922917,USR6536,SPT1952550,2023-12-02,29487.64
TAX922918,USR9755,SPT1593159,2022-12-10,22796.92
TAX922919,USR1733,SPT648497,2022-05-19,32302.1
TAX922920,USR1271,SPT1060754,2022-05-29,23434.99
TAX922921,USR60,SPT748438,2022-03-21,1968.31
TAX922922,USR8281,SPT1956664,2022-12-18,14986.09
TAX922923,USR3383,SPT1743599,2023-12-28,23252.15
TAX922924,USR9542,SPT961145,2022-10-04,11434.89
TAX922925,USR8799,SPT912856,2023-10-02,32662.42
TAX922926,USR859,SPT747553,2023-08-15,5643.33
TAX922927,USR7412,SPT1160236,2022-06-17,3408.67
TAX922928,USR88,SPT921583,2023-08-31,1124.66
TAX922929,USR9514,SPT1820322,2023-02-20,28656.53
TAX922930,USR1004,SPT1544713,2022-06-02,13301.52
TAX922931,USR964,SPT1148130,2023-04-30,21610.49
TAX922932,USR5945,SPT518968,2022-05-30,39167.5
TAX922933,USR8718,SPT977217,2023-05-11,32451.09
TAX922934,USR8349,SPT1340443,2023-03-05,11549.53
TAX922935,USR2160,SPT429338,2022-08-09,35056.75
TAX922936,USR6387,SPT1531858,2023-03-29,23414.11
TAX922937,USR1673,SPT1560718,2022-11-04,10517.96
TAX922938,USR8457,SPT1731214,2023-07-21,5644.33
TAX922939,USR6184,SPT1205898,2023-08-06,23190.43
TAX922940,USR8880,SPT1541386,2024-01-18,12245.01
TAX922941,USR6682,SPT1745951,2022-07-12,12658.98
TAX922942,USR3096,SPT1147140,2022-07-01,2043.42
TAX922943,USR7549,SPT1381066,2023-04-19,23547.87
TAX922944,USR2188,SPT1714757,2023-10-28,24411.16
TAX922945,USR3946,SPT1763285,2022-03-29,6194.7
TAX922946,USR2156,SPT670904,2022-02-28,4748.79
TAX922947,USR6084,SPT207373,2023-01-29,23331.46
TAX922948,USR6128,SPT156586,2023-04-18,35929.89
TAX922949,USR4465,SPT1621708,2022-02-26,25239.48
TAX922950,USR1840,SPT1777965,2022-09-27,47561.63
TAX922951,USR5000,SPT1376363,2022-06-10,10392.17
TAX922952,USR9857,SPT169194,2022-04-22,20761.41
TAX922953,USR5617,SPT297190,2024-01-10,1111.56
TAX922954,USR1529,SPT569184,2024-01-10,26678.81
TAX922955,USR6225,SPT642331,2022-05-21,36616.84
TAX922956,USR7426,SPT778226,2022-12-17,30086.79
TAX922957,USR9802,SPT1137141,2023-02-24,7401.24
TAX922958,USR7016,SPT970204,2022-08-14,9870.56
TAX922959,USR8241,SPT1459057,2023-12-24,15025.86
TAX922960,USR3223,SPT821879,2023-06-11,23102.45
TAX922961,USR9227,SPT174145,2022-04-30,21132.51
TAX922962,USR2432,SPT1857160,2023-09-27,25580.45
TAX922963,USR5545,SPT496878,2022-12-20,41992.92
TAX922964,USR9313,SPT1799782,2023-08-25,28404.01
TAX922965,USR8324,SPT1241294,2022-04-01,25382.48
TAX922966,USR5332,SPT516869,2023-10-06,33811.03
TAX922967,USR9946,SPT1855511,2023-11-30,21527.21
TAX922968,USR5386,SPT1063571,2022-03-17,44951.27
TAX922969,USR4413,SPT465097,2022-03-23,7337.83
TAX922970,USR8525,SPT918226,2023-01-26,45073.08
TAX922971,USR4098,SPT1275018,2022-09-18,46016.22
TAX922972,USR1712,SPT1517054,2022-06-19,17384.24
TAX922973,USR7476,SPT392346,2023-10-04,8100.75
TAX922974,USR5610,SPT720848,2022-07-07,32825.21
TAX922975,USR6067,SPT1992074,2022-07-06,35894.79
TAX922976,USR1284,SPT1754233,2022-12-20,36285.15
TAX922977,USR827,SPT1441777,2022-11-12,33210.31
TAX922978,USR6996,SPT1781239,2023-07-31,17886.02
TAX922979,USR2613,SPT1455871,2022-08-13,9832.99
TAX922980,USR3915,SPT1271725,2023-11-03,40230.0
TAX922981,USR4573,SPT1935993,2023-06-19,13233.81
TAX922982,USR2738,SPT662057,2023-01-29,34797.46
TAX922983,USR620,SPT308639,2023-05-29,43657.47
TAX922984,USR1583,SPT941119,2024-01-02,43680.75
TAX922985,USR9053,SPT1009355,2023-07-28,13899.83
TAX922986,USR4373,SPT1021264,2022-11-10,28394.91
TAX922987,USR7891,SPT1611824,2023-02-26,34486.34
TAX922988,USR5188,SPT1168599,2022-02-24,20084.84
TAX922989,USR8056,SPT595116,2022-09-15,37559.37
TAX922990,USR6350,SPT1578267,2023-01-17,23108.54
TAX922991,USR1291,SPT1243224,2022-06-30,34750.94
TAX922992,USR8355,SPT660767,2023-08-27,15758.64
TAX922993,USR3238,SPT522734,2022-04-13,23493.56
TAX922994,USR2600,SPT1952253,2023-03-29,28318.35
TAX922995,USR8115,SPT331048,2023-02-07,5929.94
TAX922996,USR1374,SPT1467676,2023-11-07,36526.26
TAX922997,USR4134,SPT503534,2022-06-03,24112.75
TAX922998,USR6486,SPT821889,2023-05-15,29259.57
TAX922999,USR2498,SPT865755,2023-12-11,39446.06
TAX923000,USR4150,SPT828015,2023-07-26,9862.26
TAX923001,USR3424,SPT588649,2024-02-09,1158.34
TAX923002,USR4098,SPT756536,2024-02-08,39421.97
TAX923003,USR1811,SPT291057,2023-05-16,47910.2
TAX923004,USR3746,SPT366968,2022-12-20,24924.15
TAX923005,USR3741,SPT305608,2023-01-20,39142.89
TAX923006,USR4168,SPT1412067,2023-03-10,5141.39
TAX923007,USR8080,SPT804276,2022-12-03,8111.25
TAX923008,USR8010,SPT590071,2023-12-20,14894.07
TAX923009,USR9702,SPT2590,2022-12-16,5466.6
TAX923010,USR2798,SPT303051,2022-08-05,40414.86
TAX923011,USR399,SPT1676014,2022-06-06,29831.61
TAX923012,USR1785,SPT1486281,2023-05-07,23304.47
TAX923013,USR7006,SPT1904693,2023-03-21,47447.17
TAX923014,USR5980,SPT703911,2022-08-16,9595.74
TAX923015,USR8352,SPT965826,2022-07-09,20293.6
TAX923016,USR7334,SPT1654836,2022-12-06,14054.25
TAX923017,USR921,SPT1152575,2023-10-10,20047.01
TAX923018,USR1639,SPT478178,2023-10-03,11301.29
TAX923019,USR7855,SPT1016145,2023-03-16,24040.4
TAX923020,USR8670,SPT1614756,2023-11-23,10783.92
TAX923021,USR7163,SPT74549,2023-04-06,15819.66
TAX923022,USR1426,SPT1573180,2023-09-27,2785.67
TAX923023,USR491,SPT223008,2024-01-29,49940.82
TAX923024,USR6651,SPT1967629,2024-01-06,5161.0
TAX923025,USR1524,SPT508184,2024-01-10,14359.88
TAX923026,USR205,SPT318963,2023-02-28,3992.55
TAX923027,USR4379,SPT1049207,2022-12-12,47097.54
TAX923028,USR2577,SPT1714955,2023-02-26,30284.71
TAX923029,USR6373,SPT870143,2022-03-11,40239.03
TAX923030,USR7524,SPT218321,2022-04-23,5010.03
TAX923031,USR2201,SPT518935,2023-02-14,32458.2
TAX923032,USR3925,SPT1094386,2023-01-16,13720.7
TAX923033,USR6832,SPT304292,2022-03-02,18172.94
TAX923034,USR5006,SPT464809,2022-03-11,35330.79
TAX923035,USR3882,SPT592264,2023-01-31,30546.27
TAX923036,USR4847,SPT815620,2023-09-28,7730.21
TAX923037,USR4304,SPT531743,2022-05-01,40835.53
TAX923038,USR1603,SPT452957,2023-09-27,28202.4
TAX923039,USR9921,SPT1872641,2023-03-13,47433.48
TAX923040,USR2128,SPT454220,2022-03-03,35267.9
TAX923041,USR4319,SPT393244,2023-08-01,41726.67
TAX923042,USR1570,SPT1162970,2023-06-04,13460.7
TAX923043,USR3732,SPT663241,2023-10-19,6096.91
TAX923044,USR2975,SPT1543406,2022-04-16,45154.46
TAX923045,USR9171,SPT757857,2023-08-03,33171.76
TAX923046,USR4854,SPT1227888,2022-08-01,32994.5
TAX923047,USR8986,SPT1560436,2022-09-06,19254.07
TAX923048,USR4735,SPT595286,2022-08-21,35737.4
TAX923049,USR6170,SPT299491,2023-06-28,11525.31
TAX923050,USR4899,SPT567140,2022-09-21,22307.9
TAX923051,USR6538,SPT1968979,2022-04-26,25565.43
TAX923052,USR955,SPT1531984,2022-04-26,38134.19
TAX923053,USR491,SPT414628,2023-07-26,41096.64
TAX923054,USR7709,SPT734037,2024-02-07,6545.9
TAX923055,USR4233,SPT1790654,2023-10-15,22235.3
TAX923056,USR9335,SPT1951612,2023-11-25,39522.32
TAX923057,USR440,SPT1800813,2022-08-05,17992.31
TAX923058,USR4759,SPT1939561,2022-04-18,24464.88
TAX923059,USR672,SPT1476943,2023-08-21,40586.91
TAX923060,USR3343,SPT1158175,2022-11-05,40218.63
TAX923061,USR5056,SPT244226,2023-02-25,1902.42
TAX923062,USR9160,SPT34254,2022-10-31,46239.6
TAX923063,USR2908,SPT1454836,2023-11-06,16122.27
TAX923064,USR2156,SPT1685927,2022-07-22,17175.13
TAX923065,USR5797,SPT512815,2024-01-14,49935.93
TAX923066,USR9070,SPT1765671,2023-10-17,36444.77
TAX923067,USR4772,SPT1071204,2023-08-08,25938.33
TAX923068,USR245,SPT1465133,2022-05-14,30025.17
TAX923069,USR2443,SPT406352,2023-05-05,21276.73
TAX923070,USR8676,SPT1082877,2022-10-04,4678.17
TAX923071,USR947,SPT1212957,2022-04-15,2438.32
TAX923072,USR1859,SPT1236299,2023-07-12,41481.28
TAX923073,USR3108,SPT1070582,2023-09-12,41654.42
TAX923074,USR1641,SPT1961489,2022-07-27,48046.81
TAX923075,USR349,SPT126722,2023-01-24,46721.59
TAX923076,USR2984,SPT1138603,2023-07-31,34728.86
TAX923077,USR3424,SPT203938,2023-12-16,47300.16
TAX923078,USR5632,SPT1954679,2023-01-15,36675.63
TAX923079,USR5361,SPT1644875,2023-06-27,6605.67
TAX923080,USR6094,SPT1836697,2023-03-22,26401.78
TAX923081,USR1550,SPT1886563,2023-06-23,3871.56
TAX923082,USR9587,SPT317887,2023-05-15,33738.33
TAX923083,USR8003,SPT1725030,2023-02-01,22506.61
TAX923084,USR1341,SPT1230794,2022-10-02,45932.34
TAX923085,USR3761,SPT159456,2023-03-09,49394.13
TAX923086,USR7705,SPT1701444,2022-07-01,2197.84
TAX923087,USR8281,SPT1639923,2023-01-29,31183.06
TAX923088,USR9732,SPT1930587,2022-04-06,36897.82
TAX923089,USR8570,SPT1720276,2023-07-13,15803.43
TAX923090,USR8097,SPT1456013,2022-12-04,30296.39
TAX923091,USR8654,SPT311633,2023-07-01,29755.08
TAX923092,USR2278,SPT1917299,2023-08-16,21486.52
TAX923093,USR557,SPT301816,2023-12-14,40712.01
TAX923094,USR3582,SPT154378,2023-10-25,35497.49
TAX923095,USR912,SPT516896,2023-11-26,45690.91
TAX923096,USR5594,SPT1101220,2022-10-04,31495.09
TAX923097,USR9745,SPT711542,2022-07-18,12067.53
TAX923098,USR991,SPT1096161,2023-02-11,44827.3
TAX923099,USR7219,SPT1014150,2022-03-15,34844.49
TAX923100,USR5516,SPT975468,2023-12-03,3524.93
TAX923101,USR8165,SPT957930,2023-10-30,48087.48
TAX923102,USR593,SPT94382,2022-06-16,20498.44
TAX923103,USR479,SPT1826872,2023-03-12,40381.97
TAX923104,USR9033,SPT700015,2023-09-21,4716.83
TAX923105,USR8085,SPT1154786,2023-09-29,4506.2
TAX923106,USR8695,SPT753532,2023-06-01,37334.63
TAX923107,USR8011,SPT1107160,2023-03-29,35531.26
TAX923108,USR2997,SPT157787,2023-05-01,17297.85
TAX923109,USR9635,SPT1805784,2022-09-15,39301.83
TAX923110,USR9085,SPT255743,2022-08-07,9140.15
TAX923111,USR5031,SPT700759,2022-04-23,24330.44
TAX923112,USR6402,SPT748762,2024-01-10,10142.66
TAX923113,USR5174,SPT1031317,2022-09-29,46839.85
TAX923114,USR7892,SPT324373,2023-12-02,45497.95
TAX923115,USR5505,SPT1708726,2022-10-10,12548.65
TAX923116,USR710,SPT70309,2023-05-03,43543.84
TAX923117,USR3718,SPT1334003,2022-08-11,2590.85
TAX923118,USR4679,SPT971698,2022-03-06,46268.21
TAX923119,USR1315,SPT724997,2023-01-02,1085.74
TAX923120,USR8557,SPT159113,2023-10-23,44594.97
TAX923121,USR2233,SPT79288,2022-04-25,38045.93
TAX923122,USR5563,SPT193056,2022-11-15,41935.59
TAX923123,USR7853,SPT1822861,2023-05-17,27669.78
TAX923124,USR6357,SPT1718940,2023-11-24,16191.76
TAX923125,USR9720,SPT1371816,2023-12-10,39153.46
TAX923126,USR4909,SPT19442,2023-05-12,2241.43
TAX923127,USR8576,SPT1548851,2022-10-16,34483.48
TAX923128,USR7908,SPT80905,2023-12-29,27798.02
TAX923129,USR8148,SPT1252202,2023-09-06,45858.32
TAX923130,USR3153,SPT664552,2022-07-16,1531.03
TAX923131,USR7960,SPT1404783,2022-08-08,30667.97
TAX923132,USR164,SPT1816279,2022-08-16,27423.5
TAX923133,USR8768,SPT1419250,2022-04-04,23379.96
TAX923134,USR747,SPT1119943,2023-11-12,27015.63
TAX923135,USR4646,SPT606296,2023-04-22,10068.86
TAX923136,USR6924,SPT1854518,2022-10-22,40199.95
TAX923137,USR8166,SPT1981825,2023-07-13,20080.85
TAX923138,USR4678,SPT1466746,2023-11-18,5700.85
TAX923139,USR3346,SPT1314580,2023-10-11,7766.35
TAX923140,USR271,SPT1185422,2023-06-29,16655.85
TAX923141,USR2543,SPT1742854,2023-11-03,28915.38
TAX923142,USR3766,SPT675811,2023-11-05,27019.51
TAX923143,USR3560,SPT1156656,2022-07-23,48619.79
TAX923144,USR2172,SPT1754480,2023-03-05,2815.63
TAX923145,USR9037,SPT1885982,2023-08-02,12321.11
TAX923146,USR4712,SPT794654,2023-09-01,6047.77
TAX923147,USR5065,SPT520734,2022-02-09,44575.91
TAX923148,USR3185,SPT1610628,2023-01-28,25143.69
TAX923149,USR5716,SPT1424085,2022-11-06,35571.38
TAX923150,USR9302,SPT120628,2023-04-29,42465.11
TAX923151,USR404,SPT1206177,2023-06-08,37730.47
TAX923152,USR9476,SPT448771,2022-03-21,41870.8
TAX923153,USR7128,SPT459028,2022-05-08,37217.5
TAX923154,USR3313,SPT911200,2023-11-17,28982.54
TAX923155,USR6029,SPT987646,2023-07-19,6570.11
TAX923156,USR5088,SPT800142,2023-11-17,17552.45
TAX923157,USR6019,SPT338608,2023-10-12,17319.69
TAX923158,USR5259,SPT1395962,2023-08-12,9879.14
TAX923159,USR6350,SPT1243515,2022-07-21,41450.7
TAX923160,USR2682,SPT637900,2023-10-02,30254.53
TAX923161,USR8261,SPT103991,2023-01-28,7766.06
TAX923162,USR2094,SPT1630813,2023-10-17,5216.23
TAX923163,USR879,SPT249392,2022-07-11,17905.32
TAX923164,USR1224,SPT920181,2023-05-06,29226.22
TAX923165,USR5133,SPT572542,2023-03-25,29001.54
TAX923166,USR2220,SPT529675,2023-12-01,23040.25
TAX923167,USR4901,SPT1186422,2023-05-29,1809.04
TAX923168,USR4979,SPT577112,2022-07-28,17337.61
TAX923169,USR5418,SPT892981,2023-03-13,21057.33
TAX923170,USR8409,SPT217732,2023-11-07,24643.23
TAX923171,USR7031,SPT908189,2023-09-21,16254.93
TAX923172,USR6457,SPT1879488,2023-12-07,13741.26
TAX923173,USR7355,SPT1032402,2023-12-06,24497.93
TAX923174,USR7539,SPT1077273,2023-07-28,33260.75
TAX923175,USR8529,SPT536471,2023-01-23,41096.63
TAX923176,USR1439,SPT624868,2022-12-12,30876.99
TAX923177,USR9019,SPT1444963,2022-09-12,48545.45
TAX923178,USR4210,SPT280978,2022-06-09,16738.34
TAX923179,USR4776,SPT1039284,2023-12-28,15491.53
TAX923180,USR1491,SPT1604170,2022-07-23,39101.16
TAX923181,USR5534,SPT610599,2022-12-27,8949.23
TAX923182,USR7480,SPT1460166,2022-09-23,28652.02
TAX923183,USR7815,SPT1391681,2022-08-04,25324.87
TAX923184,USR1810,SPT1498947,2022-03-21,39971.3
TAX923185,USR8179,SPT1228687,2022-02-21,38350.8
TAX923186,USR5805,SPT1508478,2023-09-08,2579.94
TAX923187,USR7562,SPT1329187,2024-01-28,2757.34
TAX923188,USR495,SPT124176,2022-08-28,25780.15
TAX923189,USR1142,SPT96798,2022-06-06,43381.42
TAX923190,USR611,SPT1415760,2023-12-10,2596.72
TAX923191,USR2653,SPT1258587,2022-10-09,31639.85
TAX923192,USR3550,SPT1563427,2023-04-28,8701.38
TAX923193,USR9525,SPT328193,2022-12-17,22411.77
TAX923194,USR7234,SPT44170,2023-02-27,43947.9
TAX923195,USR9254,SPT41252,2023-07-01,24277.02
TAX923196,USR1732,SPT1918755,2023-02-15,22464.56
TAX923197,USR9458,SPT1557891,2023-07-16,12728.79
TAX923198,USR3608,SPT101399,2022-07-09,37553.86
TAX923199,USR8825,SPT864726,2022-02-16,42791.32
TAX923200,USR5261,SPT1317400,2023-08-21,31297.81
TAX923201,USR4107,SPT1474571,2023-03-18,24848.94
TAX923202,USR7584,SPT934840,2022-09-30,11986.98
TAX923203,USR8773,SPT152759,2023-07-10,17441.2
TAX923204,USR986,SPT539287,2023-04-06,5433.01
TAX923205,USR4255,SPT600898,2023-07-01,40378.52
TAX923206,USR122,SPT250779,2022-02-10,15131.34
TAX923207,USR1927,SPT1967269,2024-01-13,46872.53
TAX923208,USR7420,SPT654805,2023-12-02,23377.9
TAX923209,USR9710,SPT1346135,2022-08-19,21765.09
TAX923210,USR2646,SPT1085066,2022-08-16,19526.79
TAX923211,USR9770,SPT109071,2023-04-18,11550.69
TAX923212,USR8936,SPT1375343,2024-01-08,29204.47
TAX923213,USR5929,SPT782250,2023-12-01,10240.16
TAX923214,USR5296,SPT37004,2022-08-22,28977.54
TAX923215,USR2531,SPT211288,2023-06-06,4894.66
TAX923216,USR3655,SPT1372601,2022-08-09,8555.59
TAX923217,USR3186,SPT727383,2022-05-16,30571.34
TAX923218,USR2318,SPT1070534,2022-04-26,10050.76
TAX923219,USR8299,SPT833315,2023-12-10,7275.85
TAX923220,USR4300,SPT419567,2024-01-05,23790.99
TAX923221,USR2853,SPT1432177,2023-04-05,24754.29
TAX923222,USR9742,SPT341173,2023-01-01,21924.02
TAX923223,USR7524,SPT1136024,2023-10-30,41769.63
TAX923224,USR3961,SPT1262851,2023-02-16,15266.21
TAX923225,USR3659,SPT517397,2023-03-22,17529.28
TAX923226,USR2116,SPT543327,2022-05-21,9985.82
TAX923227,USR398,SPT545626,2023-07-18,15769.35
TAX923228,USR6387,SPT1483010,2023-03-19,43023.84
TAX923229,USR8926,SPT835269,2022-06-26,34947.85
TAX923230,USR2046,SPT1630632,2023-06-10,38221.16
TAX923231,USR6333,SPT1344435,2023-06-11,38111.24
TAX923232,USR9549,SPT653301,2022-10-31,11184.49
TAX923233,USR5186,SPT926541,2022-10-09,1440.25
TAX923234,USR1715,SPT350589,2022-07-07,8176.33
TAX923235,USR8162,SPT134502,2022-09-20,11016.11
TAX923236,USR6717,SPT623061,2023-09-20,40590.82
TAX923237,USR6698,SPT1648290,2023-03-31,27340.47
TAX923238,USR5804,SPT1071250,2023-09-05,26739.88
TAX923239,USR5186,SPT1000895,2024-01-07,38568.38
TAX923240,USR3695,SPT449909,2023-10-16,43069.51
TAX923241,USR7525,SPT1587709,2022-08-26,47117.36
TAX923242,USR3577,SPT905822,2022-09-08,46713.15
TAX923243,USR856,SPT1641101,2023-08-28,20323.43
TAX923244,USR823,SPT934847,2023-03-15,31772.82
TAX923245,USR8771,SPT752216,2022-09-22,37762.36
TAX923246,USR8382,SPT1567429,2023-01-20,9951.96
TAX923247,USR5681,SPT1903706,2022-06-14,18351.55
TAX923248,USR546,SPT1901913,2023-03-17,32859.43
TAX923249,USR4883,SPT397800,2022-11-07,29357.79
TAX923250,USR1823,SPT1991918,2022-03-20,9513.66
TAX923251,USR6414,SPT189263,2023-03-29,9780.25
TAX923252,USR7231,SPT664981,2022-08-15,33793.69
TAX923253,USR5548,SPT1196962,2022-12-30,46264.08
TAX923254,USR8619,SPT212368,2022-12-17,15832.34
TAX923255,USR4950,SPT608743,2024-01-10,39645.34
TAX923256,USR3913,SPT620159,2022-05-26,3307.05
TAX923257,USR6570,SPT1226844,2022-07-31,47282.47
TAX923258,USR2057,SPT1052722,2022-04-04,47658.17
TAX923259,USR7059,SPT834184,2023-12-25,34962.99
TAX923260,USR6021,SPT1047124,2023-03-07,12329.25
TAX923261,USR7325,SPT491191,2022-11-28,46738.63
TAX923262,USR6669,SPT1209000,2023-01-25,19657.8
TAX923263,USR4819,SPT1141510,2023-11-23,24460.84
TAX923264,USR3589,SPT1162970,2022-06-29,14162.35
TAX923265,USR8968,SPT607715,2022-03-03,32825.9
TAX923266,USR1604,SPT1426289,2023-03-04,39123.84
TAX923267,USR2668,SPT1817797,2023-12-02,26782.46
TAX923268,USR6355,SPT1005311,2023-10-28,12786.22
TAX923269,USR5726,SPT1308826,2023-01-18,45449.87
TAX923270,USR2393,SPT1416629,2024-01-07,37948.91
TAX923271,USR7935,SPT972684,2022-06-28,16327.74
TAX923272,USR4306,SPT1555125,2022-09-28,11533.04
TAX923273,USR4548,SPT480604,2023-07-18,42947.64
TAX923274,USR3445,SPT1305425,2023-05-13,33421.91
TAX923275,USR9710,SPT672027,2022-11-09,17011.38
TAX923276,USR5437,SPT7250,2023-05-20,37282.05
TAX923277,USR1530,SPT444464,2023-07-05,43009.62
TAX923278,USR3326,SPT681048,2022-11-13,49302.95
TAX923279,USR5273,SPT1084799,2023-03-12,5922.88
TAX923280,USR9291,SPT1087820,2023-06-25,5442.58
TAX923281,USR1265,SPT667846,2023-05-19,16287.54
TAX923282,USR6354,SPT662224,2023-05-22,34960.46
TAX923283,USR9521,SPT230705,2023-10-19,31037.91
TAX923284,USR3869,SPT1018683,2022-10-10,8588.53
TAX923285,USR4025,SPT189573,2023-08-31,31925.86
TAX923286,USR2927,SPT1293575,2022-12-12,44437.58
TAX923287,USR3336,SPT1169484,2023-09-25,31950.86
TAX923288,USR3047,SPT841880,2022-08-12,17729.63
TAX923289,USR1386,SPT422339,2023-02-22,18045.0
TAX923290,USR4224,SPT1612880,2022-09-20,47436.77
TAX923291,USR6643,SPT989102,2022-12-10,29946.03
TAX923292,USR3098,SPT146234,2022-08-06,8682.81
TAX923293,USR8823,SPT837929,2023-06-03,43388.11
TAX923294,USR7738,SPT321141,2023-08-08,47517.25
TAX923295,USR4457,SPT1221989,2022-08-16,36328.31
TAX923296,USR7760,SPT214388,2023-11-12,38607.4
TAX923297,USR5857,SPT1016580,2022-08-27,4427.23
TAX923298,USR6097,SPT1594844,2023-09-14,12005.3
TAX923299,USR4039,SPT1797756,2023-10-24,49813.34
TAX923300,USR2869,SPT865575,2023-05-25,42127.97
TAX923301,USR7497,SPT1705239,2023-03-11,18921.17
TAX923302,USR5647,SPT635492,2023-02-27,14283.46
TAX923303,USR8762,SPT1401688,2022-12-14,3088.79
TAX923304,USR9461,SPT1959681,2022-08-31,38824.92
TAX923305,USR8782,SPT595238,2022-08-08,39341.62
TAX923306,USR9947,SPT573823,2024-01-30,47334.57
TAX923307,USR2436,SPT1129781,2023-01-31,8875.69
TAX923308,USR6643,SPT445844,2023-08-10,47442.49
TAX923309,USR2035,SPT1445448,2023-09-24,1361.48
TAX923310,USR7470,SPT1822524,2023-10-12,12046.22
TAX923311,USR7838,SPT526159,2022-09-02,42344.52
TAX923312,USR7020,SPT1741738,2024-01-25,17592.86
TAX923313,USR9952,SPT1807572,2022-04-03,34823.33
TAX923314,USR6567,SPT1601155,2023-04-03,12279.51
TAX923315,USR7835,SPT747675,2022-02-16,25407.61
TAX923316,USR1240,SPT49801,2023-12-01,26847.43
TAX923317,USR6760,SPT798634,2024-01-09,13391.82
TAX923318,USR5769,SPT56257,2022-09-02,1330.07
TAX923319,USR2566,SPT504315,2022-08-01,41907.28
TAX923320,USR4875,SPT1989617,2022-12-14,15695.02
TAX923321,USR1282,SPT1004209,2023-06-08,5281.22
TAX923322,USR1134,SPT1979179,2023-12-15,9377.08
TAX923323,USR9219,SPT1663038,2023-02-25,31116.5
TAX923324,USR2814,SPT1852185,2022-09-21,19962.06
TAX923325,USR2186,SPT182127,2023-02-17,11721.03
TAX923326,USR1041,SPT599051,2023-11-28,4772.22
TAX923327,USR943,SPT1762242,2022-05-23,13383.43
TAX923328,USR7341,SPT1522623,2022-10-26,34555.31
TAX923329,USR991,SPT152250,2024-01-26,28232.53
TAX923330,USR8134,SPT1691760,2023-08-15,10361.62
TAX923331,USR642,SPT1099836,2024-01-24,6927.0
TAX923332,USR1796,SPT1799123,2023-09-06,34756.06
TAX923333,USR4834,SPT532170,2023-12-06,33563.18
TAX923334,USR3313,SPT302143,2022-12-28,48368.84
TAX923335,USR8459,SPT1887403,2022-08-19,25343.97
TAX923336,USR7989,SPT819764,2024-01-30,24572.34
TAX923337,USR4818,SPT1168198,2023-09-25,3413.51
TAX923338,USR3278,SPT848893,2023-07-03,4288.46
TAX923339,USR5,SPT1610543,2022-02-28,12949.37
TAX923340,USR1803,SPT1842626,2022-02-18,2585.49
TAX923341,USR7158,SPT67865,2023-01-14,47710.55
TAX923342,USR9783,SPT979787,2023-11-01,24539.23
TAX923343,USR5244,SPT329927,2023-08-29,47832.84
TAX923344,USR5843,SPT1232276,2023-01-11,13828.62
TAX923345,USR9335,SPT152851,2023-04-13,37891.91
TAX923346,USR9886,SPT1706985,2022-07-25,20713.74
TAX923347,USR9387,SPT6417,2023-07-29,46988.73
TAX923348,USR9802,SPT1349195,2022-11-13,29217.55
TAX923349,USR7318,SPT406719,2022-11-13,13407.29
TAX923350,USR7971,SPT1653763,2023-09-30,24686.0
TAX923351,USR8901,SPT1433924,2023-04-15,29453.77
TAX923352,USR3754,SPT222551,2023-08-18,17145.44
TAX923353,USR9990,SPT732481,2023-11-09,1657.37
TAX923354,USR7959,SPT1025697,2023-03-20,44906.89
TAX923355,USR6078,SPT686057,2023-05-15,5252.23
TAX923356,USR2103,SPT1094190,2023-08-30,7204.86
TAX923357,USR4834,SPT1739005,2022-10-09,24490.44
TAX923358,USR7870,SPT1435917,2023-05-09,9502.6
TAX923359,USR8716,SPT250728,2022-11-21,33469.97
TAX923360,USR1965,SPT1621858,2023-04-21,17886.03
TAX923361,USR3304,SPT491962,2022-03-18,47479.78
TAX923362,USR1748,SPT586319,2023-07-04,20264.16
TAX923363,USR204,SPT1488459,2022-11-20,28627.98
TAX923364,USR4481,SPT1448856,2023-11-23,41216.1
TAX923365,USR59,SPT357739,2022-05-06,1101.54
TAX923366,USR3220,SPT1344420,2022-02-11,26096.37
TAX923367,USR3820,SPT198983,2023-03-11,28049.89
TAX923368,USR4050,SPT1618294,2024-01-20,15240.3
TAX923369,USR4429,SPT408248,2022-10-01,22877.86
TAX923370,USR7801,SPT1358574,2023-09-15,17318.87
TAX923371,USR2930,SPT1033630,2023-08-07,44393.89
TAX923372,USR2698,SPT1153558,2023-12-14,26684.51
TAX923373,USR2986,SPT955739,2024-01-06,36162.54
TAX923374,USR6586,SPT1531815,2023-02-09,11431.08
TAX923375,USR7634,SPT1324324,2022-07-03,15303.82
TAX923376,USR7868,SPT1696379,2023-03-08,10913.88
TAX923377,USR2593,SPT1415022,2022-12-22,35098.14
TAX923378,USR5856,SPT1125856,2023-08-08,2058.45
TAX923379,USR6915,SPT1026629,2023-10-03,6965.77
TAX923380,USR8209,SPT1900059,2022-03-26,12713.48
TAX923381,USR8189,SPT1644385,2023-09-23,39717.16
TAX923382,USR6304,SPT1038214,2024-01-04,10499.05
TAX923383,USR1573,SPT870352,2024-02-09,18194.56
TAX923384,USR1951,SPT794194,2023-12-29,7152.49
TAX923385,USR6729,SPT1649883,2023-07-21,12964.99
TAX923386,USR8287,SPT561248,2023-12-20,37953.25
TAX923387,USR1607,SPT1443934,2022-11-21,3644.28
TAX923388,USR6185,SPT210696,2023-09-12,34591.82
TAX923389,USR3261,SPT1275632,2023-12-24,13700.27
TAX923390,USR480,SPT801289,2023-09-09,38380.94
TAX923391,USR4908,SPT78850,2022-06-18,14672.13
TAX923392,USR679,SPT413349,2022-07-24,26213.13
TAX923393,USR4838,SPT747117,2023-09-25,30361.95
TAX923394,USR7075,SPT1125620,2022-03-16,16587.61
TAX923395,USR1785,SPT313118,2023-03-26,10707.9
TAX923396,USR851,SPT110682,2023-10-15,29437.99
TAX923397,USR7441,SPT1735909,2022-12-24,26341.87
TAX923398,USR2788,SPT775446,2022-08-13,11233.19
TAX923399,USR2479,SPT1930038,2023-02-07,33473.68
TAX923400,USR6551,SPT1272292,2023-06-12,14939.36
TAX923401,USR9822,SPT239016,2024-01-12,25237.74
TAX923402,USR9893,SPT414556,2023-09-29,28933.95
TAX923403,USR9595,SPT561795,2022-04-28,9635.65
TAX923404,USR1730,SPT1904589,2022-02-26,27003.05
TAX923405,USR4663,SPT1174300,2022-09-28,40820.14
TAX923406,USR2131,SPT875652,2022-09-26,31171.66
TAX923407,USR635,SPT346683,2024-01-30,1979.84
TAX923408,USR3470,SPT1756245,2022-11-26,5759.79
TAX923409,USR6150,SPT1607022,2022-07-07,29925.83
TAX923410,USR3512,SPT1742815,2023-09-27,10673.65
TAX923411,USR8929,SPT1195697,2023-09-03,27677.53
TAX923412,USR173,SPT541391,2022-04-02,30311.97
TAX923413,USR7464,SPT1158538,2024-01-11,15033.17
TAX923414,USR6632,SPT359262,2023-06-21,13803.24
TAX923415,USR3133,SPT836039,2023-10-25,30169.61
TAX923416,USR1186,SPT1205632,2022-10-26,33570.65
TAX923417,USR6184,SPT1785878,2022-04-04,34089.09
TAX923418,USR2551,SPT955621,2023-06-11,8024.44
TAX923419,USR6257,SPT349760,2023-01-31,31352.64
TAX923420,USR8314,SPT892251,2023-04-29,8670.81
TAX923421,USR6367,SPT269107,2023-08-12,16215.45
TAX923422,USR7031,SPT1486274,2023-03-13,28415.16
TAX923423,USR8716,SPT1678735,2024-01-17,14655.24
TAX923424,USR1352,SPT1058643,2023-05-30,45595.27
TAX923425,USR7279,SPT1690981,2023-08-04,33661.81
TAX923426,USR3308,SPT1196977,2022-09-14,33502.32
TAX923427,USR4664,SPT1442785,2022-09-23,20147.23
TAX923428,USR1343,SPT784406,2023-01-19,27591.5
TAX923429,USR7804,SPT1459162,2022-02-16,19169.94
TAX923430,USR6114,SPT1300351,2024-02-05,36633.33
TAX923431,USR997,SPT692930,2022-03-15,21024.54
TAX923432,USR250,SPT1451583,2023-09-11,26424.36
TAX923433,USR3325,SPT176889,2022-06-15,9712.14
TAX923434,USR6158,SPT1392004,2023-09-02,19215.32
TAX923435,USR6793,SPT853406,2022-12-05,16174.42
TAX923436,USR9553,SPT89711,2022-11-25,24293.66
TAX923437,USR6594,SPT1356458,2023-10-03,7761.16
TAX923438,USR7470,SPT1249051,2022-04-14,22249.87
TAX923439,USR6187,SPT1834917,2022-08-21,27535.96
TAX923440,USR2247,SPT1021047,2022-08-23,8691.83
TAX923441,USR1821,SPT630260,2022-11-04,10626.06
TAX923442,USR3020,SPT1380660,2022-11-23,43616.23
TAX923443,USR1839,SPT1059161,2023-09-20,8078.4
TAX923444,USR4131,SPT1077303,2022-03-29,3665.49
TAX923445,USR1973,SPT1042216,2023-05-17,10266.04
TAX923446,USR7393,SPT1628864,2023-06-07,28488.96
TAX923447,USR2518,SPT1918541,2022-03-28,2004.34
TAX923448,USR2797,SPT1909858,2023-04-21,32325.89
TAX923449,USR1158,SPT736671,2023-07-29,7941.95
TAX923450,USR8064,SPT698575,2022-04-02,18845.43
TAX923451,USR7025,SPT1457942,2023-08-23,21278.58
TAX923452,USR5105,SPT554302,2023-02-24,20781.06
TAX923453,USR952,SPT1399122,2023-08-28,29965.53
TAX923454,USR4871,SPT1301060,2023-12-13,11401.12
TAX923455,USR5625,SPT292157,2024-02-07,5320.22
TAX923456,USR9978,SPT1587578,2023-01-28,2923.91
TAX923457,USR7181,SPT1128898,2023-03-05,43311.16
TAX923458,USR7985,SPT472418,2022-03-06,19835.06
TAX923459,USR1704,SPT209575,2022-04-03,45128.63
TAX923460,USR1036,SPT1444653,2023-01-06,7544.95
TAX923461,USR646,SPT782700,2023-04-30,10309.53
TAX923462,USR4974,SPT1515674,2022-12-23,8645.28
TAX923463,USR8541,SPT1317312,2023-07-20,41051.89
TAX923464,USR4901,SPT252994,2022-10-26,40373.85
TAX923465,USR2714,SPT1464972,2023-11-08,33743.14
TAX923466,USR3430,SPT1774888,2022-06-07,47671.6
TAX923467,USR1455,SPT1692017,2022-05-29,17451.36
TAX923468,USR1725,SPT1035353,2023-01-16,32526.3
TAX923469,USR9670,SPT15197,2023-12-16,17060.68
TAX923470,USR3437,SPT734943,2023-02-17,22268.33
TAX923471,USR7140,SPT1038565,2023-04-30,2606.63
TAX923472,USR862,SPT330615,2023-03-04,3352.54
TAX923473,USR2586,SPT586388,2023-08-06,41356.07
TAX923474,USR3453,SPT1797478,2024-01-09,6202.05
TAX923475,USR1820,SPT714159,2022-03-01,37799.78
TAX923476,USR8148,SPT1751363,2022-12-06,8933.56
TAX923477,USR3359,SPT807218,2023-07-28,37648.18
TAX923478,USR2033,SPT713177,2022-03-25,35055.01
TAX923479,USR6774,SPT1086031,2022-03-10,14428.68
TAX923480,USR4342,SPT1841199,2022-05-07,15529.22
TAX923481,USR1221,SPT1973762,2023-01-19,28062.2
TAX923482,USR3316,SPT848691,2022-07-02,7754.32
TAX923483,USR5674,SPT1491913,2022-08-24,7342.07
TAX923484,USR1439,SPT884381,2023-12-13,17505.26
TAX923485,USR7351,SPT1295766,2022-12-20,20466.97
TAX923486,USR8309,SPT1103953,2022-05-30,6559.93
TAX923487,USR6127,SPT1777840,2023-11-16,25804.77
TAX923488,USR4455,SPT1994395,2022-08-08,1165.83
TAX923489,USR8554,SPT1342289,2022-07-25,12409.07
TAX923490,USR1863,SPT1879785,2023-10-21,22054.75
TAX923491,USR6906,SPT1657712,2022-07-01,7201.15
TAX923492,USR2019,SPT819855,2022-07-12,46107.19
TAX923493,USR9927,SPT1492648,2022-03-14,34416.17
TAX923494,USR9422,SPT1061508,2023-08-31,9306.22
TAX923495,USR5524,SPT1943416,2023-05-28,1025.56
TAX923496,USR8784,SPT1432705,2023-08-27,35745.7
TAX923497,USR4149,SPT1476473,2023-10-08,16459.59
TAX923498,USR4932,SPT1837982,2022-08-19,20314.23
TAX923499,USR7643,SPT1248767,2023-02-26,41024.12
TAX923500,USR2726,SPT429873,2022-08-14,44553.33
TAX923501,USR3712,SPT502885,2023-04-08,36338.85
TAX923502,USR2943,SPT1456384,2023-10-02,7284.37
TAX923503,USR6116,SPT559082,2023-09-14,27793.78
TAX923504,USR8914,SPT219419,2023-05-31,41517.71
TAX923505,USR6404,SPT478433,2023-02-16,24005.63
TAX923506,USR6208,SPT233142,2023-11-26,35675.91
TAX923507,USR4476,SPT1731650,2023-06-16,28059.61
TAX923508,USR1705,SPT318149,2023-03-03,17147.35
TAX923509,USR8048,SPT1522597,2022-09-17,31172.69
TAX923510,USR5041,SPT476704,2023-11-09,2809.57
TAX923511,USR2184,SPT1954526,2023-11-27,35356.09
TAX923512,USR5137,SPT400407,2022-02-14,27830.42
TAX923513,USR1727,SPT1900656,2022-02-09,1582.28
TAX923514,USR4305,SPT1069631,2023-09-12,28663.52
TAX923515,USR7012,SPT1396130,2023-10-04,2056.85
TAX923516,USR6065,SPT1001650,2022-03-13,7218.82
TAX923517,USR5848,SPT572906,2023-03-24,31787.55
TAX923518,USR8174,SPT923179,2024-02-04,20399.01
TAX923519,USR6733,SPT649128,2023-05-11,8208.01
TAX923520,USR6921,SPT1951243,2023-05-16,13860.11
TAX923521,USR9402,SPT124692,2022-05-27,20214.09
TAX923522,USR6205,SPT1813475,2023-06-04,1748.33
TAX923523,USR4586,SPT1026239,2022-09-23,7865.96
TAX923524,USR7424,SPT1941061,2024-01-30,8452.49
TAX923525,USR7614,SPT614683,2023-03-02,26703.64
TAX923526,USR737,SPT1268808,2022-02-11,43062.45
TAX923527,USR8736,SPT1449071,2023-12-06,41256.96
TAX923528,USR9944,SPT1191807,2023-12-17,16257.48
TAX923529,USR9067,SPT697426,2022-03-25,2473.92
TAX923530,USR2098,SPT303409,2023-02-24,4727.7
TAX923531,USR9445,SPT179932,2022-10-09,7895.44
TAX923532,USR7968,SPT74717,2022-08-30,47739.92
TAX923533,USR2190,SPT1136492,2023-06-02,3063.6
TAX923534,USR6881,SPT673139,2023-05-14,49272.22
TAX923535,USR3255,SPT1607569,2023-05-06,44906.37
TAX923536,USR9079,SPT728000,2023-08-01,11226.7
TAX923537,USR7273,SPT381268,2023-03-14,1588.94
TAX923538,USR6614,SPT493404,2023-04-18,37324.61
TAX923539,USR2123,SPT70522,2022-02-27,7162.12
TAX923540,USR1199,SPT513945,2023-07-26,30105.12
TAX923541,USR988,SPT1511053,2023-02-11,2860.27
TAX923542,USR6389,SPT1623366,2023-07-25,33578.65
TAX923543,USR5892,SPT1894269,2022-12-10,49859.4
TAX923544,USR2120,SPT1480703,2023-12-02,49648.25
TAX923545,USR8361,SPT697137,2022-06-03,10617.45
TAX923546,USR2269,SPT1470182,2023-05-15,23351.14
TAX923547,USR299,SPT1736293,2022-05-10,38498.81
TAX923548,USR7395,SPT1577919,2023-12-24,39098.09
TAX923549,USR5368,SPT31049,2023-03-09,39932.23
TAX923550,USR884,SPT1174307,2023-11-16,48938.51
TAX923551,USR1311,SPT1193998,2023-05-05,30575.63
TAX923552,USR992,SPT1190421,2022-05-04,31579.86
TAX923553,USR7681,SPT1699150,2022-05-16,27661.46
TAX923554,USR4249,SPT1572963,2022-04-29,48608.88
TAX923555,USR8449,SPT150018,2022-12-02,18398.29
TAX923556,USR7595,SPT1334772,2023-05-17,40804.31
TAX923557,USR2047,SPT397887,2023-05-25,26524.25
TAX923558,USR4233,SPT441969,2023-01-23,11993.4
TAX923559,USR3044,SPT969823,2023-12-11,32732.29
TAX923560,USR9724,SPT196378,2023-08-20,19697.66
TAX923561,USR9642,SPT697384,2022-10-04,39055.3
TAX923562,USR9868,SPT33114,2022-12-09,27547.1
TAX923563,USR6254,SPT75900,2023-01-24,21804.12
TAX923564,USR2229,SPT764661,2023-06-20,12748.95
TAX923565,USR6710,SPT1099945,2023-12-23,13475.13
TAX923566,USR5450,SPT1316311,2023-07-13,37993.64
TAX923567,USR704,SPT677924,2023-06-08,28611.32
TAX923568,USR3162,SPT878099,2023-10-30,1777.52
TAX923569,USR4012,SPT518452,2023-06-10,38779.22
TAX923570,USR1981,SPT1921793,2022-03-28,1115.49
TAX923571,USR7032,SPT811483,2023-07-28,43784.12
TAX923572,USR7994,SPT1510779,2022-04-18,48373.59
TAX923573,USR5013,SPT1002592,2023-04-28,12140.23
TAX923574,USR2830,SPT847187,2023-03-17,36845.49
TAX923575,USR7116,SPT732071,2022-04-29,16122.53
TAX923576,USR6054,SPT730674,2023-03-06,6585.23
TAX923577,USR904,SPT183538,2023-05-05,27555.63
TAX923578,USR345,SPT1271894,2022-06-25,43421.94
TAX923579,USR7775,SPT1819595,2022-02-11,30152.28
TAX923580,USR1528,SPT1777281,2022-08-04,47644.69
TAX923581,USR5820,SPT1897345,2023-12-19,4939.45
TAX923582,USR763,SPT1620080,2022-09-30,8731.87
TAX923583,USR6336,SPT1146639,2022-09-15,5227.24
TAX923584,USR9972,SPT80699,2022-05-20,42260.66
TAX923585,USR1497,SPT645963,2022-12-07,45406.62
TAX923586,USR169,SPT475529,2022-09-12,18565.15
TAX923587,USR7834,SPT94618,2023-08-26,28008.46
TAX923588,USR2165,SPT1361650,2022-05-11,47009.75
TAX923589,USR5844,SPT20784,2023-10-01,23200.97
TAX923590,USR8701,SPT1639783,2024-01-30,43221.25
TAX923591,USR9026,SPT176505,2023-05-17,3962.42
TAX923592,USR4046,SPT979784,2023-01-23,23221.79
TAX923593,USR2787,SPT1548684,2022-05-29,15235.38
TAX923594,USR513,SPT272888,2022-07-17,7424.74
TAX923595,USR3738,SPT371951,2022-05-09,30965.26
TAX923596,USR4626,SPT1055004,2022-06-06,29008.75
TAX923597,USR4270,SPT1571531,2022-08-20,14492.02
TAX923598,USR945,SPT104939,2022-02-10,23308.85
TAX923599,USR3630,SPT800606,2023-09-28,21332.51
TAX923600,USR6445,SPT430524,2022-09-05,20992.35
TAX923601,USR8985,SPT1869911,2022-11-03,17555.15
TAX923602,USR6484,SPT1623023,2022-03-05,28914.03
TAX923603,USR5364,SPT959963,2023-04-13,42554.98
TAX923604,USR401,SPT1088909,2023-10-08,11688.72
TAX923605,USR7904,SPT332326,2022-05-29,18788.76
TAX923606,USR97,SPT1614007,2023-07-23,42340.54
TAX923607,USR7051,SPT1347498,2022-11-06,19300.22
TAX923608,USR4535,SPT1057257,2022-11-06,2336.03
TAX923609,USR3925,SPT1072912,2023-06-18,14847.46
TAX923610,USR2432,SPT1622882,2022-09-16,26521.48
TAX923611,USR8853,SPT378032,2022-12-19,29996.31
TAX923612,USR4557,SPT1129935,2023-04-04,11738.39
TAX923613,USR8437,SPT516626,2022-09-21,35633.74
TAX923614,USR7694,SPT534912,2023-12-05,6299.01
TAX923615,USR8804,SPT1501101,2022-04-28,37297.87
TAX923616,USR3426,SPT244499,2022-08-14,22632.37
TAX923617,USR6457,SPT656241,2022-04-14,2324.89
TAX923618,USR4111,SPT1134701,2024-01-16,46855.15
TAX923619,USR1860,SPT1111617,2022-10-05,11246.9
TAX923620,USR145,SPT296319,2023-02-13,34811.29
TAX923621,USR4712,SPT442482,2022-06-04,45288.54
TAX923622,USR2521,SPT1892224,2022-11-26,37235.03
TAX923623,USR9126,SPT621651,2023-02-01,46210.02
TAX923624,USR6373,SPT490788,2022-10-11,5381.94
TAX923625,USR5928,SPT1798517,2022-04-24,15435.68
TAX923626,USR4633,SPT251457,2022-11-28,23179.62
TAX923627,USR6948,SPT1095137,2023-07-30,46952.95
TAX923628,USR9155,SPT853121,2023-07-27,44203.6
TAX923629,USR175,SPT502680,2022-03-24,4085.54
TAX923630,USR1322,SPT1050454,2022-09-06,18637.35
TAX923631,USR276,SPT1398466,2022-09-03,14879.22
TAX923632,USR583,SPT1047108,2022-04-06,15520.86
TAX923633,USR3406,SPT1090561,2023-06-23,14344.29
TAX923634,USR9369,SPT65795,2022-04-26,14855.28
TAX923635,USR5014,SPT643790,2023-04-25,36533.97
TAX923636,USR2790,SPT872453,2023-09-17,16581.81
TAX923637,USR1894,SPT1778354,2022-12-13,3019.36
TAX923638,USR8306,SPT1062990,2023-07-31,14668.5
TAX923639,USR4452,SPT1950636,2023-08-23,24001.74
TAX923640,USR2553,SPT968158,2022-07-11,8598.18
TAX923641,USR7437,SPT447583,2023-07-14,2891.1
TAX923642,USR2681,SPT1547618,2023-10-17,42983.46
TAX923643,USR350,SPT92804,2022-07-04,38565.78
TAX923644,USR2376,SPT1026786,2023-04-28,43875.77
TAX923645,USR9549,SPT439612,2022-10-15,18922.97
TAX923646,USR2538,SPT893199,2023-08-07,47028.02
TAX923647,USR2773,SPT1173255,2023-04-13,10912.15
TAX923648,USR1870,SPT1707559,2023-12-31,7067.6
TAX923649,USR1150,SPT343962,2023-06-08,18986.67
TAX923650,USR1994,SPT1742815,2023-12-13,22945.46
TAX923651,USR5112,SPT46921,2023-12-21,45197.12
TAX923652,USR2640,SPT860576,2023-10-07,32141.22
TAX923653,USR998,SPT1795165,2023-11-13,36636.21
TAX923654,USR4735,SPT607023,2022-12-07,36024.69
TAX923655,USR2681,SPT767935,2022-10-18,5043.11
TAX923656,USR8483,SPT1467226,2023-12-09,42923.79
TAX923657,USR3609,SPT925201,2023-08-24,44938.93
TAX923658,USR6385,SPT595010,2023-02-01,37453.97
TAX923659,USR2120,SPT467595,2022-08-16,46789.29
TAX923660,USR8043,SPT1551053,2022-04-20,46109.21
TAX923661,USR7834,SPT1981808,2022-09-23,24238.27
TAX923662,USR8561,SPT1164476,2023-04-30,5756.76
TAX923663,USR7989,SPT302824,2024-01-22,23624.52
TAX923664,USR1147,SPT220950,2022-03-18,27423.29
TAX923665,USR6205,SPT1244754,2022-11-17,41327.66
TAX923666,USR4270,SPT841099,2022-05-08,32480.09
TAX923667,USR6584,SPT1056797,2023-03-27,8632.96
TAX923668,USR6538,SPT1252377,2023-01-27,48151.37
TAX923669,USR7194,SPT1036348,2022-06-01,10242.95
TAX923670,USR1732,SPT824823,2022-06-06,15427.43
TAX923671,USR8928,SPT541556,2022-02-24,41436.58
TAX923672,USR4994,SPT1116258,2022-07-15,16785.86
TAX923673,USR7808,SPT621621,2022-07-13,10733.87
TAX923674,USR6396,SPT993202,2023-01-19,32555.91
TAX923675,USR6735,SPT812253,2023-12-10,31872.0
TAX923676,USR8885,SPT356159,2023-12-30,48891.02
TAX923677,USR1517,SPT554605,2023-12-06,29377.74
TAX923678,USR2101,SPT796955,2023-03-04,29270.5
TAX923679,USR4119,SPT956097,2022-04-27,44686.97
TAX923680,USR8477,SPT127978,2023-12-27,25026.02
TAX923681,USR7538,SPT1194490,2023-10-09,24679.68
TAX923682,USR2545,SPT1285300,2023-04-02,6697.43
TAX923683,USR6163,SPT1210301,2022-06-26,49809.9
TAX923684,USR8587,SPT1430279,2023-04-13,10968.22
TAX923685,USR5748,SPT1092866,2023-08-29,13774.64
TAX923686,USR4472,SPT239359,2022-12-24,37476.19
TAX923687,USR1782,SPT671822,2023-12-25,4369.89
TAX923688,USR2213,SPT140832,2022-08-15,45432.47
TAX923689,USR1446,SPT421164,2022-03-26,10721.35
TAX923690,USR1710,SPT900768,2022-12-13,23927.49
TAX923691,USR2938,SPT1567662,2024-01-06,17445.39
TAX923692,USR32,SPT1167193,2023-03-15,26766.42
TAX923693,USR9747,SPT1354134,2022-06-08,47861.13
TAX923694,USR1548,SPT1086831,2022-05-08,40223.88
TAX923695,USR3343,SPT821130,2022-08-18,13481.06
TAX923696,USR8062,SPT308378,2024-01-08,44526.83
TAX923697,USR520,SPT443938,2023-04-12,32050.55
TAX923698,USR3716,SPT1573802,2022-06-03,7393.12
TAX923699,USR7077,SPT208589,2022-05-20,45340.33
TAX923700,USR3305,SPT1489009,2022-05-30,39490.51
TAX923701,USR1312,SPT51950,2022-07-09,6525.43
TAX923702,USR3961,SPT1044887,2023-11-23,1552.15
TAX923703,USR1788,SPT1605163,2023-02-10,5990.13
TAX923704,USR6653,SPT1900833,2024-01-26,43385.61
TAX923705,USR460,SPT1008942,2022-07-22,9001.58
TAX923706,USR4960,SPT933494,2022-09-14,34381.7
TAX923707,USR2202,SPT813639,2023-07-06,14231.2
TAX923708,USR3777,SPT1882445,2023-02-16,35414.34
TAX923709,USR9580,SPT1047881,2022-05-10,8213.54
TAX923710,USR2502,SPT640557,2023-05-03,26697.61
TAX923711,USR7550,SPT1791372,2022-10-25,45875.77
TAX923712,USR9069,SPT1314188,2022-08-22,49365.81
TAX923713,USR940,SPT1115955,2023-04-30,10776.42
TAX923714,USR3430,SPT1255057,2022-04-20,28602.89
TAX923715,USR7130,SPT1926249,2022-12-05,25717.69
TAX923716,USR2541,SPT131357,2023-01-05,38546.31
TAX923717,USR8727,SPT1691900,2022-12-29,42889.86
TAX923718,USR2785,SPT1265992,2022-12-14,12202.83
TAX923719,USR624,SPT1587626,2023-05-13,26232.34
TAX923720,USR4599,SPT710227,2023-10-29,27445.91
TAX923721,USR1519,SPT186014,2023-07-23,8280.33
TAX923722,USR9424,SPT600445,2022-08-30,7402.67
TAX923723,USR2671,SPT1272308,2023-09-08,23334.71
TAX923724,USR240,SPT1276275,2023-01-05,8081.07
TAX923725,USR4297,SPT432836,2023-04-13,23167.68
TAX923726,USR3411,SPT1455698,2022-06-02,12400.58
TAX923727,USR3525,SPT988707,2023-04-13,26433.76
TAX923728,USR3806,SPT90116,2023-07-06,12201.65
TAX923729,USR1212,SPT1987176,2023-01-12,4521.72
TAX923730,USR3928,SPT108439,2022-11-16,43354.02
TAX923731,USR7382,SPT277460,2024-01-13,16089.31
TAX923732,USR5818,SPT719647,2023-08-06,36641.64
TAX923733,USR8805,SPT848834,2023-12-13,13725.73
TAX923734,USR9458,SPT988508,2022-05-25,11446.88
TAX923735,USR8501,SPT899864,2023-12-15,20023.32
TAX923736,USR701,SPT1229005,2024-02-09,47277.21
TAX923737,USR1889,SPT561966,2023-01-09,23680.01
TAX923738,USR126,SPT47668,2023-05-28,36883.45
TAX923739,USR7931,SPT863149,2022-08-31,1780.68
TAX923740,USR5656,SPT4089,2022-06-07,12192.51
TAX923741,USR5230,SPT1643203,2022-06-18,34051.89
TAX923742,USR9841,SPT1295264,2022-04-08,19911.96
TAX923743,USR1033,SPT1397651,2023-02-10,44497.94
TAX923744,USR4429,SPT1062497,2022-03-18,11767.91
TAX923745,USR7177,SPT1690995,2023-04-27,19119.88
TAX923746,USR2523,SPT1246826,2023-07-30,25012.12
TAX923747,USR6611,SPT301433,2022-06-17,25614.59
TAX923748,USR6169,SPT968166,2023-09-17,2253.89
TAX923749,USR426,SPT842840,2022-04-01,24771.21
TAX923750,USR4868,SPT1962492,2022-03-28,18248.3
TAX923751,USR660,SPT1602064,2023-12-03,27595.72
TAX923752,USR7486,SPT1574194,2023-11-14,33759.17
TAX923753,USR4806,SPT841507,2024-01-02,9645.44
TAX923754,USR2161,SPT39218,2022-04-07,9829.78
TAX923755,USR7993,SPT659774,2022-10-05,16369.01
TAX923756,USR9603,SPT294313,2023-06-27,42152.36
TAX923757,USR1975,SPT1751968,2023-08-26,24578.85
TAX923758,USR8542,SPT295405,2023-11-29,1949.55
TAX923759,USR6590,SPT1000398,2023-07-15,16979.24
TAX923760,USR8530,SPT605099,2022-12-11,24040.08
TAX923761,USR9287,SPT838698,2023-03-31,28239.56
TAX923762,USR1577,SPT668051,2024-01-13,31133.09
TAX923763,USR9347,SPT1618192,2022-08-09,48992.18
TAX923764,USR6352,SPT326107,2023-04-19,36349.72
TAX923765,USR3251,SPT315642,2022-08-20,13890.73
TAX923766,USR7068,SPT114406,2022-06-07,18125.62
TAX923767,USR7395,SPT401549,2022-06-07,12373.43
TAX923768,USR4042,SPT679184,2023-01-25,37568.15
TAX923769,USR9754,SPT1517721,2022-04-09,3049.24
TAX923770,USR711,SPT888438,2022-09-09,21470.19
TAX923771,USR9354,SPT1052936,2023-01-05,49759.34
TAX923772,USR4311,SPT1818214,2023-05-22,10818.62
TAX923773,USR392,SPT145322,2023-06-08,28198.64
TAX923774,USR2249,SPT1380688,2024-01-11,24857.38
TAX923775,USR2578,SPT831492,2022-04-23,12044.29
TAX923776,USR9135,SPT8448,2023-03-17,45903.09
TAX923777,USR1750,SPT619205,2023-10-15,43245.43
TAX923778,USR871,SPT843594,2023-05-27,10072.47
TAX923779,USR3376,SPT1804680,2024-01-24,41910.15
TAX923780,USR1949,SPT937611,2022-05-11,41495.64
TAX923781,USR1018,SPT699711,2022-08-01,24190.54
TAX923782,USR2069,SPT1716131,2022-04-20,39593.51
TAX923783,USR1866,SPT788433,2022-09-05,3631.19
TAX923784,USR8722,SPT144737,2022-02-18,22072.32
TAX923785,USR8899,SPT59881,2023-08-19,45847.16
TAX923786,USR2574,SPT315038,2023-03-11,41197.34
TAX923787,USR9511,SPT1589954,2023-10-09,31072.17
TAX923788,USR3833,SPT344240,2022-03-17,11428.59
TAX923789,USR292,SPT1256579,2022-08-01,45623.6
TAX923790,USR2060,SPT742726,2022-02-20,44333.53
TAX923791,USR8797,SPT1803163,2022-11-19,23530.07
TAX923792,USR1636,SPT1327302,2022-10-08,39795.2
TAX923793,USR3693,SPT547181,2023-05-13,1014.39
TAX923794,USR7385,SPT1790581,2023-05-09,42160.24
TAX923795,USR9543,SPT583984,2023-09-25,14921.93
TAX923796,USR6894,SPT480154,2023-11-12,14244.83
TAX923797,USR3385,SPT1907545,2022-12-04,9038.36
TAX923798,USR3244,SPT1672106,2022-04-24,15098.09
TAX923799,USR5864,SPT856960,2023-10-07,1292.52
TAX923800,USR5949,SPT1122520,2024-01-25,17377.65
TAX923801,USR3489,SPT1462437,2023-07-01,5391.87
TAX923802,USR4686,SPT1483197,2022-03-28,8626.21
TAX923803,USR6969,SPT1170247,2023-05-05,36018.33
TAX923804,USR7641,SPT1581830,2023-05-24,41306.13
TAX923805,USR4506,SPT749835,2023-07-09,41214.34
TAX923806,USR9498,SPT1407430,2023-08-15,36594.81
TAX923807,USR3845,SPT41765,2022-09-10,34830.82
TAX923808,USR9272,SPT705486,2022-12-11,42638.63
TAX923809,USR9255,SPT1332410,2022-06-23,19168.06
TAX923810,USR3153,SPT1542738,2022-11-25,42755.5
TAX923811,USR5273,SPT1336509,2022-12-12,19607.01
TAX923812,USR1859,SPT862637,2022-02-23,43211.27
TAX923813,USR7236,SPT77629,2023-06-23,22159.68
TAX923814,USR5501,SPT1711836,2023-08-19,29612.84
TAX923815,USR8956,SPT82146,2023-12-16,2216.68
TAX923816,USR6105,SPT946081,2022-03-27,39804.68
TAX923817,USR6002,SPT995455,2022-12-11,30645.97
TAX923818,USR4567,SPT414219,2023-04-02,49217.03
TAX923819,USR8482,SPT705339,2022-02-09,2863.21
TAX923820,USR7910,SPT782493,2024-01-13,44799.81
TAX923821,USR465,SPT741734,2023-12-29,38884.52
TAX923822,USR2441,SPT214396,2022-03-23,38873.37
TAX923823,USR1820,SPT1128775,2022-03-27,1329.3
TAX923824,USR4647,SPT830580,2022-12-05,27690.19
TAX923825,USR9250,SPT1806878,2023-11-23,5933.78
TAX923826,USR7482,SPT1188178,2023-06-27,9753.46
TAX923827,USR2022,SPT212457,2024-01-30,35079.87
TAX923828,USR9432,SPT1252742,2022-02-27,20902.99
TAX923829,USR8524,SPT524884,2023-01-23,28188.41
TAX923830,USR730,SPT652237,2023-12-23,18260.54
TAX923831,USR5872,SPT1684532,2022-12-17,3717.98
TAX923832,USR2910,SPT1616946,2023-08-10,11295.95
TAX923833,USR8682,SPT1632293,2022-02-25,17636.32
TAX923834,USR2210,SPT8065,2022-11-22,4826.19
TAX923835,USR7175,SPT531722,2023-04-21,2996.02
TAX923836,USR1698,SPT1895847,2022-09-03,34067.44
TAX923837,USR9568,SPT1779919,2023-02-01,15317.78
TAX923838,USR7887,SPT1656330,2022-11-17,31105.04
TAX923839,USR2932,SPT55296,2022-09-08,48857.35
TAX923840,USR1548,SPT394065,2023-09-22,28349.72
TAX923841,USR4501,SPT443802,2022-05-26,10978.42
TAX923842,USR4421,SPT985091,2023-12-21,18959.74
TAX923843,USR6469,SPT892670,2024-01-19,7793.97
TAX923844,USR4660,SPT666322,2023-08-08,25148.09
TAX923845,USR156,SPT1756028,2022-03-26,31006.75
TAX923846,USR5724,SPT1551437,2023-10-24,8087.38
TAX923847,USR6387,SPT684233,2023-10-11,14504.27
TAX923848,USR4449,SPT1439487,2023-01-07,21832.41
TAX923849,USR7686,SPT700950,2023-07-17,8964.72
TAX923850,USR8938,SPT556074,2022-08-03,25471.12
TAX923851,USR950,SPT1796582,2023-09-27,18529.37
TAX923852,USR3081,SPT1336151,2022-02-25,31421.73
TAX923853,USR5970,SPT709677,2023-06-18,44499.61
TAX923854,USR1164,SPT648006,2023-01-29,20276.17
TAX923855,USR1192,SPT484158,2023-05-24,41897.48
TAX923856,USR9784,SPT1270297,2023-07-31,5399.28
TAX923857,USR6162,SPT544793,2023-02-10,41198.93
TAX923858,USR7899,SPT582057,2024-01-03,36686.79
TAX923859,USR7872,SPT913072,2022-08-14,46744.18
TAX923860,USR8690,SPT1091048,2022-06-16,8271.11
TAX923861,USR3015,SPT1948565,2023-11-12,9544.73
TAX923862,USR5479,SPT455820,2023-07-08,1805.64
TAX923863,USR6930,SPT614465,2023-11-08,7795.89
TAX923864,USR3380,SPT528091,2024-02-09,49016.66
TAX923865,USR6795,SPT1666191,2022-12-25,6578.53
TAX923866,USR9357,SPT1512386,2023-03-01,6828.75
TAX923867,USR6215,SPT1770807,2023-12-11,49088.66
TAX923868,USR5454,SPT1868665,2022-08-14,28674.69
TAX923869,USR2607,SPT1108239,2024-01-30,27897.4
TAX923870,USR643,SPT225142,2023-09-28,27811.84
TAX923871,USR6165,SPT1425674,2023-06-23,38012.52
TAX923872,USR2900,SPT719061,2022-10-08,44466.18
TAX923873,USR1377,SPT18708,2022-04-28,29146.0
TAX923874,USR212,SPT527496,2023-11-06,43211.66
TAX923875,USR5611,SPT1862926,2022-10-10,9403.27
TAX923876,USR2655,SPT1085197,2022-09-30,38850.01
TAX923877,USR3666,SPT54643,2022-04-07,18605.65
TAX923878,USR4227,SPT278772,2022-09-29,19132.38
TAX923879,USR9841,SPT1010790,2023-12-14,45133.2
TAX923880,USR5085,SPT97484,2024-01-29,27145.65
TAX923881,USR7146,SPT197872,2022-10-28,40810.88
TAX923882,USR933,SPT1823857,2023-02-21,3429.84
TAX923883,USR4922,SPT1704715,2023-07-28,10557.12
TAX923884,USR5349,SPT495419,2023-06-11,26856.65
TAX923885,USR354,SPT1507173,2023-01-27,7523.46
TAX923886,USR8240,SPT1082078,2023-04-08,45489.71
TAX923887,USR580,SPT885055,2023-10-12,9329.23
TAX923888,USR6799,SPT1421719,2023-11-28,30400.0
TAX923889,USR8853,SPT1382800,2023-11-02,30619.29
TAX923890,USR5454,SPT1665305,2023-08-01,16376.11
TAX923891,USR3908,SPT1035389,2022-03-10,15107.33
TAX923892,USR3580,SPT1033998,2022-08-26,33769.37
TAX923893,USR9042,SPT601934,2023-07-17,10169.45
TAX923894,USR7199,SPT1213737,2022-11-06,16582.11
TAX923895,USR7644,SPT1802408,2022-04-10,7071.56
TAX923896,USR2738,SPT947790,2022-05-27,46550.34
TAX923897,USR8902,SPT39709,2022-07-16,7708.16
TAX923898,USR6414,SPT1745648,2024-02-04,10629.48
TAX923899,USR8539,SPT975458,2023-02-20,20720.72
TAX923900,USR1410,SPT1921168,2022-07-06,42497.68
TAX923901,USR7360,SPT1350376,2023-11-21,15827.28
TAX923902,USR7204,SPT1114297,2023-03-29,26343.76
TAX923903,USR7406,SPT884167,2023-09-28,22429.28
TAX923904,USR4606,SPT1685178,2023-01-01,1154.6
TAX923905,USR4201,SPT789870,2023-11-02,7483.89
TAX923906,USR8936,SPT1716027,2022-03-16,30287.43
TAX923907,USR3810,SPT1965584,2024-01-06,33119.39
TAX923908,USR2233,SPT748349,2023-07-10,32861.98
TAX923909,USR4100,SPT597638,2022-12-31,47802.83
TAX923910,USR5739,SPT830136,2023-11-26,6204.55
TAX923911,USR1045,SPT1912965,2022-10-28,23678.57
TAX923912,USR9889,SPT1709296,2023-04-25,44320.63
TAX923913,USR3042,SPT587736,2023-09-05,13769.91
TAX923914,USR6642,SPT1138060,2022-12-20,20377.17
TAX923915,USR4620,SPT661752,2022-05-05,6474.16
TAX923916,USR5318,SPT389571,2022-02-13,22991.5
TAX923917,USR2417,SPT408367,2022-11-22,25953.38
TAX923918,USR4153,SPT599121,2022-08-06,19236.36
TAX923919,USR4115,SPT741862,2022-02-27,9642.89
TAX923920,USR5711,SPT247616,2023-10-21,5258.45
TAX923921,USR2231,SPT1117548,2023-12-21,13495.47
TAX923922,USR8186,SPT1262659,2023-03-08,27338.12
TAX923923,USR3953,SPT418829,2022-04-14,44377.87
TAX923924,USR8973,SPT1045498,2024-01-28,42967.13
TAX923925,USR1054,SPT1776591,2023-10-25,34511.42
TAX923926,USR3881,SPT1824313,2023-05-27,39895.47
TAX923927,USR5509,SPT922138,2022-10-01,48917.14
TAX923928,USR3462,SPT1831577,2023-07-17,38811.4
TAX923929,USR5622,SPT1814997,2022-08-08,44374.54
TAX923930,USR4193,SPT478647,2022-12-10,4175.31
TAX923931,USR7474,SPT186447,2022-04-20,39528.28
TAX923932,USR152,SPT1144442,2022-07-16,19359.14
TAX923933,USR9051,SPT1302311,2023-04-10,45368.65
TAX923934,USR2074,SPT717144,2023-07-19,34487.05
TAX923935,USR1733,SPT425370,2022-12-26,22728.22
TAX923936,USR1211,SPT1701040,2023-11-09,38946.08
TAX923937,USR2441,SPT1758229,2022-07-21,34823.92
TAX923938,USR2461,SPT835157,2023-01-11,2869.26
TAX923939,USR1916,SPT466588,2022-10-26,33693.14
TAX923940,USR1455,SPT189942,2024-01-15,29752.2
TAX923941,USR2256,SPT187389,2023-01-25,32843.76
TAX923942,USR8233,SPT38033,2022-05-21,28665.09
TAX923943,USR6947,SPT1909358,2023-02-02,32185.4
TAX923944,USR6294,SPT1634303,2022-03-28,37501.89
TAX923945,USR5228,SPT357455,2023-03-27,1244.59
TAX923946,USR5289,SPT1611403,2022-02-22,5040.26
TAX923947,USR3793,SPT1548676,2022-12-09,29170.96
TAX923948,USR5561,SPT831094,2023-02-04,13510.18
TAX923949,USR7316,SPT1504891,2022-05-03,26808.24
TAX923950,USR1819,SPT1851659,2023-01-17,3334.6
TAX923951,USR6337,SPT9482,2024-01-22,44571.73
TAX923952,USR7070,SPT155196,2022-10-30,15556.21
TAX923953,USR890,SPT286498,2023-10-15,35987.29
TAX923954,USR8874,SPT1542120,2023-02-06,23068.9
TAX923955,USR431,SPT1764539,2022-11-26,7208.36
TAX923956,USR7414,SPT534122,2023-12-26,21800.43
TAX923957,USR3445,SPT1694991,2023-09-04,11433.16
TAX923958,USR3250,SPT221553,2022-11-24,19422.47
TAX923959,USR5353,SPT266443,2022-10-29,43213.34
TAX923960,USR1564,SPT1241134,2022-06-30,12064.86
TAX923961,USR5584,SPT1216284,2022-02-18,29899.63
TAX923962,USR9509,SPT676550,2023-10-22,40746.72
TAX923963,USR2888,SPT1707824,2023-07-10,35167.29
TAX923964,USR7420,SPT414587,2022-03-05,26084.13
TAX923965,USR3957,SPT1947040,2023-06-09,18812.32
TAX923966,USR4242,SPT1996485,2023-07-06,28561.02
TAX923967,USR7465,SPT1920055,2023-09-09,40784.27
TAX923968,USR1541,SPT466780,2022-12-23,27441.38
TAX923969,USR668,SPT340124,2023-12-21,26336.07
TAX923970,USR8602,SPT587264,2023-10-28,28157.66
TAX923971,USR3508,SPT444634,2023-05-01,28331.86
TAX923972,USR6285,SPT483649,2023-07-12,1619.27
TAX923973,USR511,SPT1997514,2022-10-01,23145.46
TAX923974,USR8040,SPT43136,2022-09-08,19019.06
TAX923975,USR5086,SPT1941209,2024-01-21,25135.59
TAX923976,USR7603,SPT1265592,2022-05-29,1481.52
TAX923977,USR2948,SPT1795932,2024-01-30,26046.69
TAX923978,USR5400,SPT705963,2022-08-24,22435.5
TAX923979,USR9704,SPT59567,2023-07-16,36813.37
TAX923980,USR2894,SPT1829584,2024-01-01,43128.31
TAX923981,USR7953,SPT528999,2024-01-16,36083.87
TAX923982,USR595,SPT813523,2023-03-24,8432.88
TAX923983,USR2439,SPT1852476,2022-04-15,26249.88
TAX923984,USR5873,SPT1744159,2023-12-03,14064.55
TAX923985,USR4941,SPT391604,2022-03-10,30186.31
TAX923986,USR7367,SPT1250412,2022-03-26,5601.3
TAX923987,USR9814,SPT441163,2023-05-03,12649.51
TAX923988,USR1328,SPT591205,2023-04-09,25524.26
TAX923989,USR4735,SPT1056272,2023-08-26,21348.71
TAX923990,USR3374,SPT1838485,2023-11-23,29383.12
TAX923991,USR2706,SPT1110972,2022-05-26,6464.02
TAX923992,USR3733,SPT1782337,2023-03-12,29694.63
TAX923993,USR4014,SPT1234426,2022-08-29,11442.35
TAX923994,USR8475,SPT1619303,2022-03-11,34741.0
TAX923995,USR1232,SPT1811908,2022-09-17,44876.72
TAX923996,USR1,SPT1989357,2022-06-29,30151.17
TAX923997,USR840,SPT349484,2023-06-12,7615.72
TAX923998,USR8957,SPT1750830,2022-08-14,45642.29
TAX923999,USR8079,SPT1982969,2023-10-18,44586.09
TAX924000,USR8745,SPT1941873,2024-02-03,45044.43
TAX924001,USR6269,SPT580944,2023-12-25,41480.96
TAX924002,USR1095,SPT885152,2023-08-14,36548.72
TAX924003,USR4737,SPT1782776,2023-04-12,15763.44
TAX924004,USR2719,SPT661241,2022-10-09,21139.57
TAX924005,USR9923,SPT427701,2022-05-02,39326.58
TAX924006,USR3271,SPT1423308,2022-04-27,26576.52
TAX924007,USR910,SPT180540,2022-09-19,22239.49
TAX924008,USR2340,SPT395850,2023-11-02,35005.6
TAX924009,USR421,SPT1210569,2023-09-04,19613.82
TAX924010,USR7880,SPT1730853,2023-12-01,43881.69
TAX924011,USR9948,SPT859542,2023-05-09,12299.59
TAX924012,USR4142,SPT1830065,2023-01-05,8901.17
TAX924013,USR7228,SPT1669324,2022-02-10,11176.48
TAX924014,USR1223,SPT781953,2022-09-28,10507.66
TAX924015,USR7884,SPT1775859,2022-07-15,31390.74
TAX924016,USR584,SPT25070,2023-07-14,1470.83
TAX924017,USR138,SPT1697357,2023-12-07,11647.75
TAX924018,USR326,SPT1690037,2023-05-27,29529.0
TAX924019,USR2165,SPT158901,2023-05-31,39912.56
TAX924020,USR7463,SPT1238028,2022-03-15,25992.46
TAX924021,USR2940,SPT1722952,2023-05-24,22622.83
TAX924022,USR7629,SPT546926,2022-10-18,29108.63
TAX924023,USR77,SPT605555,2023-10-06,25005.04
TAX924024,USR2733,SPT1365079,2022-10-07,19773.95
TAX924025,USR3490,SPT1145379,2022-03-11,18616.6
TAX924026,USR9902,SPT1582623,2022-12-07,35021.65
TAX924027,USR9966,SPT1667936,2022-06-21,16248.21
TAX924028,USR8375,SPT991481,2023-08-20,24978.43
TAX924029,USR711,SPT1868991,2023-05-27,9886.67
TAX924030,USR1935,SPT926867,2023-02-25,15383.24
TAX924031,USR3180,SPT1946334,2022-06-28,47937.09
TAX924032,USR6784,SPT1266352,2023-09-09,7501.1
TAX924033,USR8920,SPT498450,2023-12-16,36161.16
TAX924034,USR2370,SPT1258417,2023-12-13,27302.82
TAX924035,USR6933,SPT934588,2023-06-04,12656.3
TAX924036,USR4009,SPT1183878,2023-11-20,4317.47
TAX924037,USR8852,SPT1858321,2022-11-05,27415.2
TAX924038,USR8090,SPT31947,2023-09-26,30501.53
TAX924039,USR7404,SPT909989,2022-12-31,47082.0
TAX924040,USR7991,SPT1148235,2022-10-14,41559.34
TAX924041,USR2709,SPT1069812,2023-02-13,16608.44
TAX924042,USR3929,SPT1379065,2022-05-18,44398.94
TAX924043,USR7688,SPT421193,2023-12-09,10052.71
TAX924044,USR8198,SPT1784466,2022-12-25,48691.07
TAX924045,USR7716,SPT1633722,2022-12-11,10827.0
TAX924046,USR1081,SPT58880,2023-03-26,6809.97
TAX924047,USR9734,SPT205992,2022-05-27,29164.21
TAX924048,USR7065,SPT1420116,2022-03-15,44078.55
TAX924049,USR5431,SPT457700,2023-12-24,49592.72
TAX924050,USR1637,SPT1255301,2022-05-20,20531.35
TAX924051,USR3634,SPT902198,2023-02-25,45685.17
TAX924052,USR9983,SPT1130992,2022-04-01,14784.78
TAX924053,USR5425,SPT806603,2023-01-11,11135.91
TAX924054,USR6409,SPT1638036,2022-08-26,11061.89
TAX924055,USR9244,SPT508119,2023-07-28,48300.4
TAX924056,USR7128,SPT127271,2022-12-14,28226.75
TAX924057,USR6241,SPT1004623,2023-09-30,3044.51
TAX924058,USR8325,SPT438287,2023-09-01,47990.87
TAX924059,USR5362,SPT1788208,2023-11-24,21073.88
TAX924060,USR3267,SPT925000,2023-04-02,15533.17
TAX924061,USR3535,SPT489471,2022-06-28,10162.96
TAX924062,USR8274,SPT980504,2023-08-25,43209.92
TAX924063,USR7701,SPT1404221,2023-09-21,18816.96
TAX924064,USR5025,SPT1115441,2022-08-02,49298.0
TAX924065,USR8547,SPT513555,2023-09-17,12581.28
TAX924066,USR5826,SPT1454128,2022-12-13,31917.81
TAX924067,USR1577,SPT1466764,2023-05-31,32810.8
TAX924068,USR6755,SPT381535,2022-12-14,28893.46
TAX924069,USR6518,SPT1753188,2023-01-25,26629.23
TAX924070,USR9393,SPT1677967,2022-06-08,25633.54
TAX924071,USR4958,SPT1246695,2024-01-02,14381.82
TAX924072,USR4292,SPT1270215,2022-10-10,26033.64
TAX924073,USR1135,SPT1487327,2023-07-05,28875.57
TAX924074,USR4147,SPT369815,2023-10-02,1515.26
TAX924075,USR2595,SPT1144464,2022-06-11,18111.85
TAX924076,USR537,SPT1784267,2022-06-08,45264.06
TAX924077,USR7796,SPT775932,2023-02-23,42562.63
TAX924078,USR7031,SPT1367642,2023-10-21,37598.14
TAX924079,USR4398,SPT1160866,2023-11-13,48994.48
TAX924080,USR7317,SPT796132,2022-06-30,46163.92
TAX924081,USR5870,SPT1431048,2022-03-28,43533.78
TAX924082,USR7380,SPT1140166,2023-03-17,7451.29
TAX924083,USR7398,SPT1232723,2023-09-04,29194.64
TAX924084,USR8466,SPT816151,2022-04-07,14578.18
TAX924085,USR486,SPT98720,2024-01-06,42172.89
TAX924086,USR5490,SPT1960090,2023-01-13,27381.45
TAX924087,USR6911,SPT1859196,2023-03-15,36415.29
TAX924088,USR8353,SPT504773,2022-03-01,22192.44
TAX924089,USR9809,SPT1454307,2023-07-06,35727.05
TAX924090,USR562,SPT1508434,2023-01-05,44073.86
TAX924091,USR6945,SPT1301473,2023-05-15,48317.56
TAX924092,USR1369,SPT410262,2022-09-01,15510.18
TAX924093,USR3530,SPT161007,2022-06-08,7642.87
TAX924094,USR9689,SPT658332,2023-07-27,34227.97
TAX924095,USR2810,SPT1296642,2022-04-28,13156.15
TAX924096,USR4458,SPT181407,2023-11-02,38870.31
TAX924097,USR2043,SPT1748193,2022-08-17,7274.16
TAX924098,USR4310,SPT600222,2023-12-05,23995.56
TAX924099,USR3444,SPT1513172,2023-01-06,23666.62
TAX924100,USR9853,SPT1379654,2022-04-12,33104.54
TAX924101,USR7759,SPT1953210,2023-11-20,49995.12
TAX924102,USR9202,SPT449968,2022-05-05,42102.05
TAX924103,USR2374,SPT417871,2023-04-24,19000.86
TAX924104,USR803,SPT103168,2023-09-05,3386.55
TAX924105,USR1156,SPT392605,2022-09-29,34001.33
TAX924106,USR7347,SPT1799299,2023-12-04,9827.24
TAX924107,USR8116,SPT1179910,2023-06-01,48158.3
TAX924108,USR2784,SPT1003836,2023-11-29,5136.64
TAX924109,USR3818,SPT1149371,2022-07-25,44601.72
TAX924110,USR2894,SPT761916,2022-10-26,35120.81
TAX924111,USR8900,SPT692257,2023-11-05,30815.53
TAX924112,USR657,SPT1907812,2022-03-01,25155.48
TAX924113,USR8443,SPT718684,2023-09-23,27235.76
TAX924114,USR9315,SPT1980911,2022-08-31,42251.8
TAX924115,USR5658,SPT807291,2022-11-29,3396.11
TAX924116,USR9374,SPT833841,2023-11-30,34237.53
TAX924117,USR8702,SPT236894,2022-12-25,32400.31
TAX924118,USR2583,SPT1954331,2022-04-14,39925.85
TAX924119,USR5076,SPT128922,2024-01-05,3881.34
TAX924120,USR5107,SPT687839,2023-09-12,28253.61
TAX924121,USR7928,SPT1303696,2023-08-30,28918.86
TAX924122,USR2973,SPT258021,2023-06-24,31522.12
TAX924123,USR8444,SPT1356442,2022-12-09,4529.87
TAX924124,USR4165,SPT1982982,2023-08-01,48574.64
TAX924125,USR9608,SPT1299527,2022-04-25,28142.32
TAX924126,USR7231,SPT439745,2023-04-16,9276.4
TAX924127,USR2166,SPT1477293,2022-03-19,6073.1
TAX924128,USR4131,SPT1900229,2023-10-06,11945.2
TAX924129,USR5208,SPT1824634,2023-05-11,47412.84
TAX924130,USR5457,SPT66715,2023-02-01,12215.48
TAX924131,USR7180,SPT871951,2023-04-18,25255.68
TAX924132,USR6659,SPT1496286,2023-03-26,43127.79
TAX924133,USR1150,SPT1704682,2022-10-06,10203.89
TAX924134,USR2379,SPT944096,2022-07-29,43121.11
TAX924135,USR4013,SPT1214447,2022-10-23,17815.33
TAX924136,USR4827,SPT478908,2023-12-22,30030.57
TAX924137,USR802,SPT374504,2023-01-02,41244.71
TAX924138,USR2282,SPT167248,2023-02-08,30197.8
TAX924139,USR6553,SPT1434816,2023-07-30,37669.27
TAX924140,USR7783,SPT91091,2022-07-17,2712.76
TAX924141,USR5865,SPT866149,2023-08-18,12807.67
TAX924142,USR254,SPT1513346,2022-05-29,21920.74
TAX924143,USR9425,SPT33948,2022-03-29,35939.91
TAX924144,USR9153,SPT754168,2022-10-30,29719.69
TAX924145,USR2203,SPT48512,2023-03-28,36345.16
TAX924146,USR9100,SPT510247,2024-01-31,8887.14
TAX924147,USR8660,SPT377020,2023-09-12,7604.08
TAX924148,USR3324,SPT1571574,2023-01-13,20481.87
TAX924149,USR7475,SPT1718422,2023-08-09,21684.66
TAX924150,USR9310,SPT1444871,2023-04-10,47899.47
TAX924151,USR7341,SPT675628,2022-09-06,39835.46
TAX924152,USR4075,SPT1366042,2024-01-25,16038.87
TAX924153,USR7227,SPT810719,2023-03-06,9339.06
TAX924154,USR2689,SPT1351769,2022-08-04,45527.3
TAX924155,USR1618,SPT1396847,2023-06-04,25666.57
TAX924156,USR7818,SPT992288,2023-04-14,30410.2
TAX924157,USR2300,SPT528993,2023-02-08,15680.42
TAX924158,USR722,SPT1970816,2023-07-04,4210.44
TAX924159,USR2550,SPT172099,2023-06-18,49945.31
TAX924160,USR992,SPT351133,2023-01-18,40692.77
TAX924161,USR7509,SPT149415,2023-11-07,22580.01
TAX924162,USR6897,SPT643293,2022-02-21,42102.66
TAX924163,USR7571,SPT1993179,2023-07-24,14792.36
TAX924164,USR7411,SPT709624,2022-11-09,15167.07
TAX924165,USR7093,SPT304320,2023-12-16,14457.23
TAX924166,USR5597,SPT1707581,2022-12-22,5775.31
TAX924167,USR4667,SPT614813,2022-07-11,7069.46
TAX924168,USR7504,SPT1017050,2023-05-11,17017.68
TAX924169,USR7156,SPT1018376,2022-05-29,3202.41
TAX924170,USR9169,SPT991827,2023-11-28,28503.22
TAX924171,USR4183,SPT823014,2023-08-05,35058.27
TAX924172,USR7613,SPT1941258,2022-08-04,47379.1
TAX924173,USR6818,SPT802054,2022-05-13,37409.81
TAX924174,USR941,SPT1819461,2023-05-10,35835.95
TAX924175,USR6532,SPT1654488,2022-05-04,36363.05
TAX924176,USR5293,SPT1585350,2023-11-25,32094.21
TAX924177,USR981,SPT1034886,2023-11-22,32140.74
TAX924178,USR5154,SPT1307526,2023-04-08,41818.41
TAX924179,USR1942,SPT1013216,2023-01-16,36224.6
TAX924180,USR5763,SPT1992347,2024-01-19,5679.49
TAX924181,USR4818,SPT717989,2024-01-25,33735.57
TAX924182,USR5451,SPT716351,2023-04-27,2541.72
TAX924183,USR7265,SPT1234928,2023-01-25,2602.9
TAX924184,USR1060,SPT1136829,2023-09-23,14689.03
TAX924185,USR2916,SPT1935183,2023-06-14,23766.39
TAX924186,USR1095,SPT1736666,2023-06-03,34415.89
TAX924187,USR1453,SPT1188777,2023-11-16,43180.91
TAX924188,USR5569,SPT1723864,2022-04-02,17547.62
TAX924189,USR6969,SPT3589,2022-11-02,13433.02
TAX924190,USR9711,SPT1692272,2023-12-06,7608.6
TAX924191,USR6597,SPT1607935,2022-06-01,2053.36
TAX924192,USR4348,SPT1641012,2023-11-27,29085.43
TAX924193,USR6373,SPT1691566,2022-03-20,38069.1
TAX924194,USR5501,SPT1825429,2022-05-13,45640.57
TAX924195,USR8595,SPT1026364,2022-10-30,35508.02
TAX924196,USR3600,SPT991344,2023-12-12,1818.13
TAX924197,USR6441,SPT188923,2022-06-29,7326.28
TAX924198,USR1232,SPT1929144,2024-01-30,1238.39
TAX924199,USR7844,SPT1424061,2023-05-23,17767.76
TAX924200,USR6774,SPT1403081,2023-07-19,12394.6
TAX924201,USR6851,SPT1270420,2024-01-05,11795.57
TAX924202,USR9978,SPT1901093,2024-02-07,15688.02
TAX924203,USR3903,SPT1747674,2022-09-02,42244.03
TAX924204,USR7912,SPT52157,2023-02-12,27114.31
TAX924205,USR2246,SPT1887108,2022-11-21,7102.24
TAX924206,USR3638,SPT1400463,2023-05-23,43556.81
TAX924207,USR9728,SPT294697,2023-11-19,13375.61
TAX924208,USR9174,SPT537108,2023-04-12,30485.22
TAX924209,USR8777,SPT1306885,2023-01-15,6273.08
TAX924210,USR3637,SPT1397717,2022-08-02,19224.49
TAX924211,USR8503,SPT1036921,2022-07-17,16127.09
TAX924212,USR8715,SPT1923346,2023-01-17,5038.59
TAX924213,USR8449,SPT973457,2023-03-19,1257.19
TAX924214,USR7853,SPT195299,2022-10-12,48652.3
TAX924215,USR7123,SPT392815,2022-10-04,28427.78
TAX924216,USR8655,SPT610525,2023-03-10,10353.56
TAX924217,USR8359,SPT1020688,2023-12-27,23248.18
TAX924218,USR1258,SPT1286248,2022-02-27,36676.45
TAX924219,USR7106,SPT657836,2022-08-29,15247.98
TAX924220,USR536,SPT221137,2022-03-03,26109.36
TAX924221,USR7026,SPT1409832,2023-07-05,34144.75
TAX924222,USR163,SPT1366367,2023-07-12,38492.89
TAX924223,USR133,SPT858228,2023-07-18,38543.35
TAX924224,USR6034,SPT78521,2023-12-30,32386.49
TAX924225,USR4451,SPT305051,2023-10-05,3528.3
TAX924226,USR6974,SPT206608,2023-05-23,31198.78
TAX924227,USR3624,SPT1846462,2022-02-12,5710.95
TAX924228,USR176,SPT776749,2022-05-30,33761.98
TAX924229,USR3533,SPT1485888,2022-08-07,1315.58
TAX924230,USR5987,SPT342397,2023-11-09,36846.39
TAX924231,USR2086,SPT1701329,2022-05-15,11322.62
TAX924232,USR4717,SPT104497,2023-11-24,9223.7
TAX924233,USR2537,SPT1534677,2022-07-27,34804.75
TAX924234,USR9732,SPT25365,2023-12-16,46115.72
TAX924235,USR7812,SPT1489470,2023-10-01,25657.71
TAX924236,USR8201,SPT1733849,2022-04-08,27573.8
TAX924237,USR3865,SPT1540629,2023-09-25,9464.21
TAX924238,USR3295,SPT760617,2023-05-28,15828.58
TAX924239,USR9896,SPT813514,2022-08-07,16362.95
TAX924240,USR9882,SPT324455,2022-09-04,9181.94
TAX924241,USR5698,SPT1362070,2022-07-24,8080.0
TAX924242,USR5664,SPT456283,2023-04-01,49495.95
TAX924243,USR1454,SPT1554280,2023-05-04,11177.06
TAX924244,USR5755,SPT1038863,2023-08-18,29323.11
TAX924245,USR1429,SPT1141565,2023-04-06,38368.44
TAX924246,USR8398,SPT1115984,2022-11-28,31866.88
TAX924247,USR1178,SPT778814,2023-03-15,10614.98
TAX924248,USR5067,SPT1368809,2022-05-13,31877.48
TAX924249,USR137,SPT868257,2023-12-05,2366.32
TAX924250,USR1809,SPT1730574,2022-09-24,3744.91
TAX924251,USR8182,SPT1236432,2023-02-01,1505.29
TAX924252,USR9967,SPT1275283,2022-11-25,18131.63
TAX924253,USR9289,SPT123644,2023-06-24,45166.23
TAX924254,USR7499,SPT1594177,2022-05-25,3640.66
TAX924255,USR3266,SPT1798442,2022-03-23,44567.04
TAX924256,USR3298,SPT1615473,2023-04-23,18685.9
TAX924257,USR3556,SPT470512,2023-04-25,11181.45
TAX924258,USR6985,SPT334678,2022-07-13,38139.58
TAX924259,USR9890,SPT69676,2022-06-11,14633.77
TAX924260,USR6210,SPT1197108,2022-11-13,9639.95
TAX924261,USR4643,SPT1588419,2024-01-11,34528.22
TAX924262,USR6118,SPT183097,2023-07-04,10427.88
TAX924263,USR7373,SPT855651,2022-12-20,24320.16
TAX924264,USR8725,SPT752278,2023-05-21,27992.81
TAX924265,USR1939,SPT648062,2023-06-29,17718.32
TAX924266,USR199,SPT865874,2022-07-19,23956.77
TAX924267,USR5885,SPT553777,2022-11-01,46918.79
TAX924268,USR3173,SPT1752856,2023-05-30,47090.18
TAX924269,USR1237,SPT1402723,2023-05-19,29000.35
TAX924270,USR837,SPT214682,2023-02-18,17886.7
TAX924271,USR5679,SPT1856546,2022-11-22,8779.56
TAX924272,USR2029,SPT168387,2022-07-06,32793.12
TAX924273,USR7413,SPT361385,2022-08-12,2728.39
TAX924274,USR4401,SPT1120971,2022-07-02,11450.3
TAX924275,USR9563,SPT174658,2023-09-20,11080.86
TAX924276,USR1145,SPT41794,2023-07-25,29539.76
TAX924277,USR1711,SPT1176005,2023-04-24,10976.9
TAX924278,USR9741,SPT1352924,2023-07-26,28554.06
TAX924279,USR8953,SPT170414,2022-04-28,21791.88
TAX924280,USR5634,SPT599070,2022-06-03,18173.72
TAX924281,USR3693,SPT52241,2022-02-26,22053.85
TAX924282,USR7683,SPT1807958,2022-07-07,49755.81
TAX924283,USR9881,SPT1614658,2022-05-25,44510.81
TAX924284,USR1509,SPT1479226,2022-12-03,27283.26
TAX924285,USR1267,SPT110949,2022-02-19,34859.71
TAX924286,USR869,SPT861325,2023-10-02,8401.74
TAX924287,USR3543,SPT1640778,2022-10-25,12778.35
TAX924288,USR7675,SPT1543506,2023-02-02,11957.93
TAX924289,USR8389,SPT411895,2023-03-01,14970.0
TAX924290,USR1594,SPT1264172,2024-01-06,48980.13
TAX924291,USR2963,SPT1554370,2022-05-07,43379.25
TAX924292,USR9195,SPT1207552,2023-07-07,9846.82
TAX924293,USR5729,SPT1544855,2023-10-22,46599.91
TAX924294,USR9244,SPT1176985,2022-12-15,43835.78
TAX924295,USR2484,SPT304246,2022-04-22,34240.57
TAX924296,USR6326,SPT1205518,2023-06-21,11712.25
TAX924297,USR6622,SPT650232,2022-08-16,9841.81
TAX924298,USR6898,SPT1839641,2024-01-20,26493.41
TAX924299,USR4687,SPT972725,2023-09-26,29758.05
TAX924300,USR2189,SPT649362,2024-01-12,11007.03
TAX924301,USR9649,SPT357289,2023-05-26,48098.09
TAX924302,USR7083,SPT1993565,2022-07-29,31613.62
TAX924303,USR4660,SPT1150768,2023-05-17,26168.26
TAX924304,USR2798,SPT1272037,2022-10-19,19399.09
TAX924305,USR8047,SPT172959,2022-10-20,23325.83
TAX924306,USR3276,SPT1913425,2023-01-27,32098.93
TAX924307,USR7159,SPT1958016,2022-03-09,42263.8
TAX924308,USR978,SPT492909,2023-03-16,4144.29
TAX924309,USR6229,SPT1691795,2023-12-18,37719.51
TAX924310,USR414,SPT990787,2024-02-06,16302.84
TAX924311,USR5392,SPT836971,2023-03-15,2765.27
TAX924312,USR557,SPT1084054,2023-10-01,27936.41
TAX924313,USR1684,SPT215007,2023-01-25,6144.4
TAX924314,USR1364,SPT1966811,2023-11-02,24639.92
TAX924315,USR4989,SPT1993409,2022-05-24,14764.24
TAX924316,USR7036,SPT630446,2023-05-13,17047.02
TAX924317,USR2994,SPT1336010,2024-01-28,34613.12
TAX924318,USR104,SPT538409,2023-07-11,38177.36
TAX924319,USR4702,SPT1797561,2022-08-31,38644.4
TAX924320,USR7455,SPT1397658,2023-03-08,31332.29
TAX924321,USR6566,SPT1085112,2023-03-21,42079.31
TAX924322,USR4622,SPT20177,2023-12-09,47786.11
TAX924323,USR9875,SPT395862,2023-04-08,11084.89
TAX924324,USR9254,SPT1350430,2022-03-18,44643.96
TAX924325,USR3842,SPT301653,2023-04-10,37043.76
TAX924326,USR6872,SPT1498592,2023-02-06,13200.24
TAX924327,USR9808,SPT1711988,2023-07-24,24098.04
TAX924328,USR823,SPT1474240,2024-01-30,40899.06
TAX924329,USR453,SPT1428287,2023-12-22,3008.67
TAX924330,USR3495,SPT255084,2023-01-26,42929.52
TAX924331,USR2791,SPT215662,2023-03-06,21074.63
TAX924332,USR8711,SPT1676820,2022-07-03,2758.8
TAX924333,USR4828,SPT1159857,2023-04-17,26606.73
TAX924334,USR3420,SPT1824660,2022-04-28,24878.92
TAX924335,USR5727,SPT1298931,2023-08-11,20694.73
TAX924336,USR1453,SPT208189,2022-12-18,48275.74
TAX924337,USR4810,SPT96358,2022-07-25,22921.8
TAX924338,USR1623,SPT300753,2022-04-06,18182.82
TAX924339,USR6582,SPT91526,2022-04-18,19078.13
TAX924340,USR7119,SPT477358,2022-12-18,35313.96
TAX924341,USR9124,SPT856503,2023-08-27,21960.63
TAX924342,USR5004,SPT743591,2023-10-07,38121.09
TAX924343,USR9593,SPT490783,2024-01-08,33836.09
TAX924344,USR6554,SPT737306,2023-06-19,16572.14
TAX924345,USR7554,SPT1522928,2023-10-04,25848.42
TAX924346,USR3931,SPT1211761,2023-09-27,22632.17
TAX924347,USR7227,SPT27872,2023-10-21,34150.77
TAX924348,USR8783,SPT1683973,2023-12-18,32996.1
TAX924349,USR9671,SPT1388403,2022-08-04,41304.37
TAX924350,USR7543,SPT758344,2023-04-12,43087.73
TAX924351,USR3945,SPT1572090,2022-02-23,26801.77
TAX924352,USR5306,SPT46355,2022-05-30,30064.48
TAX924353,USR877,SPT605235,2023-07-30,11321.88
TAX924354,USR6135,SPT978293,2022-08-21,19674.48
TAX924355,USR9505,SPT1547232,2022-02-25,36446.47
TAX924356,USR608,SPT102023,2023-08-18,23535.33
TAX924357,USR5750,SPT1727416,2023-05-19,5496.62
TAX924358,USR8256,SPT933347,2024-02-05,33425.11
TAX924359,USR8265,SPT707406,2023-05-17,1740.21
TAX924360,USR4213,SPT961946,2024-01-30,16307.34
TAX924361,USR5317,SPT1030827,2022-07-26,7652.89
TAX924362,USR6572,SPT1924312,2022-10-14,3954.41
TAX924363,USR9499,SPT118719,2023-09-08,38985.81
TAX924364,USR9063,SPT674123,2023-03-18,47718.76
TAX924365,USR6139,SPT363015,2022-09-17,24009.21
TAX924366,USR987,SPT1730746,2022-04-29,38631.73
TAX924367,USR8870,SPT1816394,2023-10-04,49593.46
TAX924368,USR7632,SPT1134615,2022-07-24,8162.23
TAX924369,USR7708,SPT1491389,2024-01-08,30081.56
TAX924370,USR3535,SPT1179718,2023-02-20,45475.61
TAX924371,USR604,SPT1861609,2023-12-27,26030.26
TAX924372,USR2319,SPT54149,2022-07-19,5433.66
TAX924373,USR370,SPT1051652,2023-04-09,13105.22
TAX924374,USR5583,SPT84049,2023-08-08,42915.78
TAX924375,USR9453,SPT1098265,2023-09-11,31390.09
TAX924376,USR614,SPT717178,2022-04-08,19358.04
TAX924377,USR8835,SPT1633245,2023-01-13,27231.04
TAX924378,USR2790,SPT367483,2023-11-03,26072.23
TAX924379,USR7330,SPT1525493,2022-06-17,30566.39
TAX924380,USR1305,SPT1492121,2024-01-06,32984.43
TAX924381,USR8497,SPT482158,2022-05-07,37324.94
TAX924382,USR3867,SPT213018,2024-02-04,21059.38
TAX924383,USR3868,SPT273464,2022-07-23,25790.96
TAX924384,USR4119,SPT1556556,2022-08-05,47615.98
TAX924385,USR5195,SPT1612315,2022-05-20,38282.53
TAX924386,USR2425,SPT427047,2023-03-12,31219.66
TAX924387,USR1782,SPT99859,2023-11-16,4587.18
TAX924388,USR9249,SPT329302,2022-02-28,36372.04
TAX924389,USR3654,SPT1694255,2022-12-19,35256.43
TAX924390,USR380,SPT414452,2023-11-11,19342.78
TAX924391,USR8205,SPT1336590,2022-09-19,20993.33
TAX924392,USR444,SPT1919781,2022-07-27,38858.36
TAX924393,USR6260,SPT1307673,2023-09-04,45440.08
TAX924394,USR7509,SPT1714709,2022-04-21,32915.37
TAX924395,USR2939,SPT608176,2023-12-18,29656.64
TAX924396,USR2868,SPT713261,2023-05-03,34498.74
TAX924397,USR8815,SPT100347,2023-01-22,45352.64
TAX924398,USR3078,SPT1403228,2022-12-14,46157.4
TAX924399,USR1232,SPT768786,2023-03-08,16901.78
TAX924400,USR1097,SPT66658,2022-02-22,49203.63
TAX924401,USR2015,SPT629508,2022-07-02,43278.56
TAX924402,USR4053,SPT141253,2023-12-20,6514.54
TAX924403,USR9515,SPT278355,2024-01-12,38171.24
TAX924404,USR8551,SPT809023,2022-10-14,41134.14
TAX924405,USR6899,SPT408828,2023-10-24,12640.01
TAX924406,USR7417,SPT1412080,2022-12-03,1304.46
TAX924407,USR3174,SPT199466,2022-07-03,34524.45
TAX924408,USR9091,SPT29814,2023-04-17,38309.94
TAX924409,USR6920,SPT1812579,2022-07-13,41137.06
TAX924410,USR9525,SPT1710856,2023-08-15,25234.15
TAX924411,USR1362,SPT1226901,2023-06-19,7331.95
TAX924412,USR3134,SPT1191147,2024-01-28,18296.21
TAX924413,USR9140,SPT998899,2022-02-23,31833.16
TAX924414,USR4998,SPT309090,2022-10-26,14814.96
TAX924415,USR1209,SPT537555,2022-04-05,36971.15
TAX924416,USR1135,SPT595514,2022-06-09,4537.15
TAX924417,USR9445,SPT1577908,2023-02-17,6136.52
TAX924418,USR5027,SPT1576254,2023-12-31,18287.69
TAX924419,USR7214,SPT1496707,2023-01-17,23839.91
TAX924420,USR5740,SPT600404,2022-07-01,21563.79
TAX924421,USR6280,SPT608670,2022-02-22,11956.63
TAX924422,USR2621,SPT991346,2023-01-11,14136.75
TAX924423,USR165,SPT864850,2023-07-08,31039.16
TAX924424,USR3278,SPT1598229,2022-11-03,32203.28
TAX924425,USR9295,SPT1224155,2022-08-25,2617.37
TAX924426,USR5105,SPT1034298,2022-02-17,3626.22
TAX924427,USR6630,SPT1408993,2022-05-28,31076.59
TAX924428,USR7555,SPT457606,2023-05-14,39426.39
TAX924429,USR8511,SPT1830996,2022-04-18,25238.12
TAX924430,USR118,SPT655693,2022-07-21,5801.66
TAX924431,USR5995,SPT1667316,2022-04-18,13580.96
TAX924432,USR2944,SPT1437648,2023-03-12,29421.51
TAX924433,USR3618,SPT1913706,2023-05-23,35817.47
TAX924434,USR2421,SPT713215,2022-11-16,21363.85
TAX924435,USR2896,SPT813861,2023-06-23,19190.64
TAX924436,USR8582,SPT136712,2022-05-20,25182.81
TAX924437,USR1587,SPT675272,2023-01-21,39259.66
TAX924438,USR3569,SPT819146,2022-08-24,46130.13
TAX924439,USR3707,SPT1266036,2023-11-13,33349.97
TAX924440,USR5180,SPT1277769,2023-05-26,48881.62
TAX924441,USR7790,SPT1711899,2022-02-26,14750.55
TAX924442,USR712,SPT761189,2023-11-17,20369.42
TAX924443,USR5226,SPT1333444,2024-02-03,44090.58
TAX924444,USR3274,SPT486291,2023-09-04,30957.1
TAX924445,USR808,SPT1523462,2022-12-05,42285.21
TAX924446,USR9129,SPT21268,2024-01-31,37076.73
TAX924447,USR2668,SPT495687,2023-07-13,28660.4
TAX924448,USR3809,SPT1601918,2023-01-12,34147.82
TAX924449,USR7632,SPT1982371,2022-08-10,32571.4
TAX924450,USR3620,SPT1916058,2023-12-11,25026.8
TAX924451,USR687,SPT1882437,2024-01-12,46353.46
TAX924452,USR8935,SPT1900749,2023-04-06,45442.94
TAX924453,USR3733,SPT598248,2023-01-10,12847.25
TAX924454,USR5697,SPT942424,2024-01-01,2369.84
TAX924455,USR7046,SPT1369147,2022-11-18,17103.14
TAX924456,USR874,SPT753512,2023-08-27,40587.7
TAX924457,USR8558,SPT40963,2023-07-08,7976.47
TAX924458,USR5504,SPT74187,2023-07-31,38403.79
TAX924459,USR3171,SPT1259643,2023-08-24,42736.83
TAX924460,USR1652,SPT1891244,2023-05-16,11710.58
TAX924461,USR8457,SPT998513,2023-12-15,9892.3
TAX924462,USR6528,SPT1792989,2023-01-13,28361.04
TAX924463,USR6984,SPT1207616,2023-05-19,7278.85
TAX924464,USR7357,SPT1724386,2022-10-01,40874.62
TAX924465,USR4916,SPT1719888,2022-07-07,37602.0
TAX924466,USR7937,SPT772517,2023-01-31,47907.74
TAX924467,USR697,SPT1331662,2023-10-19,30957.45
TAX924468,USR8406,SPT1002034,2023-11-10,34360.13
TAX924469,USR6963,SPT184736,2023-06-08,13293.85
TAX924470,USR1950,SPT190684,2022-09-02,19078.11
TAX924471,USR1652,SPT483815,2022-02-16,11413.72
TAX924472,USR4931,SPT178955,2023-02-22,28528.17
TAX924473,USR9686,SPT2977,2022-02-18,42375.76
TAX924474,USR9583,SPT955909,2023-05-18,24618.98
TAX924475,USR8102,SPT1447317,2023-12-26,9879.67
TAX924476,USR9857,SPT1022978,2022-08-13,9854.92
TAX924477,USR5316,SPT1413065,2022-08-26,13917.42
TAX924478,USR8217,SPT258454,2022-07-22,42182.37
TAX924479,USR5643,SPT490218,2023-03-06,22395.36
TAX924480,USR1314,SPT1245415,2023-12-14,12729.59
TAX924481,USR5795,SPT347357,2023-08-09,4788.06
TAX924482,USR102,SPT804628,2022-09-12,26241.71
TAX924483,USR9306,SPT1379273,2024-01-29,24470.75
TAX924484,USR3869,SPT712618,2024-01-13,4213.1
TAX924485,USR156,SPT1401386,2022-04-01,26392.28
TAX924486,USR8245,SPT1803161,2022-04-24,19374.13
TAX924487,USR9433,SPT1507772,2022-06-21,31385.12
TAX924488,USR8811,SPT21632,2023-05-06,36065.46
TAX924489,USR5084,SPT770373,2023-01-19,20171.17
TAX924490,USR868,SPT1745063,2023-04-27,23029.31
TAX924491,USR6246,SPT42163,2022-10-30,19703.92
TAX924492,USR9855,SPT365703,2022-09-16,19487.71
TAX924493,USR4919,SPT1221109,2023-04-29,6451.64
TAX924494,USR2413,SPT902410,2023-02-24,22741.5
TAX924495,USR1682,SPT1615581,2023-07-09,45088.9
TAX924496,USR2438,SPT1683414,2023-12-06,20501.0
TAX924497,USR4499,SPT41006,2022-05-25,12095.09
TAX924498,USR5971,SPT321245,2023-02-20,18271.02
TAX924499,USR2273,SPT1363321,2023-01-17,9353.95
TAX924500,USR5585,SPT1594054,2022-07-23,49218.95
TAX924501,USR8815,SPT699080,2022-02-21,19469.83
TAX924502,USR3134,SPT1249818,2022-03-30,20375.71
TAX924503,USR3965,SPT676516,2022-09-02,4769.0
TAX924504,USR808,SPT1910335,2023-01-22,47239.83
TAX924505,USR344,SPT1834509,2023-06-20,5291.68
TAX924506,USR2667,SPT1227626,2023-01-07,32830.41
TAX924507,USR7715,SPT967964,2023-09-23,19615.58
TAX924508,USR150,SPT587059,2023-01-12,38513.32
TAX924509,USR6724,SPT1646835,2023-04-24,45506.53
TAX924510,USR8117,SPT1306395,2022-03-04,21528.0
TAX924511,USR2776,SPT908930,2023-04-04,7091.59
TAX924512,USR5547,SPT1165703,2023-10-26,19221.77
TAX924513,USR5090,SPT555003,2023-11-24,16489.23
TAX924514,USR3144,SPT411694,2022-12-09,21438.38
TAX924515,USR6802,SPT1144918,2023-09-21,7616.71
TAX924516,USR921,SPT157420,2023-05-25,12771.93
TAX924517,USR9017,SPT1094914,2022-07-05,38464.99
TAX924518,USR7499,SPT1087861,2023-09-20,22130.91
TAX924519,USR8072,SPT832888,2023-09-25,44616.09
TAX924520,USR7977,SPT1079446,2023-09-14,36185.15
TAX924521,USR2517,SPT440024,2024-01-13,35052.43
TAX924522,USR88,SPT196724,2022-12-03,10408.57
TAX924523,USR8111,SPT1779488,2023-02-15,36996.05
TAX924524,USR387,SPT1770360,2022-07-12,37437.3
TAX924525,USR9076,SPT1404413,2022-07-25,42171.79
TAX924526,USR9714,SPT862796,2023-11-08,11482.08
TAX924527,USR271,SPT1563543,2023-09-10,9868.72
TAX924528,USR8521,SPT1625724,2022-03-21,23832.02
TAX924529,USR5323,SPT1353163,2022-09-07,40302.81
TAX924530,USR9846,SPT752707,2023-06-22,31023.83
TAX924531,USR5814,SPT899132,2023-01-02,5762.07
TAX924532,USR684,SPT1139784,2024-01-07,30578.18
TAX924533,USR2216,SPT284724,2023-06-16,22908.03
TAX924534,USR2123,SPT27987,2023-07-05,17561.01
TAX924535,USR5817,SPT1864003,2022-08-05,49188.83
TAX924536,USR2863,SPT1929652,2022-05-19,31045.14
TAX924537,USR2566,SPT771383,2022-11-14,17196.34
TAX924538,USR2451,SPT479647,2022-05-02,19055.57
TAX924539,USR2616,SPT1282738,2022-06-07,8606.34
TAX924540,USR5990,SPT1011707,2023-09-17,47796.82
TAX924541,USR3439,SPT1772392,2022-07-16,16177.97
TAX924542,USR2747,SPT995808,2022-05-24,38481.47
TAX924543,USR1189,SPT1276866,2022-09-21,49073.04
TAX924544,USR8073,SPT148689,2023-07-06,39659.58
TAX924545,USR9888,SPT1808589,2023-11-01,4290.28
TAX924546,USR140,SPT379932,2023-09-09,5038.51
TAX924547,USR6390,SPT1457169,2024-01-01,34081.47
TAX924548,USR9118,SPT1423920,2022-03-07,40395.74
TAX924549,USR1089,SPT270096,2023-09-15,18009.82
TAX924550,USR4216,SPT1536654,2022-05-26,10057.63
TAX924551,USR9209,SPT1807799,2022-05-13,36624.19
TAX924552,USR9859,SPT1563673,2022-12-05,39069.01
TAX924553,USR9302,SPT639975,2022-09-22,16705.5
TAX924554,USR7745,SPT1872472,2023-12-15,6105.54
TAX924555,USR8065,SPT628084,2023-02-01,25024.51
TAX924556,USR1463,SPT1042082,2023-11-14,24697.31
TAX924557,USR7556,SPT771016,2023-09-03,7047.58
TAX924558,USR6639,SPT990334,2022-03-09,32630.39
TAX924559,USR9161,SPT1782667,2023-11-15,28178.2
TAX924560,USR3415,SPT1429154,2022-03-05,9544.77
TAX924561,USR1738,SPT633358,2023-12-08,45765.31
TAX924562,USR6840,SPT1279291,2023-03-26,44128.78
TAX924563,USR6974,SPT972903,2022-12-16,8244.25
TAX924564,USR4251,SPT256871,2022-03-22,6005.14
TAX924565,USR5890,SPT594338,2022-07-13,19142.98
TAX924566,USR2819,SPT520789,2024-01-14,40874.88
TAX924567,USR8481,SPT571941,2022-05-18,49525.61
TAX924568,USR101,SPT75164,2023-10-04,42094.79
TAX924569,USR8262,SPT780874,2022-08-25,40856.37
TAX924570,USR7922,SPT1278880,2022-06-22,39785.92
TAX924571,USR1374,SPT320824,2023-07-12,23797.09
TAX924572,USR1260,SPT297062,2022-10-15,25484.22
TAX924573,USR7499,SPT1634941,2022-03-03,48532.03
TAX924574,USR6094,SPT246930,2022-06-25,18878.09
TAX924575,USR2076,SPT1519935,2023-07-10,15751.69
TAX924576,USR794,SPT668851,2023-06-28,11675.53
TAX924577,USR4315,SPT726401,2023-07-02,48490.11
TAX924578,USR2423,SPT1988457,2023-02-19,49985.27
TAX924579,USR203,SPT80044,2023-03-03,40813.57
TAX924580,USR7993,SPT1013537,2022-07-24,42823.1
TAX924581,USR6958,SPT868053,2022-02-25,29162.63
TAX924582,USR9745,SPT53871,2023-07-22,1105.04
TAX924583,USR2682,SPT736408,2022-03-30,46548.34
TAX924584,USR5836,SPT483164,2023-12-16,15744.13
TAX924585,USR9966,SPT1281602,2023-11-27,14368.44
TAX924586,USR4653,SPT1312496,2023-03-22,31599.84
TAX924587,USR692,SPT685017,2022-12-13,39162.35
TAX924588,USR4544,SPT1053161,2023-07-14,1510.51
TAX924589,USR8361,SPT1455041,2023-06-30,29391.91
TAX924590,USR1315,SPT1374663,2023-08-16,1928.55
TAX924591,USR7055,SPT62742,2022-11-07,22573.89
TAX924592,USR5898,SPT1028543,2022-02-22,40594.9
TAX924593,USR4550,SPT1071263,2023-04-04,48132.27
TAX924594,USR1255,SPT209650,2023-03-02,40903.48
TAX924595,USR8071,SPT346483,2023-10-19,49424.44
TAX924596,USR6625,SPT346511,2024-02-01,22210.01
TAX924597,USR37,SPT409887,2023-04-19,21543.09
TAX924598,USR229,SPT1199847,2022-04-24,40874.99
TAX924599,USR9289,SPT1345791,2022-07-20,22043.41
TAX924600,USR6443,SPT1025993,2022-09-26,37100.44
TAX924601,USR9356,SPT1739520,2023-08-13,26789.23
TAX924602,USR1691,SPT508452,2022-03-11,25273.01
TAX924603,USR3376,SPT1254842,2023-09-21,25971.39
TAX924604,USR3265,SPT800558,2023-12-24,16190.37
TAX924605,USR8431,SPT1981379,2022-03-10,15592.44
TAX924606,USR4891,SPT452492,2022-07-21,39661.11
TAX924607,USR4348,SPT1081709,2023-04-17,49459.96
TAX924608,USR4313,SPT1741051,2022-12-19,29254.1
TAX924609,USR2136,SPT718263,2023-07-12,46006.22
TAX924610,USR9884,SPT1728350,2022-09-10,49795.39
TAX924611,USR4307,SPT494711,2022-12-04,36596.61
TAX924612,USR6969,SPT622928,2022-04-07,46658.67
TAX924613,USR1575,SPT1615177,2023-02-16,34805.93
TAX924614,USR3866,SPT269191,2023-09-10,47718.55
TAX924615,USR181,SPT669493,2022-12-23,27205.88
TAX924616,USR2534,SPT324747,2022-11-03,8544.68
TAX924617,USR8325,SPT1010347,2023-06-04,18880.11
TAX924618,USR7722,SPT1025988,2023-05-27,28453.27
TAX924619,USR530,SPT1774226,2023-11-24,32804.48
TAX924620,USR2044,SPT1349430,2023-02-17,37103.03
TAX924621,USR594,SPT47077,2022-12-30,37622.65
TAX924622,USR7314,SPT870238,2022-02-19,46525.9
TAX924623,USR1778,SPT969595,2022-08-28,17113.0
TAX924624,USR1373,SPT1255833,2022-09-03,42031.68
TAX924625,USR6024,SPT1676529,2024-01-21,34323.31
TAX924626,USR8580,SPT501812,2023-04-16,46892.39
TAX924627,USR2213,SPT1537380,2022-08-19,15793.25
TAX924628,USR6598,SPT1989489,2023-01-29,5739.57
TAX924629,USR3388,SPT1590521,2023-03-08,37439.16
TAX924630,USR6020,SPT1989738,2023-03-03,8331.41
TAX924631,USR61,SPT50428,2022-04-30,16827.69
TAX924632,USR4730,SPT620716,2022-12-04,41476.87
TAX924633,USR879,SPT1146865,2022-03-31,48023.3
TAX924634,USR5638,SPT531133,2023-02-08,35244.76
TAX924635,USR7375,SPT1635948,2023-10-14,41522.85
TAX924636,USR9065,SPT635643,2022-08-12,34985.73
TAX924637,USR2001,SPT1668854,2023-05-18,22545.31
TAX924638,USR3543,SPT909331,2023-07-20,49976.09
TAX924639,USR1944,SPT937636,2022-04-14,7276.26
TAX924640,USR9752,SPT103834,2023-10-30,40752.87
TAX924641,USR1851,SPT1460830,2023-04-02,31176.95
TAX924642,USR4095,SPT941668,2023-02-10,33953.52
TAX924643,USR9175,SPT55642,2023-10-26,20488.26
TAX924644,USR9756,SPT1918185,2022-06-15,49126.12
TAX924645,USR5065,SPT1380244,2023-08-05,21140.37
TAX924646,USR8388,SPT362629,2023-01-01,47850.47
TAX924647,USR8560,SPT906671,2023-05-02,16654.2
TAX924648,USR2310,SPT1950395,2022-08-31,19642.01
TAX924649,USR4210,SPT979609,2023-06-25,8432.81
TAX924650,USR629,SPT1725111,2023-12-25,13547.45
TAX924651,USR3885,SPT1675576,2022-09-19,18667.92
TAX924652,USR1650,SPT1033908,2023-01-15,46757.24
TAX924653,USR9637,SPT1978257,2022-03-21,9944.48
TAX924654,USR5799,SPT1628549,2023-06-23,10360.28
TAX924655,USR3727,SPT976190,2022-06-21,5050.93
TAX924656,USR8152,SPT873728,2022-06-28,40472.8
TAX924657,USR434,SPT995659,2022-08-13,42774.15
TAX924658,USR6403,SPT1046420,2022-09-20,6347.66
TAX924659,USR2784,SPT822041,2022-05-15,49124.77
TAX924660,USR7387,SPT1283670,2023-01-14,35482.6
TAX924661,USR5337,SPT747700,2023-01-31,15294.19
TAX924662,USR5115,SPT1533873,2022-08-27,31525.27
TAX924663,USR8884,SPT1736115,2022-12-22,28219.73
TAX924664,USR5406,SPT500535,2022-05-31,26873.58
TAX924665,USR2717,SPT894765,2022-08-04,29813.45
TAX924666,USR7016,SPT179552,2023-12-01,1095.94
TAX924667,USR8786,SPT1866892,2023-01-12,32136.73
TAX924668,USR7398,SPT1751267,2022-05-28,18680.77
TAX924669,USR2521,SPT1939471,2022-02-09,22375.25
TAX924670,USR8773,SPT1073192,2022-12-02,42601.31
TAX924671,USR6895,SPT1366268,2022-02-19,12121.77
TAX924672,USR5565,SPT1327528,2022-11-04,9732.8
TAX924673,USR8516,SPT668399,2023-12-31,16054.21
TAX924674,USR7587,SPT16263,2022-06-18,13109.7
TAX924675,USR1420,SPT878764,2023-05-21,28791.85
TAX924676,USR5309,SPT1055522,2024-02-07,4877.07
TAX924677,USR2513,SPT949195,2022-09-25,19911.48
TAX924678,USR8698,SPT588937,2022-12-03,12565.51
TAX924679,USR7406,SPT1517938,2023-03-13,7559.67
TAX924680,USR8706,SPT1954393,2023-06-27,31342.17
TAX924681,USR5018,SPT1143349,2022-07-15,25128.38
TAX924682,USR3379,SPT113074,2023-09-12,15721.24
TAX924683,USR4363,SPT640550,2023-11-15,10337.43
TAX924684,USR8266,SPT1429970,2023-11-03,38112.99
TAX924685,USR5523,SPT998778,2022-05-25,13643.52
TAX924686,USR7268,SPT527806,2022-11-09,4487.3
TAX924687,USR2015,SPT1262289,2023-07-18,4063.27
TAX924688,USR9757,SPT990611,2022-08-21,42048.89
TAX924689,USR3258,SPT959315,2023-03-12,13775.33
TAX924690,USR7444,SPT359913,2022-06-17,6024.9
TAX924691,USR8050,SPT1455371,2023-12-10,38289.03
TAX924692,USR2289,SPT1586672,2023-07-04,12188.46
TAX924693,USR7166,SPT1008447,2022-05-20,29539.19
TAX924694,USR1883,SPT533578,2023-06-08,20657.62
TAX924695,USR9867,SPT786687,2023-07-25,19729.39
TAX924696,USR4801,SPT1057299,2022-12-04,12678.78
TAX924697,USR747,SPT37781,2022-08-02,28970.37
TAX924698,USR105,SPT1863489,2023-07-19,40162.27
TAX924699,USR6353,SPT749325,2023-11-05,43302.06
TAX924700,USR7502,SPT693948,2023-01-26,2162.16
TAX924701,USR5488,SPT1182422,2023-02-13,34173.83
TAX924702,USR3014,SPT350712,2023-03-04,1633.52
TAX924703,USR4580,SPT175629,2023-11-19,22486.26
TAX924704,USR6394,SPT171322,2022-08-27,44103.0
TAX924705,USR2207,SPT599584,2022-03-23,15245.23
TAX924706,USR2057,SPT562362,2024-01-24,27562.91
TAX924707,USR4409,SPT1066210,2022-08-10,38704.83
TAX924708,USR121,SPT435002,2023-06-20,40586.78
TAX924709,USR7230,SPT532015,2023-07-05,10483.54
TAX924710,USR2901,SPT730467,2023-06-20,38918.79
TAX924711,USR6536,SPT1943363,2023-11-01,19468.75
TAX924712,USR6164,SPT1679836,2022-08-18,31127.9
TAX924713,USR6675,SPT1930573,2023-01-11,16405.92
TAX924714,USR7628,SPT114326,2024-02-01,16383.08
TAX924715,USR5249,SPT465797,2023-05-25,36137.12
TAX924716,USR2809,SPT929790,2023-06-05,42342.35
TAX924717,USR6769,SPT720473,2022-08-12,9152.16
TAX924718,USR6479,SPT1846043,2022-04-13,37904.05
TAX924719,USR4317,SPT257668,2023-09-30,6266.82
TAX924720,USR9240,SPT605622,2023-12-21,1403.04
TAX924721,USR1409,SPT1104656,2023-06-09,10859.61
TAX924722,USR6460,SPT1372748,2022-11-09,7049.53
TAX924723,USR5133,SPT1848834,2023-06-09,25357.28
TAX924724,USR6696,SPT1126848,2022-12-21,30264.69
TAX924725,USR1430,SPT361789,2024-01-14,22293.05
TAX924726,USR3748,SPT1130216,2022-08-19,1094.65
TAX924727,USR8879,SPT933351,2023-07-18,16100.96
TAX924728,USR1942,SPT1899591,2022-07-22,22925.02
TAX924729,USR1273,SPT774855,2022-06-11,19157.52
TAX924730,USR5039,SPT185467,2022-06-07,2934.11
TAX924731,USR1359,SPT1065911,2022-09-14,33379.4
TAX924732,USR4381,SPT883043,2022-07-28,22399.59
TAX924733,USR5637,SPT262222,2022-09-05,20035.53
TAX924734,USR3134,SPT349038,2022-05-13,36574.56
TAX924735,USR3916,SPT247942,2023-07-05,44858.87
TAX924736,USR7610,SPT727407,2023-12-08,5770.98
TAX924737,USR4563,SPT1199154,2022-08-23,44867.69
TAX924738,USR8299,SPT1333555,2022-09-13,17859.23
TAX924739,USR5301,SPT671228,2022-07-28,25950.82
TAX924740,USR875,SPT360556,2023-08-31,11618.48
TAX924741,USR8133,SPT687958,2023-03-09,35158.63
TAX924742,USR4992,SPT1945123,2022-12-03,47006.96
TAX924743,USR1968,SPT627158,2023-10-01,9050.78
TAX924744,USR4160,SPT244089,2023-01-12,45408.25
TAX924745,USR9489,SPT1969654,2023-01-29,26407.75
TAX924746,USR6905,SPT96673,2023-11-29,19266.26
TAX924747,USR9728,SPT667555,2023-05-11,1990.31
TAX924748,USR7970,SPT1342866,2022-07-11,33323.04
TAX924749,USR1087,SPT918481,2023-05-27,19463.15
TAX924750,USR320,SPT908118,2022-08-07,28697.16
TAX924751,USR7878,SPT1365209,2023-07-14,43000.89
TAX924752,USR9975,SPT1495686,2022-12-14,46361.01
TAX924753,USR4970,SPT1961291,2023-12-17,24285.88
TAX924754,USR5092,SPT341659,2023-07-18,28358.83
TAX924755,USR676,SPT186170,2023-04-11,31841.08
TAX924756,USR6422,SPT1577601,2023-04-09,21198.09
TAX924757,USR9719,SPT992162,2024-01-01,16898.29
TAX924758,USR5983,SPT252212,2023-06-16,10149.97
TAX924759,USR3761,SPT674659,2023-08-08,18491.65
TAX924760,USR2359,SPT316623,2022-10-04,23435.13
TAX924761,USR801,SPT1759566,2022-11-04,31470.34
TAX924762,USR6175,SPT525569,2023-03-17,26849.83
TAX924763,USR8542,SPT968430,2023-07-29,15250.79
TAX924764,USR112,SPT771434,2022-10-29,34933.11
TAX924765,USR2908,SPT967944,2023-09-07,27062.47
TAX924766,USR3259,SPT1083613,2023-08-10,43752.06
TAX924767,USR3268,SPT1411912,2022-04-21,4651.74
TAX924768,USR8239,SPT1086553,2022-05-19,6401.11
TAX924769,USR9158,SPT1395401,2023-07-12,12627.78
TAX924770,USR6804,SPT1394521,2022-06-21,10109.29
TAX924771,USR9649,SPT814368,2023-02-09,34355.56
TAX924772,USR6444,SPT526685,2024-01-29,49109.17
TAX924773,USR9302,SPT1043225,2023-03-13,3579.54
TAX924774,USR2444,SPT668873,2023-06-12,4972.09
TAX924775,USR9644,SPT439281,2023-01-23,16817.84
TAX924776,USR4151,SPT1317016,2023-04-03,33254.51
TAX924777,USR4168,SPT1317162,2023-05-05,19628.8
TAX924778,USR3559,SPT1300486,2022-09-11,5052.5
TAX924779,USR1433,SPT1302963,2022-06-26,19410.39
TAX924780,USR523,SPT1088732,2023-12-19,33439.48
TAX924781,USR4069,SPT1886446,2023-06-15,17744.76
TAX924782,USR8088,SPT923722,2022-05-19,49964.56
TAX924783,USR1592,SPT498827,2023-02-23,22506.48
TAX924784,USR688,SPT186423,2023-08-19,41577.72
TAX924785,USR5801,SPT1197050,2023-04-15,40346.54
TAX924786,USR4942,SPT1720208,2022-07-15,44932.41
TAX924787,USR2049,SPT537572,2024-01-07,2994.46
TAX924788,USR6981,SPT762921,2022-04-06,11641.13
TAX924789,USR7481,SPT1452138,2023-09-08,48590.45
TAX924790,USR2893,SPT53892,2023-11-22,31910.15
TAX924791,USR2365,SPT379486,2023-06-22,45988.35
TAX924792,USR5653,SPT1511242,2023-06-01,18252.78
TAX924793,USR4274,SPT1001186,2022-11-05,14907.21
TAX924794,USR484,SPT1481626,2022-04-13,18290.93
TAX924795,USR7440,SPT373832,2023-10-30,42859.93
TAX924796,USR1093,SPT190668,2023-02-03,5773.98
TAX924797,USR3765,SPT1149384,2023-11-23,43290.79
TAX924798,USR1977,SPT69184,2022-03-22,26221.64
TAX924799,USR3519,SPT736500,2022-11-18,25792.68
TAX924800,USR9710,SPT754824,2022-06-07,30859.97
TAX924801,USR5946,SPT1830777,2023-04-03,32882.98
TAX924802,USR7901,SPT1303248,2023-01-13,30798.74
TAX924803,USR7015,SPT916823,2023-05-04,9794.07
TAX924804,USR5737,SPT1890488,2023-03-12,9619.14
TAX924805,USR9339,SPT1326150,2023-05-08,48473.66
TAX924806,USR6142,SPT1115954,2023-06-13,35052.26
TAX924807,USR6366,SPT723078,2022-10-12,5764.85
TAX924808,USR2246,SPT1152690,2022-10-11,28651.64
TAX924809,USR9285,SPT186908,2022-05-18,37844.14
TAX924810,USR3936,SPT664746,2023-01-03,18512.19
TAX924811,USR6154,SPT547883,2022-08-18,28061.42
TAX924812,USR3893,SPT1697710,2023-01-18,7882.84
TAX924813,USR1254,SPT327027,2022-04-21,45678.32
TAX924814,USR4509,SPT1931215,2023-03-20,32039.63
TAX924815,USR2767,SPT255431,2023-01-19,5759.0
TAX924816,USR8468,SPT252090,2022-09-24,38839.49
TAX924817,USR624,SPT1659150,2023-04-11,18861.71
TAX924818,USR8142,SPT449896,2023-12-20,29768.54
TAX924819,USR5069,SPT1680439,2022-12-12,4256.6
TAX924820,USR1392,SPT1960743,2023-07-08,5728.96
TAX924821,USR2700,SPT636965,2022-09-09,48880.38
TAX924822,USR2878,SPT1903181,2023-05-14,39066.42
TAX924823,USR8852,SPT1205716,2023-03-31,24731.06
TAX924824,USR5030,SPT1380572,2023-12-25,36215.05
TAX924825,USR4534,SPT459934,2022-05-15,4890.8
TAX924826,USR2750,SPT570683,2022-10-18,5712.12
TAX924827,USR8447,SPT876457,2023-12-23,31635.27
TAX924828,USR6648,SPT1475161,2022-06-03,3519.53
TAX924829,USR5288,SPT266976,2022-09-01,43146.83
TAX924830,USR61,SPT1745115,2022-02-24,5223.47
TAX924831,USR9873,SPT589421,2023-07-11,38668.84
TAX924832,USR4158,SPT835431,2022-06-30,20365.34
TAX924833,USR3016,SPT737986,2023-06-06,6593.43
TAX924834,USR1168,SPT258393,2022-08-14,1902.83
TAX924835,USR8150,SPT590698,2023-09-30,3610.43
TAX924836,USR7307,SPT136878,2023-08-03,22031.65
TAX924837,USR5706,SPT1318665,2022-06-04,23418.75
TAX924838,USR3891,SPT1544270,2022-12-08,28296.37
TAX924839,USR6320,SPT391500,2022-04-12,47634.97
TAX924840,USR2325,SPT1717320,2022-03-13,39874.49
TAX924841,USR2166,SPT129448,2022-08-07,19687.0
TAX924842,USR1851,SPT1609909,2023-10-24,15054.11
TAX924843,USR6361,SPT1304202,2023-06-29,10128.18
TAX924844,USR6626,SPT922703,2022-07-03,16307.11
TAX924845,USR2672,SPT1603467,2022-11-14,20349.38
TAX924846,USR2188,SPT1540743,2023-06-17,26411.85
TAX924847,USR4571,SPT667072,2023-07-03,30937.3
TAX924848,USR8425,SPT110836,2023-04-12,35338.04
TAX924849,USR5682,SPT1017109,2022-05-09,26937.55
TAX924850,USR2150,SPT1089060,2023-10-25,36662.6
TAX924851,USR9002,SPT272468,2023-02-11,24962.36
TAX924852,USR2708,SPT164208,2022-03-01,39925.72
TAX924853,USR7584,SPT1953152,2023-08-11,39392.41
TAX924854,USR2282,SPT1870114,2022-07-28,38117.27
TAX924855,USR8934,SPT1489502,2022-05-21,6213.92
TAX924856,USR7948,SPT1394854,2022-11-07,20024.38
TAX924857,USR5738,SPT241537,2024-01-13,29131.72
TAX924858,USR7281,SPT1664403,2022-05-15,11445.59
TAX924859,USR4178,SPT1027325,2023-01-01,39430.21
TAX924860,USR9011,SPT1883410,2022-08-06,23915.6
TAX924861,USR2928,SPT513864,2022-12-15,12026.66
TAX924862,USR814,SPT721445,2022-12-04,35349.06
TAX924863,USR8507,SPT1443161,2023-03-10,17054.05
TAX924864,USR4435,SPT48401,2023-03-14,43557.09
TAX924865,USR1484,SPT1841012,2022-10-21,5607.8
TAX924866,USR2996,SPT470765,2022-09-28,19237.54
TAX924867,USR6196,SPT1626512,2023-05-27,21205.92
TAX924868,USR1153,SPT1014908,2022-07-03,3640.19
TAX924869,USR6090,SPT243738,2023-07-17,11174.26
TAX924870,USR5632,SPT1256721,2023-07-21,6353.04
TAX924871,USR2058,SPT200233,2023-06-21,20949.75
TAX924872,USR6576,SPT561587,2022-10-04,46091.25
TAX924873,USR338,SPT265534,2022-06-26,38187.86
TAX924874,USR970,SPT574246,2022-08-19,42152.42
TAX924875,USR813,SPT1007811,2023-11-18,7708.43
TAX924876,USR1983,SPT1843719,2022-02-19,37175.4
TAX924877,USR9333,SPT1563882,2023-09-05,12406.72
TAX924878,USR593,SPT1168560,2023-01-15,2616.04
TAX924879,USR5196,SPT1944993,2023-02-10,2993.69
TAX924880,USR16,SPT202023,2023-03-29,46464.46
TAX924881,USR850,SPT1336592,2023-02-12,31503.05
TAX924882,USR914,SPT1653668,2022-10-14,24778.38
TAX924883,USR5209,SPT989047,2022-03-24,5392.17
TAX924884,USR3500,SPT1404612,2023-06-04,2144.62
TAX924885,USR4114,SPT269672,2023-05-17,22347.81
TAX924886,USR6015,SPT1131694,2022-10-16,45688.25
TAX924887,USR5047,SPT1862385,2023-04-19,27667.67
TAX924888,USR1816,SPT1259061,2023-03-05,13508.15
TAX924889,USR7362,SPT584892,2023-09-07,31154.84
TAX924890,USR7074,SPT298469,2022-08-06,22913.83
TAX924891,USR1313,SPT1446873,2022-05-29,48545.98
TAX924892,USR2438,SPT1628443,2024-01-07,10620.11
TAX924893,USR7176,SPT712342,2023-05-22,12739.79
TAX924894,USR8790,SPT1342504,2022-04-17,21914.79
TAX924895,USR4421,SPT289435,2024-01-16,6911.48
TAX924896,USR652,SPT23046,2022-06-08,46056.16
TAX924897,USR5625,SPT581705,2022-04-13,49739.66
TAX924898,USR959,SPT1824192,2023-08-26,24260.32
TAX924899,USR1141,SPT1581544,2022-06-20,7100.04
TAX924900,USR2155,SPT1703839,2023-03-05,4597.57
TAX924901,USR8428,SPT808621,2023-05-25,19708.46
TAX924902,USR1559,SPT1716394,2022-03-02,27433.22
TAX924903,USR4421,SPT1791755,2023-04-29,37744.1
TAX924904,USR2354,SPT72636,2022-11-11,44685.71
TAX924905,USR6680,SPT1488665,2022-07-05,49869.5
TAX924906,USR9451,SPT1003140,2023-03-21,27972.5
TAX924907,USR7128,SPT558531,2023-03-29,48050.41
TAX924908,USR9651,SPT977632,2022-04-20,25815.03
TAX924909,USR1186,SPT1591526,2024-01-03,38254.11
TAX924910,USR9535,SPT883182,2024-01-22,19829.11
TAX924911,USR1759,SPT1410638,2022-06-09,23480.48
TAX924912,USR7865,SPT444928,2022-09-23,28080.41
TAX924913,USR5436,SPT98416,2023-11-21,1745.72
TAX924914,USR9689,SPT884468,2022-06-22,44498.06
TAX924915,USR451,SPT827628,2022-05-30,41626.26
TAX924916,USR3751,SPT561483,2023-12-15,34325.4
TAX924917,USR432,SPT1666196,2023-10-07,40624.23
TAX924918,USR1911,SPT251349,2022-11-26,39518.96
TAX924919,USR1167,SPT747628,2023-10-06,46417.71
TAX924920,USR8556,SPT1695134,2022-08-02,45121.88
TAX924921,USR6299,SPT163265,2023-11-29,15724.84
TAX924922,USR811,SPT841511,2023-02-20,17793.76
TAX924923,USR6395,SPT1116297,2022-10-10,23424.65
TAX924924,USR1212,SPT1593844,2022-11-20,44820.89
TAX924925,USR5329,SPT1848772,2023-10-02,22216.8
TAX924926,USR3658,SPT149148,2023-02-13,39199.05
TAX924927,USR3759,SPT1958698,2022-08-10,21883.18
TAX924928,USR5986,SPT644773,2023-12-17,5032.5
TAX924929,USR3303,SPT401742,2022-04-21,28958.86
TAX924930,USR9963,SPT269918,2022-11-01,44812.84
TAX924931,USR4834,SPT1534044,2023-07-18,12701.1
TAX924932,USR2714,SPT112824,2023-05-29,17495.0
TAX924933,USR6627,SPT1619324,2022-06-30,10592.3
TAX924934,USR9059,SPT1547709,2022-09-17,2001.41
TAX924935,USR4459,SPT530025,2023-07-20,27931.75
TAX924936,USR857,SPT1244953,2022-10-10,40639.44
TAX924937,USR1355,SPT509574,2022-05-25,23658.19
TAX924938,USR4231,SPT1778033,2022-05-14,15482.35
TAX924939,USR9253,SPT1487792,2023-05-25,6343.31
TAX924940,USR7791,SPT946656,2023-08-07,14844.82
TAX924941,USR6347,SPT774494,2022-08-28,21848.76
TAX924942,USR5148,SPT538129,2023-11-23,17646.48
TAX924943,USR6834,SPT1573451,2023-10-17,10121.55
TAX924944,USR6085,SPT1905626,2022-03-09,29384.18
TAX924945,USR5866,SPT1818921,2023-07-18,47457.31
TAX924946,USR553,SPT1322170,2023-09-23,12642.09
TAX924947,USR2310,SPT1997038,2022-06-14,34208.59
TAX924948,USR6349,SPT388698,2023-05-16,24168.35
TAX924949,USR52,SPT1225333,2022-08-14,31949.8
TAX924950,USR2139,SPT122972,2023-04-21,20056.28
TAX924951,USR1742,SPT444705,2022-05-08,8733.44
TAX924952,USR914,SPT585088,2023-08-16,42984.77
TAX924953,USR8651,SPT507261,2022-06-08,5152.13
TAX924954,USR395,SPT990280,2022-12-23,34659.8
TAX924955,USR170,SPT1808902,2023-02-17,5612.66
TAX924956,USR2499,SPT959797,2022-11-07,48655.19
TAX924957,USR9329,SPT268695,2022-05-13,45278.92
TAX924958,USR6172,SPT1088299,2023-01-27,36909.4
TAX924959,USR7670,SPT1173381,2023-03-13,47159.23
TAX924960,USR547,SPT1469487,2022-10-28,8544.9
TAX924961,USR6205,SPT1275201,2023-05-10,20342.76
TAX924962,USR1194,SPT453894,2023-04-10,20437.94
TAX924963,USR8137,SPT1012110,2022-12-23,14719.73
TAX924964,USR6198,SPT920626,2022-03-31,6985.09
TAX924965,USR581,SPT472102,2023-12-06,34246.2
TAX924966,USR4233,SPT589205,2023-12-19,1145.12
TAX924967,USR6455,SPT1910384,2024-01-09,30296.94
TAX924968,USR2004,SPT155002,2023-11-12,17592.99
TAX924969,USR1052,SPT679355,2023-03-03,45051.22
TAX924970,USR2473,SPT1124715,2023-06-22,48515.54
TAX924971,USR6497,SPT556445,2023-02-16,20075.3
TAX924972,USR751,SPT429446,2022-04-12,45185.65
TAX924973,USR1787,SPT42736,2022-09-21,40362.12
TAX924974,USR6093,SPT1260892,2022-11-18,47092.39
TAX924975,USR2639,SPT1060085,2022-12-14,21718.67
TAX924976,USR9351,SPT1230719,2022-05-06,3891.64
TAX924977,USR9359,SPT1623245,2022-10-01,28737.98
TAX924978,USR1288,SPT1039436,2022-02-24,18791.06
TAX924979,USR8718,SPT1641015,2023-06-11,38768.07
TAX924980,USR3318,SPT184933,2022-10-04,2377.9
TAX924981,USR6062,SPT1400264,2022-08-12,49372.46
TAX924982,USR9218,SPT1156096,2022-10-21,26850.18
TAX924983,USR1060,SPT352636,2022-05-03,33972.26
TAX924984,USR2652,SPT1120735,2023-11-20,37861.81
TAX924985,USR2231,SPT812284,2023-12-17,49741.65
TAX924986,USR7559,SPT1026828,2023-07-30,39867.14
TAX924987,USR6514,SPT128316,2023-08-12,6492.97
TAX924988,USR4778,SPT1657516,2022-04-19,40030.39
TAX924989,USR2317,SPT263397,2023-11-19,33747.3
TAX924990,USR1298,SPT925023,2023-03-17,3417.75
TAX924991,USR724,SPT1514512,2023-06-07,9948.45
TAX924992,USR283,SPT572330,2023-09-08,46368.63
TAX924993,USR6495,SPT1167908,2023-10-16,26711.15
TAX924994,USR5941,SPT1740179,2023-07-24,18185.52
TAX924995,USR5496,SPT1526341,2022-11-24,26177.03
TAX924996,USR9509,SPT1804915,2023-03-15,35258.32
TAX924997,USR2330,SPT1531851,2023-08-22,38447.81
TAX924998,USR7851,SPT925599,2023-04-29,6411.9
TAX924999,USR9971,SPT50215,2022-10-08,27742.52
TAX925000,USR5350,SPT348904,2023-10-27,6956.09
TAX925001,USR966,SPT85383,2023-01-01,44720.98
TAX925002,USR7247,SPT300452,2023-12-23,13055.96
TAX925003,USR8196,SPT1234473,2023-04-06,3796.14
TAX925004,USR7575,SPT713349,2022-06-12,22022.04
TAX925005,USR9928,SPT1547088,2022-06-14,23679.94
TAX925006,USR5849,SPT139858,2022-03-14,12429.83
TAX925007,USR3269,SPT922768,2023-08-14,38873.86
TAX925008,USR2238,SPT859508,2022-12-01,45210.88
TAX925009,USR7821,SPT1734612,2023-03-08,45880.78
TAX925010,USR5605,SPT1234005,2023-04-02,33031.4
TAX925011,USR6538,SPT752622,2023-06-25,40016.73
TAX925012,USR9933,SPT519422,2023-09-19,6366.87
TAX925013,USR4162,SPT1935185,2022-02-21,18173.43
TAX925014,USR3573,SPT1800962,2022-11-30,49449.5
TAX925015,USR8308,SPT1048495,2023-06-03,46389.72
TAX925016,USR5453,SPT1263376,2022-11-29,6754.82
TAX925017,USR6656,SPT1330291,2022-09-26,6022.1
TAX925018,USR9614,SPT1467107,2023-06-01,16589.61
TAX925019,USR1304,SPT971192,2022-10-15,46935.63
TAX925020,USR7190,SPT1731478,2023-10-24,47953.46
TAX925021,USR5161,SPT1406111,2023-03-23,47361.85
TAX925022,USR3449,SPT1975464,2022-09-13,8518.32
TAX925023,USR8871,SPT235239,2023-06-02,43834.9
TAX925024,USR8768,SPT1116194,2022-11-09,33342.56
TAX925025,USR6854,SPT495375,2022-12-26,24939.93
TAX925026,USR4825,SPT1176830,2022-10-13,20643.08
TAX925027,USR7997,SPT1278205,2023-06-28,15007.34
TAX925028,USR5804,SPT312535,2022-05-30,12456.31
TAX925029,USR4507,SPT1342053,2022-03-04,17124.67
TAX925030,USR766,SPT1079846,2023-03-15,13743.45
TAX925031,USR8722,SPT1972007,2022-02-21,45371.01
TAX925032,USR6946,SPT1022919,2023-12-12,34076.65
TAX925033,USR7763,SPT1989305,2023-03-09,37303.91
TAX925034,USR7594,SPT308227,2022-09-30,4665.87
TAX925035,USR9503,SPT442141,2023-07-26,1451.31
TAX925036,USR9081,SPT1538455,2022-07-23,47035.8
TAX925037,USR6222,SPT1542899,2023-11-05,24320.23
TAX925038,USR4203,SPT1909377,2023-09-19,8917.73
TAX925039,USR8599,SPT1137973,2023-06-07,6107.32
TAX925040,USR5261,SPT439189,2023-07-12,38384.79
TAX925041,USR1213,SPT874199,2022-11-16,41749.09
TAX925042,USR3361,SPT1412357,2022-06-11,8055.42
TAX925043,USR2207,SPT20437,2022-02-28,22513.41
TAX925044,USR6850,SPT485466,2023-02-09,2822.26
TAX925045,USR5897,SPT979933,2022-12-22,39633.28
TAX925046,USR4188,SPT396762,2022-07-11,5403.09
TAX925047,USR1558,SPT1956119,2023-02-10,8313.45
TAX925048,USR5586,SPT990931,2023-07-01,29699.58
TAX925049,USR3582,SPT1121552,2024-01-02,35750.05
TAX925050,USR8800,SPT463293,2022-05-22,42868.14
TAX925051,USR3375,SPT779659,2022-06-13,28085.9
TAX925052,USR3432,SPT1858546,2024-01-09,1200.9
TAX925053,USR7233,SPT1680794,2022-04-18,22801.87
TAX925054,USR5134,SPT1911525,2023-05-23,1940.89
TAX925055,USR9686,SPT838603,2024-01-24,23338.59
TAX925056,USR9294,SPT834594,2023-04-01,44903.32
TAX925057,USR1654,SPT1327466,2022-02-16,5216.23
TAX925058,USR8825,SPT389963,2023-06-19,29568.85
TAX925059,USR9905,SPT102248,2022-11-17,10658.27
TAX925060,USR9944,SPT38567,2022-11-12,23620.61
TAX925061,USR9347,SPT1217210,2023-09-23,37269.35
TAX925062,USR4532,SPT674354,2022-11-11,32370.72
TAX925063,USR4035,SPT526541,2023-04-21,48374.23
TAX925064,USR1318,SPT746304,2022-11-06,19998.09
TAX925065,USR1173,SPT196990,2023-07-21,30911.95
TAX925066,USR1032,SPT1237371,2023-07-31,27920.67
TAX925067,USR1337,SPT1515000,2023-03-04,1121.48
TAX925068,USR7489,SPT418539,2023-07-20,15272.38
TAX925069,USR4585,SPT111538,2022-06-14,16777.07
TAX925070,USR7747,SPT315613,2022-04-24,2009.07
TAX925071,USR7908,SPT1978015,2023-12-12,37819.88
TAX925072,USR7254,SPT44191,2022-12-08,10745.72
TAX925073,USR3577,SPT1291082,2022-03-12,35181.36
TAX925074,USR5832,SPT765161,2022-09-23,1461.28
TAX925075,USR7459,SPT1296716,2023-03-30,26638.37
TAX925076,USR9951,SPT258827,2022-04-17,17140.6
TAX925077,USR760,SPT96883,2023-08-07,12313.73
TAX925078,USR1411,SPT157967,2022-06-21,48182.58
TAX925079,USR7638,SPT1709969,2022-10-09,10836.92
TAX925080,USR3061,SPT669315,2022-07-29,10540.34
TAX925081,USR4354,SPT1302613,2023-09-14,19075.95
TAX925082,USR5509,SPT1790957,2023-07-30,7364.64
TAX925083,USR6994,SPT231574,2022-10-06,31737.67
TAX925084,USR76,SPT120841,2023-09-17,7114.07
TAX925085,USR9728,SPT631399,2022-03-30,40058.24
TAX925086,USR1200,SPT392563,2023-12-04,35103.48
TAX925087,USR4004,SPT100919,2023-08-09,10593.6
TAX925088,USR1059,SPT1392559,2022-11-18,43452.48
TAX925089,USR4918,SPT92596,2022-04-11,42580.55
TAX925090,USR3516,SPT146420,2023-05-04,17849.23
TAX925091,USR8232,SPT120034,2023-04-01,25296.22
TAX925092,USR5255,SPT1199278,2022-04-07,12477.8
TAX925093,USR2910,SPT721853,2023-08-24,33594.57
TAX925094,USR4430,SPT1493086,2023-01-09,5014.36
TAX925095,USR2756,SPT989431,2022-04-16,24337.17
TAX925096,USR1956,SPT614912,2023-06-24,40919.66
TAX925097,USR7616,SPT730199,2022-12-26,9330.06
TAX925098,USR1962,SPT830889,2022-10-27,28747.99
TAX925099,USR1976,SPT350453,2023-12-13,41567.27
TAX925100,USR3110,SPT505925,2023-08-16,4445.55
TAX925101,USR4584,SPT1806026,2022-05-30,28363.66
TAX925102,USR5016,SPT1147334,2022-10-02,15673.16
TAX925103,USR8551,SPT1947675,2023-03-24,14101.73
TAX925104,USR2806,SPT1958672,2022-12-07,4504.52
TAX925105,USR7944,SPT581029,2022-04-05,6971.72
TAX925106,USR6400,SPT1549268,2023-09-03,15734.73
TAX925107,USR6444,SPT1383855,2022-10-02,36251.11
TAX925108,USR7047,SPT1241593,2023-12-03,25346.21
TAX925109,USR7450,SPT682872,2024-02-06,14592.04
TAX925110,USR9361,SPT1188314,2023-05-11,18665.44
TAX925111,USR4486,SPT1952247,2022-04-18,23880.4
TAX925112,USR1995,SPT1851642,2022-06-18,16065.9
TAX925113,USR9612,SPT157022,2023-09-08,19215.29
TAX925114,USR3675,SPT525925,2022-12-11,16520.65
TAX925115,USR3966,SPT1291132,2022-03-20,3288.75
TAX925116,USR8459,SPT131930,2022-05-01,10378.81
TAX925117,USR1365,SPT1722289,2023-12-01,20242.46
TAX925118,USR689,SPT474278,2023-06-04,36696.64
TAX925119,USR7982,SPT148151,2022-09-09,4797.8
TAX925120,USR6692,SPT1454300,2022-07-10,44681.48
TAX925121,USR3632,SPT35126,2022-09-22,37884.61
TAX925122,USR7632,SPT1136863,2023-02-10,29591.95
TAX925123,USR3045,SPT507871,2022-06-01,22411.4
TAX925124,USR3214,SPT377537,2024-01-07,19713.97
TAX925125,USR7961,SPT357220,2023-08-18,12715.19
TAX925126,USR1272,SPT557892,2024-02-02,12914.58
TAX925127,USR1104,SPT849954,2023-09-26,7172.6
TAX925128,USR7237,SPT1281984,2022-09-29,25189.39
TAX925129,USR4185,SPT1584186,2023-06-05,48908.67
TAX925130,USR5521,SPT447393,2023-08-10,43570.64
TAX925131,USR7918,SPT1083984,2022-04-22,17836.51
TAX925132,USR3219,SPT1011599,2022-04-05,5488.17
TAX925133,USR4671,SPT97873,2022-08-01,49419.31
TAX925134,USR774,SPT883027,2023-02-07,3684.81
TAX925135,USR136,SPT825678,2023-04-30,28588.52
TAX925136,USR847,SPT132741,2023-07-05,45948.05
TAX925137,USR1882,SPT1310112,2023-02-16,41943.95
TAX925138,USR4047,SPT821651,2022-08-12,6180.01
TAX925139,USR3195,SPT20342,2023-08-11,9141.66
TAX925140,USR6375,SPT619167,2022-06-18,39234.33
TAX925141,USR6966,SPT1441326,2023-04-22,1765.34
TAX925142,USR7594,SPT152809,2022-03-02,19849.43
TAX925143,USR4138,SPT1617430,2023-09-19,22593.44
TAX925144,USR7921,SPT1070418,2023-05-05,39589.44
TAX925145,USR8160,SPT1017000,2023-08-09,22913.4
TAX925146,USR7819,SPT1406202,2023-04-18,13477.18
TAX925147,USR5008,SPT910857,2023-03-13,33570.35
TAX925148,USR7775,SPT276628,2023-10-13,39712.6
TAX925149,USR656,SPT1360876,2023-05-15,48655.12
TAX925150,USR3901,SPT627031,2023-08-07,33946.77
TAX925151,USR4801,SPT75389,2023-12-28,45191.16
TAX925152,USR5125,SPT1577637,2022-06-20,44795.19
TAX925153,USR3699,SPT1219560,2022-02-18,6482.46
TAX925154,USR1427,SPT769612,2022-06-22,27070.23
TAX925155,USR6374,SPT72061,2023-03-17,1333.41
TAX925156,USR8075,SPT854820,2023-05-23,13443.94
TAX925157,USR9779,SPT1860215,2022-05-02,47471.31
TAX925158,USR1769,SPT490434,2023-03-10,42691.04
TAX925159,USR8574,SPT730627,2023-01-18,48986.67
TAX925160,USR4557,SPT1066387,2022-02-23,25754.05
TAX925161,USR4145,SPT672428,2023-02-28,47834.75
TAX925162,USR5109,SPT1073183,2022-10-26,38960.85
TAX925163,USR3955,SPT1112430,2023-04-22,40627.35
TAX925164,USR9651,SPT488993,2023-02-16,10575.17
TAX925165,USR5314,SPT217293,2022-03-08,17963.7
TAX925166,USR436,SPT416057,2022-08-31,40820.69
TAX925167,USR474,SPT900471,2023-04-19,28082.47
TAX925168,USR8438,SPT1160734,2022-12-03,1692.83
TAX925169,USR1662,SPT723026,2023-11-05,5596.27
TAX925170,USR96,SPT735045,2023-03-16,20767.22
TAX925171,USR9268,SPT1808384,2022-04-26,35790.58
TAX925172,USR1053,SPT553510,2023-08-15,24432.69
TAX925173,USR9057,SPT500234,2023-07-26,9522.06
TAX925174,USR4006,SPT1846527,2023-08-02,48289.48
TAX925175,USR452,SPT1436107,2023-06-28,40766.01
TAX925176,USR5314,SPT1891161,2023-09-02,31251.59
TAX925177,USR8677,SPT980724,2023-01-28,48232.57
TAX925178,USR881,SPT1608943,2022-11-30,30639.41
TAX925179,USR7444,SPT1186851,2023-09-06,45283.09
TAX925180,USR6007,SPT811237,2023-12-30,4771.32
TAX925181,USR1,SPT1013862,2022-10-16,34778.36
TAX925182,USR962,SPT366881,2023-01-10,12548.7
TAX925183,USR6670,SPT1890393,2023-05-26,37324.41
TAX925184,USR2644,SPT1717880,2023-08-05,3583.47
TAX925185,USR8891,SPT945353,2022-07-09,22421.86
TAX925186,USR1220,SPT1261397,2023-11-14,44701.28
TAX925187,USR6902,SPT1319880,2023-06-11,39467.54
TAX925188,USR7652,SPT1607811,2023-07-28,19530.06
TAX925189,USR7551,SPT395271,2022-11-23,28104.93
TAX925190,USR9728,SPT1071063,2022-08-05,22477.93
TAX925191,USR3253,SPT199247,2023-12-05,42070.61
TAX925192,USR7579,SPT397981,2023-11-26,33582.16
TAX925193,USR6608,SPT1310886,2022-11-26,31351.99
TAX925194,USR6012,SPT31946,2023-02-28,12697.19
TAX925195,USR3385,SPT122228,2023-06-18,9636.83
TAX925196,USR7634,SPT386681,2023-08-20,46897.57
TAX925197,USR9287,SPT1040994,2023-12-15,36900.64
TAX925198,USR1665,SPT1070947,2022-11-22,3819.6
TAX925199,USR5332,SPT1614954,2023-10-05,30609.58
TAX925200,USR853,SPT1259073,2024-02-05,31633.06
TAX925201,USR2746,SPT360071,2023-07-05,2710.04
TAX925202,USR5660,SPT1976833,2023-07-23,41822.76
TAX925203,USR5816,SPT1032833,2022-02-16,9129.65
TAX925204,USR4719,SPT463216,2023-08-07,31777.73
TAX925205,USR7444,SPT1314389,2023-08-16,36196.38
TAX925206,USR7033,SPT1801456,2023-09-17,20311.39
TAX925207,USR4313,SPT1692797,2022-08-10,7148.26
TAX925208,USR2,SPT189514,2023-06-18,4164.16
TAX925209,USR7511,SPT614319,2023-03-16,2741.08
TAX925210,USR558,SPT957166,2023-06-28,35037.83
TAX925211,USR2211,SPT1924565,2023-11-08,39254.1
TAX925212,USR9624,SPT173963,2024-02-04,48391.65
TAX925213,USR857,SPT1791520,2022-02-26,27252.51
TAX925214,USR6075,SPT513119,2022-02-16,21108.29
TAX925215,USR165,SPT502566,2023-12-14,40247.88
TAX925216,USR6554,SPT1499182,2023-09-28,28722.87
TAX925217,USR7103,SPT1773049,2022-03-25,39452.22
TAX925218,USR8069,SPT1811073,2022-06-15,19984.99
TAX925219,USR2227,SPT121280,2023-03-03,34770.72
TAX925220,USR2744,SPT1078429,2023-10-17,34834.49
TAX925221,USR271,SPT1846298,2023-02-03,4585.79
TAX925222,USR5120,SPT603558,2023-01-07,5584.67
TAX925223,USR1283,SPT36127,2022-04-12,47897.84
TAX925224,USR5658,SPT193027,2022-12-27,14238.03
TAX925225,USR4332,SPT1533418,2022-08-12,19811.31
TAX925226,USR909,SPT1638825,2022-02-25,19832.16
TAX925227,USR1360,SPT783684,2023-01-25,6757.87
TAX925228,USR4421,SPT988897,2022-11-09,47012.36
TAX925229,USR5426,SPT1524971,2023-09-21,3240.41
TAX925230,USR1608,SPT1682409,2023-12-22,29751.74
TAX925231,USR9458,SPT1665008,2022-09-26,23040.31
TAX925232,USR7331,SPT420023,2022-05-02,4545.69
TAX925233,USR2854,SPT1645213,2023-11-30,5976.99
TAX925234,USR7685,SPT1656746,2022-03-31,17136.38
TAX925235,USR3330,SPT113569,2023-05-10,17175.37
TAX925236,USR964,SPT893330,2023-01-25,6769.55
TAX925237,USR8901,SPT75034,2022-10-04,13730.25
TAX925238,USR2954,SPT1599773,2022-05-14,24565.4
TAX925239,USR608,SPT1180393,2023-08-04,46304.83
TAX925240,USR8442,SPT1539156,2022-09-30,9563.92
TAX925241,USR4870,SPT1504101,2023-09-23,45515.12
TAX925242,USR4838,SPT1878710,2024-01-16,38350.92
TAX925243,USR6106,SPT955843,2022-12-09,5566.34
TAX925244,USR735,SPT702408,2023-10-29,35395.66
TAX925245,USR2506,SPT199664,2024-01-05,48753.8
TAX925246,USR5516,SPT1283964,2023-10-08,42774.02
TAX925247,USR9469,SPT777884,2022-11-30,15271.95
TAX925248,USR1773,SPT664645,2023-09-11,28930.32
TAX925249,USR6956,SPT1441056,2022-03-19,33903.59
TAX925250,USR181,SPT1322652,2023-04-04,37632.93
TAX925251,USR2600,SPT466791,2024-01-25,17269.74
TAX925252,USR122,SPT1372930,2023-10-23,5981.54
TAX925253,USR6414,SPT452179,2023-10-23,32219.63
TAX925254,USR1779,SPT535174,2022-03-25,25927.92
TAX925255,USR589,SPT550491,2023-01-10,33581.65
TAX925256,USR6154,SPT987658,2022-03-29,37893.92
TAX925257,USR4073,SPT1749251,2023-06-28,46963.01
TAX925258,USR7969,SPT1796509,2022-06-22,27342.89
TAX925259,USR2630,SPT1101740,2023-11-12,29402.06
TAX925260,USR6485,SPT1276583,2023-07-01,40690.32
TAX925261,USR3642,SPT483857,2023-05-13,24098.25
TAX925262,USR869,SPT1279991,2022-05-17,14545.44
TAX925263,USR2393,SPT1696187,2022-12-19,4876.05
TAX925264,USR1141,SPT266551,2023-06-11,40686.52
TAX925265,USR9038,SPT603140,2023-07-12,16663.26
TAX925266,USR3684,SPT314249,2023-10-28,12018.78
TAX925267,USR6593,SPT465547,2022-12-30,10578.47
TAX925268,USR3894,SPT1901383,2022-04-09,23225.26
TAX925269,USR8783,SPT238951,2023-04-13,5078.76
TAX925270,USR5019,SPT112231,2023-08-16,11025.71
TAX925271,USR2182,SPT209509,2022-02-14,45524.95
TAX925272,USR1111,SPT1665117,2023-02-15,39078.35
TAX925273,USR5895,SPT385925,2023-10-23,10793.66
TAX925274,USR1613,SPT1269384,2023-08-12,27156.03
TAX925275,USR2683,SPT118208,2022-03-13,1265.08
TAX925276,USR8621,SPT359556,2023-06-27,22346.77
TAX925277,USR9684,SPT882312,2022-07-01,22500.67
TAX925278,USR4006,SPT394374,2022-08-03,11495.44
TAX925279,USR6270,SPT318478,2023-05-20,14427.07
TAX925280,USR8827,SPT1666825,2023-02-28,16280.84
TAX925281,USR5295,SPT1147442,2023-12-18,24851.86
TAX925282,USR7449,SPT1400040,2023-11-07,44042.88
TAX925283,USR9814,SPT494686,2023-11-01,28078.09
TAX925284,USR4342,SPT221198,2022-12-05,9226.96
TAX925285,USR2052,SPT278436,2022-03-04,41297.27
TAX925286,USR8508,SPT977925,2023-02-20,39832.97
TAX925287,USR5878,SPT553551,2022-10-11,5166.65
TAX925288,USR3788,SPT1643455,2023-07-09,26105.0
TAX925289,USR8652,SPT1085568,2023-01-20,6326.0
TAX925290,USR7756,SPT1183812,2022-12-30,6073.75
TAX925291,USR6881,SPT849582,2022-06-21,31406.78
TAX925292,USR403,SPT1698849,2022-09-18,22582.03
TAX925293,USR1693,SPT1643179,2022-10-13,22961.59
TAX925294,USR206,SPT1677739,2024-01-02,26883.06
TAX925295,USR4277,SPT1578507,2023-02-01,30934.47
TAX925296,USR2859,SPT1646998,2022-04-12,12648.26
TAX925297,USR5011,SPT1894268,2022-11-16,14708.62
TAX925298,USR8507,SPT649965,2023-07-03,2613.08
TAX925299,USR7215,SPT200621,2023-10-29,41324.03
TAX925300,USR7453,SPT458436,2023-07-17,17269.76
TAX925301,USR8257,SPT171379,2024-01-30,19442.69
TAX925302,USR892,SPT499484,2023-05-09,2955.67
TAX925303,USR8371,SPT266028,2023-08-23,39712.35
TAX925304,USR184,SPT1534237,2022-12-01,19754.94
TAX925305,USR3136,SPT1326853,2022-10-26,41655.02
TAX925306,USR5827,SPT1201213,2023-12-20,45940.74
TAX925307,USR5305,SPT1045639,2023-01-19,49914.22
TAX925308,USR1548,SPT1368029,2023-04-15,12455.23
TAX925309,USR2378,SPT842369,2023-01-27,17251.85
TAX925310,USR8986,SPT1116955,2023-12-28,36297.4
TAX925311,USR7691,SPT1913893,2024-01-14,33440.67
TAX925312,USR5239,SPT974981,2022-05-08,28964.84
TAX925313,USR758,SPT173427,2023-05-09,46279.9
TAX925314,USR6593,SPT49606,2023-06-12,33851.4
TAX925315,USR3161,SPT1972746,2022-07-19,27834.43
TAX925316,USR4352,SPT1583242,2023-04-14,27143.94
TAX925317,USR335,SPT388739,2023-09-05,25727.07
TAX925318,USR5699,SPT1837460,2023-08-30,5530.78
TAX925319,USR8907,SPT1282551,2023-01-27,19071.54
TAX925320,USR6035,SPT877794,2022-04-28,12509.23
TAX925321,USR5595,SPT504799,2023-05-26,29221.01
TAX925322,USR5240,SPT1337374,2023-10-01,1495.41
TAX925323,USR499,SPT1608226,2023-09-18,19983.93
TAX925324,USR9352,SPT765542,2023-09-24,3075.07
TAX925325,USR1422,SPT237600,2022-07-01,11945.63
TAX925326,USR4760,SPT1330484,2023-09-29,39724.97
TAX925327,USR6517,SPT1199092,2022-03-07,40701.55
TAX925328,USR8452,SPT1676614,2022-11-16,9273.89
TAX925329,USR6838,SPT595665,2023-02-10,9309.29
TAX925330,USR7134,SPT1363920,2024-01-27,29708.53
TAX925331,USR7922,SPT443997,2022-02-12,31209.7
TAX925332,USR685,SPT529962,2023-03-28,29279.06
TAX925333,USR9125,SPT743664,2022-10-31,33602.9
TAX925334,USR9821,SPT1445536,2023-02-22,8465.95
TAX925335,USR4136,SPT1799376,2023-04-03,36905.26
TAX925336,USR6906,SPT437279,2022-08-07,36256.07
TAX925337,USR3871,SPT628203,2022-08-03,41303.24
TAX925338,USR5405,SPT497953,2023-02-06,27998.81
TAX925339,USR1598,SPT588303,2023-05-11,11527.48
TAX925340,USR1381,SPT1717206,2022-06-26,4735.7
TAX925341,USR5087,SPT747526,2023-03-27,39811.36
TAX925342,USR6256,SPT1787487,2022-12-21,34182.72
TAX925343,USR8469,SPT1589731,2022-06-24,40769.11
TAX925344,USR6205,SPT891604,2023-07-21,23674.8
TAX925345,USR9900,SPT175865,2023-04-01,46237.05
TAX925346,USR923,SPT970267,2022-10-16,11634.23
TAX925347,USR1024,SPT1913613,2023-08-21,48081.87
TAX925348,USR2549,SPT1073307,2023-09-07,49559.55
TAX925349,USR9134,SPT659960,2023-03-12,35915.13
TAX925350,USR7087,SPT1341251,2023-06-27,9827.34
TAX925351,USR7778,SPT575103,2023-03-24,18684.17
TAX925352,USR8470,SPT194767,2023-09-22,31682.1
TAX925353,USR7116,SPT1393182,2023-03-30,33093.04
TAX925354,USR9476,SPT190625,2023-09-13,3312.49
TAX925355,USR1440,SPT702324,2022-06-25,30113.68
TAX925356,USR25,SPT1133666,2022-06-06,31947.57
TAX925357,USR3504,SPT1731953,2023-11-19,47616.99
TAX925358,USR3610,SPT1764837,2023-04-19,13709.81
TAX925359,USR5050,SPT1923966,2022-02-18,45280.92
TAX925360,USR1758,SPT201516,2023-03-19,30604.94
TAX925361,USR7732,SPT413518,2023-02-23,21026.25
TAX925362,USR6461,SPT635522,2023-02-10,26802.57
TAX925363,USR5052,SPT615866,2024-01-20,36941.66
TAX925364,USR3979,SPT1892957,2023-06-21,36580.52
TAX925365,USR3244,SPT74932,2023-10-15,44392.28
TAX925366,USR5726,SPT1093864,2022-03-03,19400.5
TAX925367,USR6705,SPT689808,2023-04-17,33805.86
TAX925368,USR9922,SPT223662,2022-03-20,21456.56
TAX925369,USR4658,SPT479763,2023-06-17,4555.39
TAX925370,USR7475,SPT1754052,2023-04-09,11992.58
TAX925371,USR579,SPT109510,2023-09-26,8429.2
TAX925372,USR5341,SPT1199220,2022-09-03,48263.85
TAX925373,USR2804,SPT386045,2023-03-31,47850.39
TAX925374,USR8241,SPT911120,2022-08-13,44038.67
TAX925375,USR6206,SPT1302620,2024-02-07,37428.96
TAX925376,USR7897,SPT1066656,2022-12-04,33706.99
TAX925377,USR3382,SPT538515,2022-08-11,11915.05
TAX925378,USR3772,SPT1056278,2022-12-27,14749.82
TAX925379,USR9576,SPT1771227,2022-08-17,34709.52
TAX925380,USR7829,SPT1834519,2024-01-03,17899.68
TAX925381,USR2363,SPT529914,2023-09-14,8317.34
TAX925382,USR6512,SPT616445,2024-02-01,4199.96
TAX925383,USR4097,SPT567388,2022-12-05,10943.74
TAX925384,USR3787,SPT223726,2023-08-27,44238.86
TAX925385,USR1844,SPT1926102,2024-02-04,13971.55
TAX925386,USR5158,SPT545199,2022-09-16,3647.26
TAX925387,USR6476,SPT653753,2023-03-17,2626.31
TAX925388,USR2337,SPT179707,2023-03-16,38073.68
TAX925389,USR7807,SPT1798198,2022-11-02,17894.76
TAX925390,USR1881,SPT989616,2023-12-17,41982.84
TAX925391,USR9626,SPT1977670,2023-04-16,21494.88
TAX925392,USR9065,SPT1008886,2023-08-15,9960.99
TAX925393,USR3882,SPT1530233,2023-06-12,30558.4
TAX925394,USR9843,SPT1704022,2022-08-04,27828.08
TAX925395,USR3167,SPT1157624,2022-02-09,41324.84
TAX925396,USR6279,SPT49417,2022-12-22,8606.25
TAX925397,USR4110,SPT489313,2023-09-28,31827.65
TAX925398,USR624,SPT1663117,2023-04-30,45336.28
TAX925399,USR2044,SPT515415,2022-02-19,36714.97
TAX925400,USR1808,SPT516904,2024-01-14,42460.8
TAX925401,USR7021,SPT1870136,2022-07-25,43616.99
TAX925402,USR8679,SPT726037,2023-07-30,32418.14
TAX925403,USR4303,SPT1011907,2023-03-02,28200.76
TAX925404,USR4164,SPT1890083,2023-01-09,24182.05
TAX925405,USR6248,SPT704134,2023-12-29,11816.14
TAX925406,USR4869,SPT344330,2022-05-06,8135.47
TAX925407,USR9433,SPT1120231,2022-04-30,17478.19
TAX925408,USR5133,SPT1359201,2024-01-13,9831.63
TAX925409,USR7150,SPT856424,2023-12-28,17334.99
TAX925410,USR4158,SPT1614453,2024-01-21,20857.18
TAX925411,USR6476,SPT1661868,2023-04-08,47335.43
TAX925412,USR459,SPT246023,2023-10-28,22044.35
TAX925413,USR1423,SPT1134521,2022-11-19,7940.97
TAX925414,USR4347,SPT225260,2022-10-03,29877.38
TAX925415,USR8144,SPT1151371,2022-05-15,19886.96
TAX925416,USR7351,SPT616715,2023-11-21,34270.29
TAX925417,USR7093,SPT261174,2023-06-25,23100.14
TAX925418,USR8208,SPT728691,2022-11-05,17940.43
TAX925419,USR4507,SPT1261922,2023-03-26,40114.7
TAX925420,USR8430,SPT571902,2023-07-21,18215.05
TAX925421,USR2540,SPT926440,2024-01-20,23070.89
TAX925422,USR4386,SPT1254794,2023-04-02,2416.62
TAX925423,USR8582,SPT1215698,2022-08-28,43888.81
TAX925424,USR2066,SPT1438281,2023-02-07,22769.74
TAX925425,USR3102,SPT1994699,2022-10-14,31891.27
TAX925426,USR5790,SPT1128684,2023-04-15,13182.33
TAX925427,USR6167,SPT1762047,2022-11-12,25852.52
TAX925428,USR5619,SPT1455006,2022-11-25,41125.84
TAX925429,USR6500,SPT569515,2022-08-18,11022.4
TAX925430,USR7488,SPT897283,2022-12-04,23808.95
TAX925431,USR9251,SPT295326,2023-08-03,41875.75
TAX925432,USR9499,SPT407129,2022-10-12,39735.59
TAX925433,USR8286,SPT994630,2022-09-26,47851.63
TAX925434,USR8686,SPT792011,2023-12-20,32745.62
TAX925435,USR6738,SPT1404088,2023-11-22,2381.04
TAX925436,USR8289,SPT1576802,2022-04-24,11380.24
TAX925437,USR6384,SPT305185,2023-04-23,9963.98
TAX925438,USR220,SPT1976899,2023-12-20,1595.92
TAX925439,USR4485,SPT1276705,2022-09-11,14754.42
TAX925440,USR6958,SPT1212125,2023-10-08,40128.3
TAX925441,USR8136,SPT1491571,2022-08-05,9306.3
TAX925442,USR6680,SPT1586569,2022-08-26,4770.4
TAX925443,USR4380,SPT413755,2023-11-10,30214.53
TAX925444,USR2153,SPT1730168,2022-05-12,7341.78
TAX925445,USR6051,SPT769157,2022-11-26,32369.7
TAX925446,USR3733,SPT447540,2023-05-01,34407.66
TAX925447,USR3559,SPT1463019,2023-12-19,21242.63
TAX925448,USR5436,SPT1415251,2022-05-31,12371.15
TAX925449,USR449,SPT814640,2022-07-02,48475.95
TAX925450,USR7158,SPT994317,2023-03-15,27440.89
TAX925451,USR1153,SPT790684,2023-09-21,44362.46
TAX925452,USR5634,SPT1545759,2022-07-06,32919.93
TAX925453,USR5647,SPT468913,2023-04-29,3821.24
TAX925454,USR6469,SPT146502,2024-02-04,14545.74
TAX925455,USR1739,SPT164852,2024-01-12,46103.58
TAX925456,USR6579,SPT1198748,2023-10-28,31756.05
TAX925457,USR6652,SPT1572473,2023-02-14,37304.92
TAX925458,USR7512,SPT524523,2023-10-21,47658.65
TAX925459,USR2068,SPT390345,2022-02-22,4755.03
TAX925460,USR696,SPT1308059,2023-05-09,2783.24
TAX925461,USR7375,SPT1609909,2022-05-01,30304.1
TAX925462,USR4814,SPT1875196,2023-08-15,11794.58
TAX925463,USR2180,SPT1345798,2022-06-17,37835.34
TAX925464,USR1518,SPT1979560,2022-04-06,36920.61
TAX925465,USR4502,SPT362416,2022-02-28,4712.28
TAX925466,USR5327,SPT677739,2022-03-03,18492.07
TAX925467,USR7725,SPT1868347,2023-04-17,14433.3
TAX925468,USR8093,SPT1523962,2022-11-09,22395.4
TAX925469,USR630,SPT765525,2023-11-11,13492.2
TAX925470,USR3704,SPT90992,2023-08-07,6561.15
TAX925471,USR7524,SPT524569,2022-05-07,10454.99
TAX925472,USR9223,SPT1031025,2023-08-01,39264.88
TAX925473,USR5507,SPT1047368,2022-07-02,6916.34
TAX925474,USR9387,SPT980665,2023-02-17,49556.11
TAX925475,USR1743,SPT1253553,2023-07-30,35716.37
TAX925476,USR4686,SPT1575352,2023-07-18,32618.4
TAX925477,USR901,SPT1345053,2023-01-02,17950.49
TAX925478,USR6638,SPT1209459,2023-02-15,20764.83
TAX925479,USR6695,SPT172944,2022-06-13,37666.37
TAX925480,USR140,SPT92531,2023-07-28,44516.57
TAX925481,USR8858,SPT545581,2023-02-11,12935.23
TAX925482,USR2594,SPT1901079,2022-09-27,26339.26
TAX925483,USR83,SPT1731413,2023-06-28,11664.54
TAX925484,USR3632,SPT876227,2022-04-26,26137.01
TAX925485,USR3445,SPT1802533,2022-05-06,9565.29
TAX925486,USR1501,SPT1207161,2022-10-24,37649.07
TAX925487,USR2923,SPT925070,2022-05-17,33346.27
TAX925488,USR4254,SPT182101,2023-04-26,1621.74
TAX925489,USR4532,SPT1054161,2023-08-23,18502.09
TAX925490,USR338,SPT1417650,2023-10-02,6338.04
TAX925491,USR9350,SPT347424,2023-11-11,1144.58
TAX925492,USR210,SPT1941829,2023-12-23,42407.26
TAX925493,USR4489,SPT1573358,2022-11-13,32301.92
TAX925494,USR8898,SPT1682593,2022-06-23,3159.62
TAX925495,USR4627,SPT522760,2023-07-07,16412.73
TAX925496,USR9026,SPT1065455,2023-02-25,47140.67
TAX925497,USR3309,SPT1159789,2022-12-26,35144.66
TAX925498,USR6466,SPT1110406,2022-10-06,29581.27
TAX925499,USR1582,SPT1982807,2023-10-07,49632.42
TAX925500,USR3803,SPT1220004,2024-01-19,1084.05
TAX925501,USR128,SPT1674961,2023-07-28,4822.76
TAX925502,USR8428,SPT1353613,2023-09-11,42769.46
TAX925503,USR8401,SPT1466158,2022-10-13,18191.36
TAX925504,USR385,SPT1831689,2023-02-24,9163.02
TAX925505,USR7878,SPT898786,2023-06-13,48699.23
TAX925506,USR2770,SPT295447,2023-03-30,41703.87
TAX925507,USR8023,SPT1570160,2023-05-19,15177.72
TAX925508,USR4309,SPT1030226,2023-08-11,49572.75
TAX925509,USR9939,SPT991521,2023-03-30,2685.41
TAX925510,USR4341,SPT935784,2023-06-20,16280.63
TAX925511,USR4564,SPT381680,2022-04-27,8545.66
TAX925512,USR8472,SPT196212,2023-10-21,4717.94
TAX925513,USR3138,SPT24830,2022-03-18,12287.18
TAX925514,USR2505,SPT1595054,2022-02-26,2311.27
TAX925515,USR2955,SPT514482,2023-12-06,30152.16
TAX925516,USR4215,SPT847800,2023-12-19,43829.06
TAX925517,USR2080,SPT1269068,2023-06-23,19036.12
TAX925518,USR2936,SPT1862786,2022-12-24,8521.3
TAX925519,USR8473,SPT755951,2024-01-07,42464.84
TAX925520,USR6087,SPT627586,2023-07-02,11435.43
TAX925521,USR295,SPT549588,2022-09-23,28434.81
TAX925522,USR5740,SPT898283,2024-01-19,24329.63
TAX925523,USR3224,SPT721050,2023-04-27,35175.34
TAX925524,USR87,SPT728170,2022-07-10,26321.56
TAX925525,USR2125,SPT1116366,2022-06-22,9810.89
TAX925526,USR3409,SPT1625278,2022-03-03,16690.47
TAX925527,USR6620,SPT1898681,2024-01-26,31341.24
TAX925528,USR9166,SPT8785,2023-11-15,15666.18
TAX925529,USR6738,SPT1627365,2023-01-12,40473.94
TAX925530,USR1143,SPT963553,2022-08-29,17031.72
TAX925531,USR9122,SPT1786055,2022-04-05,15936.19
TAX925532,USR1148,SPT493181,2022-07-25,8398.99
TAX925533,USR4174,SPT1981518,2022-07-10,43242.65
TAX925534,USR5112,SPT1204610,2023-02-01,47609.25
TAX925535,USR4282,SPT819480,2023-05-28,43511.93
TAX925536,USR5602,SPT444423,2023-02-02,42090.83
TAX925537,USR140,SPT1414831,2023-09-23,43271.4
TAX925538,USR1246,SPT1542437,2023-04-26,42408.22
TAX925539,USR4959,SPT247874,2023-03-03,2388.27
TAX925540,USR7469,SPT1406556,2022-02-12,48698.6
TAX925541,USR4947,SPT22237,2022-10-14,22451.64
TAX925542,USR4433,SPT1117260,2022-07-27,19685.41
TAX925543,USR9471,SPT178847,2023-11-22,43712.06
TAX925544,USR2545,SPT1102980,2022-06-08,26314.21
TAX925545,USR737,SPT968650,2024-01-15,36618.72
TAX925546,USR9849,SPT218323,2022-05-21,14164.52
TAX925547,USR4462,SPT1289414,2023-03-18,16649.13
TAX925548,USR4029,SPT1933742,2022-03-03,21948.81
TAX925549,USR7894,SPT1006911,2023-04-01,20666.64
TAX925550,USR7439,SPT942203,2024-01-03,12209.11
TAX925551,USR4704,SPT909053,2022-04-07,34323.18
TAX925552,USR2165,SPT152382,2022-09-10,8243.68
TAX925553,USR6672,SPT1811506,2023-12-24,19966.88
TAX925554,USR7365,SPT1519982,2022-12-03,32590.95
TAX925555,USR7622,SPT167179,2024-02-02,11079.29
TAX925556,USR2999,SPT726786,2022-07-11,14255.2
TAX925557,USR9849,SPT607948,2023-04-21,28915.31
TAX925558,USR2591,SPT31471,2022-10-31,37921.81
TAX925559,USR2425,SPT115951,2023-01-08,37542.35
TAX925560,USR9031,SPT1530245,2022-05-06,43756.17
TAX925561,USR2274,SPT553603,2022-12-04,7049.55
TAX925562,USR3908,SPT1198889,2022-05-09,29602.04
TAX925563,USR912,SPT1587490,2024-02-05,24517.21
TAX925564,USR4411,SPT1387209,2023-01-07,12379.02
TAX925565,USR6515,SPT1761007,2022-03-03,13965.65
TAX925566,USR4869,SPT540126,2022-09-14,4198.24
TAX925567,USR4514,SPT1742408,2023-04-15,41825.94
TAX925568,USR5208,SPT425959,2022-03-11,9845.2
TAX925569,USR536,SPT579829,2023-10-27,20731.13
TAX925570,USR4274,SPT1338961,2023-10-04,25160.25
TAX925571,USR1074,SPT1135609,2024-01-25,24942.21
TAX925572,USR3496,SPT343481,2022-08-22,11328.47
TAX925573,USR9679,SPT111674,2023-04-14,36159.7
TAX925574,USR2996,SPT180777,2023-05-19,37829.44
TAX925575,USR6099,SPT447926,2023-08-27,29545.82
TAX925576,USR1354,SPT672677,2023-07-03,9706.81
TAX925577,USR3459,SPT1312811,2023-11-26,12561.15
TAX925578,USR4482,SPT486086,2022-04-27,40720.1
TAX925579,USR4025,SPT1236000,2022-12-21,41428.84
TAX925580,USR9596,SPT875585,2024-01-24,26808.87
TAX925581,USR8013,SPT1052307,2023-03-16,44807.17
TAX925582,USR7839,SPT1087776,2023-02-10,2186.29
TAX925583,USR2215,SPT1980450,2022-10-04,44012.48
TAX925584,USR1847,SPT881945,2023-08-08,46205.19
TAX925585,USR1484,SPT767097,2023-03-10,6418.12
TAX925586,USR8965,SPT583483,2023-02-08,11475.86
TAX925587,USR1273,SPT1606104,2023-02-24,40552.94
TAX925588,USR777,SPT1555918,2024-02-08,26296.27
TAX925589,USR2014,SPT1864087,2024-01-12,22492.67
TAX925590,USR5967,SPT147327,2023-10-24,40526.27
TAX925591,USR6356,SPT923972,2022-02-11,23337.34
TAX925592,USR2978,SPT1242729,2022-12-07,42772.57
TAX925593,USR869,SPT747176,2022-06-23,1164.26
TAX925594,USR9464,SPT276728,2022-10-26,29091.46
TAX925595,USR7815,SPT857686,2023-06-26,28589.1
TAX925596,USR512,SPT1102784,2022-11-29,23382.77
TAX925597,USR7618,SPT938381,2023-09-06,34975.18
TAX925598,USR1989,SPT1412051,2023-04-08,12736.82
TAX925599,USR9670,SPT1900117,2022-04-11,9821.72
TAX925600,USR598,SPT221007,2024-01-16,2550.08
TAX925601,USR1761,SPT37044,2023-03-16,48543.96
TAX925602,USR7938,SPT1522028,2022-05-25,27098.88
TAX925603,USR550,SPT718224,2023-04-16,28118.14
TAX925604,USR9881,SPT771219,2023-10-25,16603.31
TAX925605,USR3466,SPT545793,2022-05-14,34212.9
TAX925606,USR1183,SPT1534458,2023-08-28,43792.3
TAX925607,USR7144,SPT1664233,2023-06-18,28014.26
TAX925608,USR4203,SPT1117071,2024-02-02,5284.14
TAX925609,USR5528,SPT1954175,2023-09-29,3356.22
TAX925610,USR5390,SPT1166956,2022-08-15,29465.81
TAX925611,USR6419,SPT1674095,2023-08-20,2981.49
TAX925612,USR3229,SPT573160,2022-06-24,10416.24
TAX925613,USR6120,SPT1582585,2023-09-08,48233.74
TAX925614,USR2245,SPT772004,2023-01-25,23935.97
TAX925615,USR4929,SPT1051719,2022-11-28,17567.33
TAX925616,USR8240,SPT1636911,2022-10-26,28157.77
TAX925617,USR9004,SPT1590671,2022-09-30,44778.03
TAX925618,USR2199,SPT448979,2022-04-20,5944.9
TAX925619,USR4087,SPT1709800,2022-12-15,6650.66
TAX925620,USR4900,SPT1033609,2022-12-05,33718.31
TAX925621,USR3080,SPT1729190,2022-11-14,46580.64
TAX925622,USR8615,SPT1233307,2022-04-24,22118.3
TAX925623,USR6789,SPT1989105,2022-12-03,16421.26
TAX925624,USR625,SPT1878940,2023-02-26,37325.71
TAX925625,USR5882,SPT681408,2022-05-09,3370.9
TAX925626,USR9143,SPT1365365,2022-04-02,33840.01
TAX925627,USR2856,SPT1270984,2023-01-02,34926.02
TAX925628,USR7972,SPT1028596,2023-05-11,34109.06
TAX925629,USR2564,SPT484554,2022-12-06,20205.49
TAX925630,USR1826,SPT747418,2023-04-27,24368.24
TAX925631,USR3736,SPT877750,2022-04-15,49794.1
TAX925632,USR9504,SPT1339209,2022-02-09,31139.63
TAX925633,USR8678,SPT1483389,2023-09-23,8856.37
TAX925634,USR8574,SPT1133683,2023-08-11,35329.08
TAX925635,USR6821,SPT970021,2022-04-27,34072.87
TAX925636,USR9460,SPT1212241,2022-06-04,16497.31
TAX925637,USR51,SPT218315,2023-12-28,7116.88
TAX925638,USR9316,SPT1457040,2023-06-12,11434.16
TAX925639,USR3335,SPT179684,2022-12-19,30449.05
TAX925640,USR9783,SPT548116,2023-04-08,41254.09
TAX925641,USR2432,SPT387569,2022-11-28,12085.3
TAX925642,USR5593,SPT695128,2023-03-25,15269.76
TAX925643,USR6693,SPT1836999,2023-10-17,2384.35
TAX925644,USR6339,SPT592699,2022-03-13,15537.66
TAX925645,USR1597,SPT1186435,2022-05-18,38216.38
TAX925646,USR5373,SPT1369203,2023-12-18,1598.79
TAX925647,USR9430,SPT846223,2022-05-29,22976.11
TAX925648,USR8232,SPT626100,2022-02-12,30238.93
TAX925649,USR1855,SPT254810,2023-03-23,16855.24
TAX925650,USR3647,SPT1160540,2022-02-23,7064.26
TAX925651,USR4332,SPT824381,2023-11-20,1032.53
TAX925652,USR3917,SPT1612765,2022-04-14,43244.22
TAX925653,USR3763,SPT1616804,2023-03-08,15933.1
TAX925654,USR7838,SPT484596,2023-08-07,21232.75
TAX925655,USR9529,SPT455210,2023-12-05,16497.49
TAX925656,USR2185,SPT573040,2023-11-24,38431.54
TAX925657,USR4937,SPT937307,2022-10-11,47977.94
TAX925658,USR4090,SPT525615,2023-05-31,22688.21
TAX925659,USR8501,SPT1639701,2022-10-02,23575.55
TAX925660,USR6481,SPT1660626,2024-01-25,19391.44
TAX925661,USR3202,SPT272839,2024-02-07,49947.83
TAX925662,USR7298,SPT986318,2023-04-03,31783.91
TAX925663,USR5473,SPT1867048,2023-07-30,37013.3
TAX925664,USR723,SPT1906315,2023-10-09,38455.65
TAX925665,USR607,SPT1016270,2023-09-14,36958.32
TAX925666,USR9826,SPT1911977,2022-04-24,44406.07
TAX925667,USR7353,SPT610708,2022-07-20,17521.0
TAX925668,USR4671,SPT1096747,2023-05-27,3283.13
TAX925669,USR7160,SPT1563772,2022-04-26,41792.68
TAX925670,USR802,SPT1608835,2023-03-11,39925.18
TAX925671,USR9643,SPT131978,2023-08-09,1772.21
TAX925672,USR5696,SPT251208,2022-11-07,3255.69
TAX925673,USR3896,SPT627861,2022-03-04,23128.78
TAX925674,USR8207,SPT1043987,2023-11-25,38030.14
TAX925675,USR8450,SPT704524,2022-12-07,33083.55
TAX925676,USR5527,SPT405254,2022-03-04,16629.71
TAX925677,USR1249,SPT1268833,2023-09-06,44390.79
TAX925678,USR3818,SPT541052,2023-06-06,32909.69
TAX925679,USR4494,SPT848879,2023-07-15,1690.16
TAX925680,USR808,SPT1678828,2023-09-29,35627.68
TAX925681,USR3303,SPT94597,2022-04-29,2698.11
TAX925682,USR638,SPT971184,2022-05-27,28392.07
TAX925683,USR8022,SPT823470,2024-01-02,6944.57
TAX925684,USR5869,SPT1557333,2022-11-15,21015.48
TAX925685,USR2449,SPT1991959,2022-06-07,2000.58
TAX925686,USR2122,SPT102383,2023-12-25,4306.07
TAX925687,USR8751,SPT1406912,2022-11-23,18596.71
TAX925688,USR7725,SPT609758,2023-08-12,31495.31
TAX925689,USR2590,SPT1653555,2023-07-18,1515.58
TAX925690,USR6155,SPT552545,2022-09-07,6559.41
TAX925691,USR9853,SPT634555,2023-12-13,5060.19
TAX925692,USR2914,SPT1063613,2022-06-21,13329.15
TAX925693,USR5501,SPT528473,2023-09-17,25484.27
TAX925694,USR9546,SPT498823,2022-11-24,29504.68
TAX925695,USR6657,SPT1445787,2023-09-17,32302.77
TAX925696,USR4276,SPT1452795,2023-11-19,27439.64
TAX925697,USR5640,SPT199034,2023-11-19,14438.92
TAX925698,USR1553,SPT679252,2022-07-05,34150.11
TAX925699,USR9288,SPT1360313,2023-06-09,40450.78
TAX925700,USR9613,SPT936123,2022-12-27,12241.06
TAX925701,USR8238,SPT1809356,2023-07-20,18320.15
TAX925702,USR7040,SPT986956,2023-10-14,8071.99
TAX925703,USR7208,SPT318891,2022-04-11,21280.19
TAX925704,USR5329,SPT1376740,2023-11-17,14540.74
TAX925705,USR7817,SPT877609,2022-06-15,18207.79
TAX925706,USR4928,SPT1170024,2022-02-10,9519.37
TAX925707,USR1851,SPT890234,2023-09-09,20713.85
TAX925708,USR967,SPT889006,2023-05-25,43792.35
TAX925709,USR784,SPT1730416,2022-08-17,26215.67
TAX925710,USR8214,SPT428749,2022-06-01,43656.88
TAX925711,USR7312,SPT861003,2022-12-08,6245.65
TAX925712,USR7794,SPT468776,2023-03-01,32397.42
TAX925713,USR3248,SPT386511,2022-07-18,2082.37
TAX925714,USR5649,SPT1545308,2023-08-15,41048.92
TAX925715,USR4690,SPT1281244,2023-04-24,20217.12
TAX925716,USR6220,SPT345501,2023-12-04,20728.13
TAX925717,USR2642,SPT995943,2022-03-02,10903.32
TAX925718,USR8472,SPT1554069,2024-01-19,43405.95
TAX925719,USR2670,SPT998930,2023-07-23,30421.53
TAX925720,USR9344,SPT594669,2022-03-26,17412.11
TAX925721,USR5291,SPT76040,2022-03-26,25684.77
TAX925722,USR5955,SPT1763386,2022-12-15,12281.28
TAX925723,USR6306,SPT277968,2023-07-02,4479.92
TAX925724,USR4266,SPT361184,2022-07-01,42063.28
TAX925725,USR1126,SPT1208361,2022-10-17,16074.37
TAX925726,USR494,SPT1890355,2023-06-22,19372.33
TAX925727,USR7107,SPT1293148,2022-07-30,20209.78
TAX925728,USR3377,SPT1539838,2022-04-26,29898.11
TAX925729,USR7488,SPT867050,2023-03-13,15089.77
TAX925730,USR1105,SPT1113680,2022-06-27,18834.23
TAX925731,USR1480,SPT1740373,2022-10-12,8061.32
TAX925732,USR562,SPT955954,2023-09-07,39299.71
TAX925733,USR7151,SPT1529393,2023-05-07,20261.7
TAX925734,USR2766,SPT142346,2022-05-07,13287.75
TAX925735,USR8085,SPT1004060,2024-01-15,20666.75
TAX925736,USR445,SPT522298,2023-10-28,13213.92
TAX925737,USR9681,SPT1594158,2022-05-19,37901.42
TAX925738,USR5140,SPT1809678,2022-12-29,8643.93
TAX925739,USR2481,SPT1056504,2023-05-29,13885.0
TAX925740,USR8792,SPT867100,2024-01-29,23629.68
TAX925741,USR3640,SPT888923,2023-06-08,12454.31
TAX925742,USR4307,SPT757219,2022-12-11,4388.44
TAX925743,USR6395,SPT101035,2022-09-30,13276.21
TAX925744,USR2319,SPT991018,2023-08-21,5030.46
TAX925745,USR4655,SPT1040017,2023-10-06,31097.35
TAX925746,USR7559,SPT1128082,2023-04-12,42716.61
TAX925747,USR3754,SPT855541,2023-05-03,14722.08
TAX925748,USR8925,SPT1554670,2022-03-11,36674.66
TAX925749,USR2384,SPT487866,2023-03-01,36239.88
TAX925750,USR6659,SPT897071,2023-01-10,43737.46
TAX925751,USR7821,SPT1685020,2023-06-29,42220.29
TAX925752,USR6982,SPT716577,2023-01-23,23206.9
TAX925753,USR8865,SPT630835,2022-05-08,41138.39
TAX925754,USR7558,SPT727484,2023-08-10,16354.83
TAX925755,USR1460,SPT31637,2022-03-01,47280.69
TAX925756,USR7508,SPT190611,2022-07-17,30914.85
TAX925757,USR36,SPT1202654,2022-09-19,39370.9
TAX925758,USR502,SPT391477,2022-12-12,5812.85
TAX925759,USR4240,SPT281099,2023-05-01,2871.12
TAX925760,USR3417,SPT1384891,2023-08-16,34632.42
TAX925761,USR1298,SPT714485,2023-10-31,19271.28
TAX925762,USR2418,SPT60719,2023-06-18,8509.34
TAX925763,USR1390,SPT1130124,2022-07-24,1625.48
TAX925764,USR3154,SPT877052,2022-06-01,30787.41
TAX925765,USR3407,SPT540567,2023-10-22,28988.56
TAX925766,USR336,SPT1849575,2023-07-21,4511.44
TAX925767,USR6274,SPT1085805,2023-06-23,26321.27
TAX925768,USR7568,SPT871689,2022-03-17,7176.52
TAX925769,USR6524,SPT1583278,2023-01-13,31391.66
TAX925770,USR8696,SPT218879,2022-05-01,36972.77
TAX925771,USR8043,SPT1832625,2022-05-11,18751.22
TAX925772,USR9517,SPT1372921,2023-07-08,22890.11
TAX925773,USR846,SPT1778930,2022-03-23,43592.26
TAX925774,USR6573,SPT468625,2022-05-12,36753.2
TAX925775,USR1101,SPT1672222,2023-05-12,25948.55
TAX925776,USR9222,SPT1909050,2023-08-09,10560.93
TAX925777,USR4360,SPT1827025,2022-11-16,47319.37
TAX925778,USR2437,SPT1638264,2022-04-14,2153.4
TAX925779,USR1959,SPT1437895,2023-09-05,20273.82
TAX925780,USR8857,SPT211563,2023-06-25,12122.48
TAX925781,USR6254,SPT851640,2023-03-07,22542.96
TAX925782,USR6395,SPT508918,2022-06-14,24021.15
TAX925783,USR6206,SPT920412,2022-07-01,18433.72
TAX925784,USR2981,SPT1434647,2023-09-28,37502.78
TAX925785,USR83,SPT704955,2023-09-05,4068.96
TAX925786,USR8208,SPT1535777,2023-06-11,40049.19
TAX925787,USR3099,SPT469538,2023-11-10,32160.57
TAX925788,USR1338,SPT279522,2023-11-21,15180.19
TAX925789,USR1408,SPT897825,2023-04-03,45427.72
TAX925790,USR2359,SPT1498932,2022-12-31,21328.49
TAX925791,USR4718,SPT1028455,2022-02-18,7561.22
TAX925792,USR2745,SPT1491854,2023-06-09,18326.47
TAX925793,USR1531,SPT764731,2022-12-28,19688.34
TAX925794,USR4496,SPT758749,2023-06-08,49646.09
TAX925795,USR8821,SPT729201,2023-04-30,37346.98
TAX925796,USR6886,SPT1633420,2022-05-11,32612.55
TAX925797,USR203,SPT297998,2023-02-10,11109.98
TAX925798,USR3696,SPT408874,2023-10-22,48212.4
TAX925799,USR6433,SPT1268726,2023-07-09,46394.19
TAX925800,USR3799,SPT1860256,2023-04-22,33896.32
TAX925801,USR4415,SPT316353,2022-08-11,25818.45
TAX925802,USR4725,SPT1731918,2022-06-19,7038.87
TAX925803,USR9813,SPT755869,2023-05-28,10505.11
TAX925804,USR7326,SPT1006104,2022-09-06,40986.11
TAX925805,USR3484,SPT500089,2022-03-10,6590.27
TAX925806,USR6788,SPT705207,2023-11-20,12934.19
TAX925807,USR2183,SPT1402176,2022-05-28,39481.07
TAX925808,USR1356,SPT1713394,2022-12-25,3219.7
TAX925809,USR8064,SPT1613162,2023-06-06,30542.03
TAX925810,USR9548,SPT130065,2023-06-21,47148.82
TAX925811,USR7812,SPT1363756,2023-06-11,8308.16
TAX925812,USR1371,SPT730710,2023-05-20,2637.81
TAX925813,USR2620,SPT1163846,2022-12-19,29950.2
TAX925814,USR363,SPT1664603,2023-02-01,3800.82
TAX925815,USR3661,SPT713254,2024-01-07,17816.76
TAX925816,USR3110,SPT1974360,2023-08-28,9577.87
TAX925817,USR4338,SPT1452886,2023-09-30,10357.74
TAX925818,USR9775,SPT1083670,2023-11-16,28359.45
TAX925819,USR9084,SPT1639725,2022-09-05,22764.45
TAX925820,USR3560,SPT758557,2023-04-13,49347.74
TAX925821,USR6500,SPT1185560,2022-11-08,25941.48
TAX925822,USR122,SPT438138,2023-03-27,39876.76
TAX925823,USR7139,SPT406853,2023-03-22,13324.17
TAX925824,USR6752,SPT27542,2023-04-22,44506.84
TAX925825,USR9930,SPT708876,2023-12-25,30073.45
TAX925826,USR2627,SPT948731,2023-04-27,36219.8
TAX925827,USR1913,SPT1950221,2023-03-11,23558.05
TAX925828,USR6519,SPT463944,2022-10-21,8820.09
TAX925829,USR7687,SPT1612301,2022-08-31,19442.32
TAX925830,USR885,SPT18156,2022-07-13,14897.92
TAX925831,USR8166,SPT1490843,2022-12-25,49325.22
TAX925832,USR3611,SPT727846,2023-06-15,34121.17
TAX925833,USR7745,SPT1013495,2023-03-31,44895.78
TAX925834,USR5578,SPT800706,2023-01-11,47581.17
TAX925835,USR3161,SPT1014660,2022-03-12,20635.81
TAX925836,USR2417,SPT13556,2022-07-05,24551.26
TAX925837,USR3113,SPT251857,2022-06-29,26939.8
TAX925838,USR5783,SPT252069,2023-11-10,10843.28
TAX925839,USR9775,SPT91385,2022-06-21,15603.63
TAX925840,USR9445,SPT1175027,2023-03-01,49612.38
TAX925841,USR2775,SPT1250112,2023-04-05,46377.44
TAX925842,USR1335,SPT1874902,2022-10-16,11421.77
TAX925843,USR5874,SPT305076,2022-09-10,20360.06
TAX925844,USR1445,SPT146231,2022-03-22,43945.04
TAX925845,USR2894,SPT1108964,2023-12-27,48264.78
TAX925846,USR7645,SPT1282852,2023-01-28,20486.7
TAX925847,USR8872,SPT1198453,2022-02-24,1351.3
TAX925848,USR5756,SPT404298,2022-10-24,5383.97
TAX925849,USR3622,SPT1193873,2022-04-09,21347.61
TAX925850,USR9532,SPT824106,2023-06-28,29939.51
TAX925851,USR3590,SPT555204,2023-09-06,30401.32
TAX925852,USR9396,SPT406309,2023-04-24,20761.61
TAX925853,USR8995,SPT437391,2022-05-23,42725.19
TAX925854,USR8534,SPT1217870,2022-07-17,12067.49
TAX925855,USR9710,SPT501559,2022-12-07,14615.36
TAX925856,USR1023,SPT780899,2023-07-05,40001.02
TAX925857,USR6820,SPT414037,2022-09-23,19278.34
TAX925858,USR4001,SPT1960632,2022-09-06,5717.08
TAX925859,USR2790,SPT1230010,2023-03-25,17981.2
TAX925860,USR9411,SPT761494,2023-10-29,42990.4
TAX925861,USR8239,SPT499612,2023-08-17,8540.23
TAX925862,USR840,SPT215967,2023-02-28,7853.61
TAX925863,USR7285,SPT592627,2023-09-07,37871.63
TAX925864,USR9195,SPT1897464,2023-09-22,45012.95
TAX925865,USR8207,SPT1771665,2022-03-29,17272.1
TAX925866,USR9783,SPT1292254,2022-04-20,15019.58
TAX925867,USR708,SPT1830927,2022-09-22,13981.01
TAX925868,USR5313,SPT1060456,2022-07-05,25930.95
TAX925869,USR780,SPT1221639,2023-08-08,41091.69
TAX925870,USR7731,SPT741601,2023-01-20,43350.09
TAX925871,USR432,SPT327779,2023-03-15,43126.16
TAX925872,USR5844,SPT1448246,2022-07-05,36626.54
TAX925873,USR985,SPT767250,2023-09-29,8624.88
TAX925874,USR2667,SPT1946285,2023-11-18,49644.98
TAX925875,USR9688,SPT1195357,2022-04-17,26374.27
TAX925876,USR2418,SPT153076,2023-05-26,34658.01
TAX925877,USR1569,SPT957741,2022-10-10,8948.27
TAX925878,USR9228,SPT1039071,2022-09-26,31414.62
TAX925879,USR5043,SPT372139,2022-06-16,33744.3
TAX925880,USR1151,SPT1394755,2023-10-02,27979.29
TAX925881,USR8430,SPT1281183,2023-02-25,45177.24
TAX925882,USR4351,SPT1477801,2023-02-12,20707.07
TAX925883,USR832,SPT1988892,2023-05-16,24917.56
TAX925884,USR5348,SPT1701419,2022-07-28,18136.08
TAX925885,USR4944,SPT541231,2023-08-01,24511.56
TAX925886,USR8028,SPT33036,2023-05-31,19827.04
TAX925887,USR8218,SPT493793,2023-10-06,23577.56
TAX925888,USR6338,SPT1717221,2023-02-03,27600.79
TAX925889,USR5021,SPT1020358,2023-01-13,4240.58
TAX925890,USR8314,SPT1020148,2023-02-22,31551.77
TAX925891,USR3483,SPT105446,2022-05-03,13229.51
TAX925892,USR9695,SPT1173954,2023-01-19,27863.54
TAX925893,USR7538,SPT607811,2022-04-07,13670.69
TAX925894,USR7092,SPT1841750,2022-09-04,43727.39
TAX925895,USR4089,SPT651490,2022-05-06,49546.39
TAX925896,USR4712,SPT572,2022-03-04,32682.43
TAX925897,USR5658,SPT1764006,2023-12-08,37898.85
TAX925898,USR4097,SPT626803,2024-02-07,6420.63
TAX925899,USR6595,SPT1738411,2023-04-15,42964.5
TAX925900,USR5692,SPT1634728,2023-05-23,31159.72
TAX925901,USR7331,SPT840941,2022-12-09,47876.95
TAX925902,USR8272,SPT1939935,2022-04-07,17548.0
TAX925903,USR9555,SPT746992,2023-03-08,10262.4
TAX925904,USR4975,SPT828775,2023-05-12,7771.1
TAX925905,USR7627,SPT484060,2022-08-23,4456.7
TAX925906,USR7795,SPT1876773,2023-09-19,38098.89
TAX925907,USR905,SPT978081,2022-03-11,36697.38
TAX925908,USR6249,SPT1264327,2023-10-25,45826.46
TAX925909,USR8356,SPT1830914,2022-09-14,42385.78
TAX925910,USR1432,SPT1089233,2022-11-01,9406.02
TAX925911,USR1011,SPT1778931,2022-07-08,46671.42
TAX925912,USR6905,SPT1686259,2023-06-26,13463.07
TAX925913,USR2103,SPT176806,2023-09-01,28813.02
TAX925914,USR2993,SPT1662338,2022-02-09,7664.31
TAX925915,USR5840,SPT946225,2022-10-31,29225.34
TAX925916,USR6099,SPT1562962,2023-06-08,46308.57
TAX925917,USR995,SPT920404,2023-06-24,10447.29
TAX925918,USR3310,SPT200299,2023-02-08,11400.9
TAX925919,USR5296,SPT268477,2022-04-06,31858.43
TAX925920,USR5342,SPT1782118,2023-03-28,9667.35
TAX925921,USR7813,SPT1677766,2022-09-19,19347.38
TAX925922,USR9418,SPT1072213,2022-11-11,24466.75
TAX925923,USR5889,SPT502850,2022-10-03,13699.41
TAX925924,USR7224,SPT69229,2022-08-08,47211.86
TAX925925,USR8805,SPT1907265,2022-04-13,12762.38
TAX925926,USR738,SPT1070903,2023-07-14,18244.27
TAX925927,USR618,SPT1358764,2022-09-22,11943.08
TAX925928,USR6549,SPT504961,2022-09-26,41364.62
TAX925929,USR9315,SPT1673145,2023-08-24,31799.23
TAX925930,USR1820,SPT890327,2022-07-10,36275.78
TAX925931,USR8329,SPT833262,2023-09-28,49351.14
TAX925932,USR2133,SPT630591,2024-01-16,22298.75
TAX925933,USR9633,SPT173885,2023-10-31,47377.0
TAX925934,USR5166,SPT1388779,2023-12-02,19816.43
TAX925935,USR528,SPT869764,2023-02-13,15135.48
TAX925936,USR1595,SPT269231,2023-02-21,34879.57
TAX925937,USR6841,SPT953544,2022-10-01,3855.67
TAX925938,USR3815,SPT362989,2023-08-18,31153.65
TAX925939,USR1484,SPT950822,2022-03-03,17328.27
TAX925940,USR186,SPT1846643,2022-05-28,11602.93
TAX925941,USR9709,SPT145368,2022-03-05,12897.99
TAX925942,USR5707,SPT1376119,2022-11-24,29305.98
TAX925943,USR1625,SPT1754489,2023-10-26,13238.63
TAX925944,USR9773,SPT1824976,2023-01-10,12924.42
TAX925945,USR968,SPT1512609,2023-07-04,11430.31
TAX925946,USR2584,SPT1038374,2022-09-07,48388.12
TAX925947,USR2873,SPT1857281,2022-04-03,32054.98
TAX925948,USR9398,SPT371833,2022-11-06,24030.37
TAX925949,USR4324,SPT1259194,2022-12-30,19673.39
TAX925950,USR6948,SPT1596241,2022-11-11,11099.22
TAX925951,USR342,SPT930477,2022-11-14,13866.84
TAX925952,USR8891,SPT1576620,2024-01-12,48682.56
TAX925953,USR9338,SPT1566651,2022-12-07,48656.9
TAX925954,USR596,SPT1905561,2023-10-28,25800.17
TAX925955,USR1212,SPT478042,2023-09-28,48614.2
TAX925956,USR4054,SPT1361544,2022-12-04,29317.52
TAX925957,USR6429,SPT800802,2022-05-08,2839.62
TAX925958,USR8972,SPT1328806,2023-06-15,48807.99
TAX925959,USR5750,SPT1509398,2023-12-22,23507.96
TAX925960,USR8339,SPT1316982,2023-09-29,31023.58
TAX925961,USR6211,SPT1760265,2022-05-15,14997.68
TAX925962,USR6979,SPT748998,2023-10-23,24181.04
TAX925963,USR4687,SPT1940343,2023-09-20,46896.6
TAX925964,USR6656,SPT1030313,2023-11-02,8746.83
TAX925965,USR6709,SPT1138928,2023-05-01,18284.5
TAX925966,USR8758,SPT501032,2022-05-28,19352.15
TAX925967,USR7629,SPT852661,2023-06-30,45195.04
TAX925968,USR1599,SPT373992,2023-12-07,32163.85
TAX925969,USR8890,SPT1946446,2023-06-01,34436.99
TAX925970,USR559,SPT1640423,2022-02-19,40272.16
TAX925971,USR1088,SPT744167,2022-05-22,24812.82
TAX925972,USR8756,SPT815636,2023-04-15,42704.62
TAX925973,USR8377,SPT741310,2023-01-27,1955.95
TAX925974,USR9437,SPT83007,2022-09-18,7310.68
TAX925975,USR2030,SPT124093,2022-08-06,5997.63
TAX925976,USR7520,SPT384719,2023-04-23,31876.28
TAX925977,USR7917,SPT1494366,2023-06-14,25901.99
TAX925978,USR2112,SPT1007797,2022-11-17,44129.22
TAX925979,USR7238,SPT140601,2022-08-16,43048.98
TAX925980,USR1306,SPT1556619,2023-07-28,5379.44
TAX925981,USR8818,SPT961175,2022-12-14,27418.07
TAX925982,USR5882,SPT827471,2023-07-06,47141.44
TAX925983,USR8563,SPT1376261,2023-01-01,33924.35
TAX925984,USR3875,SPT897471,2022-07-27,42053.63
TAX925985,USR591,SPT1658813,2023-08-14,47941.96
TAX925986,USR8092,SPT1029747,2022-07-28,43958.44
TAX925987,USR8806,SPT445645,2022-12-17,2818.81
TAX925988,USR751,SPT1707340,2022-03-26,33188.22
TAX925989,USR8431,SPT1722678,2022-11-18,7565.57
TAX925990,USR5843,SPT994075,2023-05-09,36661.05
TAX925991,USR1609,SPT1435940,2022-12-06,2923.17
TAX925992,USR8249,SPT478727,2023-08-24,29804.81
TAX925993,USR2040,SPT1345072,2023-12-05,35607.59
TAX925994,USR1712,SPT1959813,2022-12-02,27329.92
TAX925995,USR5922,SPT1888199,2022-02-22,27033.62
TAX925996,USR6181,SPT980697,2022-07-05,1079.4
TAX925997,USR8483,SPT1575938,2022-09-09,47166.75
TAX925998,USR6170,SPT1486106,2023-05-07,17502.11
TAX925999,USR9438,SPT1254096,2022-11-05,13849.78
TAX926000,USR4288,SPT392204,2022-05-12,17375.7
TAX926001,USR7204,SPT1907929,2023-10-05,10563.08
TAX926002,USR9724,SPT1147445,2022-12-21,6300.16
TAX926003,USR3135,SPT886732,2023-10-09,42394.36
TAX926004,USR35,SPT816753,2023-04-15,25573.46
TAX926005,USR4158,SPT937773,2023-09-27,23185.01
TAX926006,USR4048,SPT847243,2023-07-18,33699.11
TAX926007,USR2527,SPT1086012,2022-11-13,23029.14
TAX926008,USR7857,SPT1113852,2022-08-30,20239.93
TAX926009,USR7040,SPT808307,2023-07-13,24498.24
TAX926010,USR3873,SPT1325633,2023-02-04,25887.63
TAX926011,USR1773,SPT1465875,2022-02-14,38551.45
TAX926012,USR6629,SPT638105,2023-05-17,18820.35
TAX926013,USR6429,SPT1082938,2023-06-09,7078.58
TAX926014,USR790,SPT323772,2023-07-30,9879.45
TAX926015,USR1055,SPT258684,2022-05-01,26374.39
TAX926016,USR8297,SPT901602,2023-07-07,5896.61
TAX926017,USR750,SPT739410,2023-06-19,14768.43
TAX926018,USR6280,SPT164808,2023-10-09,34394.48
TAX926019,USR8449,SPT418382,2023-02-25,3077.39
TAX926020,USR6488,SPT273397,2022-04-05,16830.17
TAX926021,USR6538,SPT432635,2023-08-27,5412.27
TAX926022,USR3400,SPT1498089,2023-06-25,28711.12
TAX926023,USR7284,SPT1066230,2023-06-22,47858.2
TAX926024,USR1315,SPT312847,2023-08-06,27391.9
TAX926025,USR8303,SPT172148,2023-07-03,18515.5
TAX926026,USR3903,SPT548111,2023-10-07,23911.66
TAX926027,USR4540,SPT1233881,2023-12-02,2169.88
TAX926028,USR4868,SPT1548310,2024-02-09,23481.13
TAX926029,USR9272,SPT192155,2023-05-14,12722.57
TAX926030,USR8678,SPT332614,2022-03-27,15612.56
TAX926031,USR2926,SPT229523,2023-03-27,38943.24
TAX926032,USR1522,SPT1133783,2023-11-12,7302.36
TAX926033,USR6476,SPT1168768,2022-07-20,26670.25
TAX926034,USR8068,SPT1135940,2023-06-05,42184.59
TAX926035,USR1441,SPT237534,2022-05-03,41886.88
TAX926036,USR3706,SPT749296,2023-06-15,33707.71
TAX926037,USR2754,SPT1399270,2022-12-19,3590.33
TAX926038,USR6730,SPT941827,2022-03-20,30479.67
TAX926039,USR2567,SPT656247,2023-05-03,8888.12
TAX926040,USR8136,SPT60721,2023-08-24,4084.5
TAX926041,USR2244,SPT1007169,2023-05-17,8683.45
TAX926042,USR1911,SPT1168929,2022-09-28,10943.8
TAX926043,USR5979,SPT394688,2023-11-14,48849.67
TAX926044,USR9368,SPT1950679,2022-11-10,31129.5
TAX926045,USR4652,SPT1988347,2023-05-08,28336.34
TAX926046,USR8984,SPT1322390,2024-01-29,15115.91
TAX926047,USR9182,SPT296900,2022-10-23,30314.77
TAX926048,USR6470,SPT1674901,2023-07-10,6036.02
TAX926049,USR2379,SPT1369224,2022-02-19,47723.24
TAX926050,USR843,SPT132861,2023-05-26,4927.31
TAX926051,USR9881,SPT1051624,2024-02-06,23038.07
TAX926052,USR8131,SPT1382451,2023-06-19,41594.67
TAX926053,USR1925,SPT1126601,2023-03-16,35699.42
TAX926054,USR1974,SPT792267,2022-07-19,16050.16
TAX926055,USR1712,SPT877708,2023-01-15,45922.51
TAX926056,USR3141,SPT257484,2022-03-25,3868.61
TAX926057,USR1687,SPT651762,2022-07-22,15623.13
TAX926058,USR7051,SPT644779,2022-03-30,27625.08
TAX926059,USR3898,SPT1494816,2023-11-04,13683.83
TAX926060,USR5136,SPT1990445,2022-06-10,14672.01
TAX926061,USR3758,SPT1064089,2022-08-29,3061.78
TAX926062,USR7209,SPT531933,2022-03-20,43861.51
TAX926063,USR6620,SPT1776339,2023-02-14,31061.51
TAX926064,USR6551,SPT358287,2022-08-11,48786.65
TAX926065,USR192,SPT1373591,2022-04-06,7490.34
TAX926066,USR476,SPT1843866,2022-08-01,42309.35
TAX926067,USR3353,SPT1218424,2022-06-14,40852.8
TAX926068,USR6692,SPT689574,2022-07-19,13138.61
TAX926069,USR3761,SPT934601,2023-02-18,45130.04
TAX926070,USR840,SPT707663,2022-05-02,20984.45
TAX926071,USR5878,SPT654485,2022-11-19,20992.71
TAX926072,USR709,SPT428763,2022-03-12,26210.5
TAX926073,USR3440,SPT1710228,2024-01-28,45345.21
TAX926074,USR184,SPT1971099,2023-11-09,23114.88
TAX926075,USR3898,SPT1603545,2023-12-04,18403.24
TAX926076,USR6061,SPT819918,2023-02-11,25436.84
TAX926077,USR6701,SPT694422,2023-02-19,10926.21
TAX926078,USR8793,SPT1237594,2023-02-18,46921.91
TAX926079,USR6469,SPT414600,2023-09-12,20948.14
TAX926080,USR8624,SPT367268,2022-05-21,13727.51
TAX926081,USR6254,SPT1833683,2023-11-26,36823.4
TAX926082,USR6279,SPT337745,2023-08-02,30991.35
TAX926083,USR9861,SPT1641803,2022-03-18,12773.25
TAX926084,USR8933,SPT774825,2022-04-08,15251.08
TAX926085,USR8390,SPT686694,2022-03-17,10060.57
TAX926086,USR6112,SPT1871024,2022-10-10,3817.09
TAX926087,USR6058,SPT1218038,2022-10-07,47807.02
TAX926088,USR6388,SPT1083958,2023-01-14,5802.39
TAX926089,USR2497,SPT272947,2022-04-05,26385.3
TAX926090,USR6396,SPT412117,2022-02-26,8207.43
TAX926091,USR1412,SPT555035,2023-11-02,24679.58
TAX926092,USR8405,SPT1888575,2022-12-07,34087.26
TAX926093,USR2047,SPT516754,2022-10-16,19762.4
TAX926094,USR2931,SPT1359759,2022-04-15,18406.76
TAX926095,USR3228,SPT1485995,2022-12-26,40133.95
TAX926096,USR7340,SPT1257657,2022-11-03,26551.07
TAX926097,USR229,SPT1412938,2023-02-21,20118.46
TAX926098,USR5913,SPT371736,2023-09-28,4874.17
TAX926099,USR5025,SPT1975928,2023-11-12,10554.8
TAX926100,USR6176,SPT453474,2024-01-06,19411.61
TAX926101,USR5977,SPT473911,2023-01-26,25116.98
TAX926102,USR9456,SPT429487,2022-04-30,3887.83
TAX926103,USR5161,SPT1944915,2024-01-21,5105.84
TAX926104,USR2473,SPT1308304,2022-03-19,18693.93
TAX926105,USR1567,SPT1037588,2022-11-30,16852.05
TAX926106,USR6412,SPT1468823,2023-10-30,45888.95
TAX926107,USR4904,SPT226314,2022-06-02,42203.45
TAX926108,USR2086,SPT854034,2022-05-23,6393.74
TAX926109,USR9688,SPT1787212,2022-03-30,7820.05
TAX926110,USR1824,SPT1987661,2022-06-05,1059.91
TAX926111,USR9234,SPT313333,2023-06-03,20561.62
TAX926112,USR5299,SPT696815,2022-07-23,7004.62
TAX926113,USR9357,SPT128765,2023-08-29,46797.68
TAX926114,USR9627,SPT305871,2022-02-22,1856.5
TAX926115,USR4363,SPT1071482,2022-09-02,16749.12
TAX926116,USR2027,SPT1922876,2022-04-05,47240.34
TAX926117,USR5823,SPT950099,2022-04-04,20480.39
TAX926118,USR8850,SPT1103288,2023-07-13,23360.15
TAX926119,USR7810,SPT1971092,2023-01-16,10401.45
TAX926120,USR4845,SPT1936387,2023-01-03,3942.24
TAX926121,USR1986,SPT483265,2022-07-13,27379.44
TAX926122,USR7220,SPT162386,2023-04-24,35918.42
TAX926123,USR9595,SPT1918690,2023-03-07,30133.27
TAX926124,USR1578,SPT220976,2023-02-20,40987.79
TAX926125,USR7600,SPT142472,2022-10-14,21645.31
TAX926126,USR827,SPT1426604,2022-04-06,10177.33
TAX926127,USR250,SPT1210691,2023-04-11,2290.41
TAX926128,USR8920,SPT630859,2022-04-09,39553.15
TAX926129,USR2878,SPT180812,2022-09-15,33467.3
TAX926130,USR1235,SPT684932,2022-09-08,46713.84
TAX926131,USR6845,SPT1567913,2023-10-22,17120.03
TAX926132,USR5122,SPT1931223,2024-01-13,2178.34
TAX926133,USR9065,SPT784419,2023-05-14,28872.74
TAX926134,USR5789,SPT1532739,2022-12-15,32708.5
TAX926135,USR7578,SPT1050668,2023-06-23,4978.99
TAX926136,USR3643,SPT1709124,2022-12-06,9979.12
TAX926137,USR5500,SPT802680,2022-12-06,23027.15
TAX926138,USR4099,SPT1448175,2023-04-08,23497.77
TAX926139,USR246,SPT829593,2023-07-25,29681.93
TAX926140,USR4416,SPT1183098,2022-06-08,49539.23
TAX926141,USR6260,SPT1250343,2022-04-24,15564.0
TAX926142,USR6756,SPT1918818,2023-11-03,2520.31
TAX926143,USR7071,SPT1864397,2023-07-27,48981.0
TAX926144,USR6936,SPT425195,2022-03-11,44776.04
TAX926145,USR4253,SPT1996118,2022-11-18,16091.02
TAX926146,USR2609,SPT94661,2022-07-09,37848.81
TAX926147,USR1107,SPT466022,2023-12-23,29924.05
TAX926148,USR7545,SPT1191664,2023-07-06,27391.94
TAX926149,USR3268,SPT1954678,2022-04-11,19350.3
TAX926150,USR848,SPT1666333,2022-02-21,19875.39
TAX926151,USR9769,SPT1851455,2023-09-25,24156.17
TAX926152,USR8810,SPT646357,2022-05-29,13784.61
TAX926153,USR6196,SPT1454434,2023-02-05,27452.38
TAX926154,USR4407,SPT179023,2022-03-11,47956.81
TAX926155,USR8205,SPT1348898,2023-12-24,39386.12
TAX926156,USR108,SPT1803958,2023-07-05,40780.76
TAX926157,USR5732,SPT83603,2023-09-21,3413.13
TAX926158,USR3307,SPT1474822,2023-08-22,7204.87
TAX926159,USR9453,SPT1346401,2024-01-06,23722.46
TAX926160,USR5693,SPT1556228,2022-11-09,6397.97
TAX926161,USR1291,SPT1581688,2022-07-27,9530.57
TAX926162,USR6833,SPT1366941,2024-01-07,34841.56
TAX926163,USR9001,SPT1124548,2022-05-28,40176.36
TAX926164,USR7658,SPT1942714,2022-04-24,25320.89
TAX926165,USR6133,SPT1186079,2022-06-09,38883.49
TAX926166,USR6525,SPT827611,2023-05-15,49729.12
TAX926167,USR7730,SPT755928,2023-01-26,17750.82
TAX926168,USR9431,SPT1362993,2022-03-29,35703.16
TAX926169,USR8348,SPT738662,2022-12-14,15686.92
TAX926170,USR977,SPT1863201,2022-10-21,1724.75
TAX926171,USR6571,SPT976845,2022-06-17,27884.86
TAX926172,USR1208,SPT344206,2024-01-26,46281.78
TAX926173,USR2744,SPT1257186,2023-04-04,9322.55
TAX926174,USR9911,SPT1398432,2023-01-08,16967.89
TAX926175,USR4254,SPT1825384,2023-02-27,27876.94
TAX926176,USR1500,SPT443351,2024-02-04,25608.49
TAX926177,USR6224,SPT868648,2023-04-23,3806.49
TAX926178,USR7696,SPT639374,2023-11-20,32273.65
TAX926179,USR35,SPT611262,2023-08-16,33505.97
TAX926180,USR5807,SPT676962,2022-03-18,39687.12
TAX926181,USR6185,SPT991834,2022-06-08,23674.45
TAX926182,USR9814,SPT1202512,2023-10-17,43128.71
TAX926183,USR4872,SPT273198,2023-06-24,19731.0
TAX926184,USR6022,SPT913867,2022-04-03,46571.34
TAX926185,USR4342,SPT1748563,2023-01-13,43573.48
TAX926186,USR8870,SPT1291543,2023-11-04,38857.49
TAX926187,USR6596,SPT1010805,2022-04-25,40554.82
TAX926188,USR3819,SPT1762315,2022-03-11,46920.39
TAX926189,USR4432,SPT1891414,2023-12-10,35000.34
TAX926190,USR1103,SPT687145,2023-02-13,46086.15
TAX926191,USR913,SPT665655,2022-06-03,4676.69
TAX926192,USR230,SPT436333,2022-03-11,32419.17
TAX926193,USR4952,SPT1734668,2022-04-16,38187.53
TAX926194,USR5819,SPT115665,2023-06-24,49026.89
TAX926195,USR6428,SPT290186,2023-02-04,46906.79
TAX926196,USR6829,SPT600564,2022-11-03,18927.9
TAX926197,USR8110,SPT711191,2022-04-07,1257.11
TAX926198,USR179,SPT9587,2023-12-15,41836.08
TAX926199,USR9707,SPT684369,2022-12-22,30850.14
TAX926200,USR8005,SPT1591177,2023-12-28,33682.12
TAX926201,USR3715,SPT330569,2023-04-14,32672.11
TAX926202,USR8431,SPT1502927,2022-11-13,18341.85
TAX926203,USR9517,SPT328666,2023-10-12,33180.32
TAX926204,USR536,SPT170793,2023-03-21,49033.87
TAX926205,USR2224,SPT919350,2024-01-10,19396.95
TAX926206,USR8641,SPT503031,2023-07-12,37695.99
TAX926207,USR3016,SPT1136695,2022-06-09,27896.0
TAX926208,USR1374,SPT587509,2022-05-06,28012.38
TAX926209,USR6207,SPT1597157,2023-12-31,45264.23
TAX926210,USR3833,SPT1428762,2023-06-13,19090.37
TAX926211,USR3870,SPT1716129,2023-08-09,11638.91
TAX926212,USR4073,SPT280351,2023-09-14,34130.7
TAX926213,USR251,SPT251830,2023-11-16,43320.12
TAX926214,USR5486,SPT174858,2022-12-10,36781.78
TAX926215,USR5674,SPT1268512,2022-07-11,26623.13
TAX926216,USR7874,SPT930718,2022-10-17,40659.41
TAX926217,USR3826,SPT1377113,2023-09-14,18493.48
TAX926218,USR2539,SPT1307515,2023-10-05,18396.72
TAX926219,USR4554,SPT106531,2023-05-06,30370.96
TAX926220,USR788,SPT1432384,2023-07-26,48459.55
TAX926221,USR3985,SPT1528665,2023-01-12,40810.15
TAX926222,USR8086,SPT951958,2023-09-20,46313.38
TAX926223,USR8856,SPT1536524,2022-02-23,12742.65
TAX926224,USR1464,SPT393375,2022-05-08,12481.4
TAX926225,USR3398,SPT1358920,2023-04-13,23006.35
TAX926226,USR3842,SPT1245155,2023-09-11,10199.34
TAX926227,USR7712,SPT1592956,2022-12-08,25091.17
TAX926228,USR2097,SPT1883858,2023-08-02,29042.11
TAX926229,USR6989,SPT303930,2023-01-29,28054.23
TAX926230,USR3654,SPT1306956,2023-08-30,31643.71
TAX926231,USR9046,SPT201851,2022-11-16,46232.05
TAX926232,USR2915,SPT1410163,2023-03-13,23859.06
TAX926233,USR7417,SPT1613326,2023-06-19,2035.72
TAX926234,USR6991,SPT193661,2022-08-26,33030.58
TAX926235,USR7534,SPT772573,2023-05-31,47765.25
TAX926236,USR3642,SPT1778813,2022-11-18,18145.87
TAX926237,USR8302,SPT806523,2023-05-25,42857.78
TAX926238,USR4392,SPT1037605,2022-11-16,33623.51
TAX926239,USR2753,SPT1446093,2022-04-12,39262.9
TAX926240,USR7550,SPT1839700,2022-10-02,24651.84
TAX926241,USR7457,SPT1248122,2023-02-06,2096.9
TAX926242,USR8214,SPT620179,2023-04-22,40835.91
TAX926243,USR59,SPT1688197,2024-02-04,40341.34
TAX926244,USR376,SPT936504,2022-10-24,16355.22
TAX926245,USR5379,SPT1008803,2022-04-11,10678.49
TAX926246,USR4238,SPT1737558,2023-11-25,20073.44
TAX926247,USR1193,SPT1130539,2023-05-25,7538.02
TAX926248,USR3131,SPT1979131,2023-09-04,4833.64
TAX926249,USR5454,SPT850195,2022-04-09,38989.6
TAX926250,USR6847,SPT380056,2023-10-17,15771.63
TAX926251,USR7699,SPT1554673,2023-09-05,45495.3
TAX926252,USR6251,SPT1949370,2023-08-09,2952.01
TAX926253,USR7961,SPT1563079,2023-06-19,8939.37
TAX926254,USR8651,SPT1180410,2023-07-02,47323.44
TAX926255,USR6888,SPT931927,2024-01-18,12563.74
TAX926256,USR2318,SPT1037247,2022-04-18,24907.93
TAX926257,USR8430,SPT369020,2024-01-10,17408.88
TAX926258,USR3037,SPT90440,2022-03-01,17304.6
TAX926259,USR143,SPT538229,2023-12-25,40616.05
TAX926260,USR6866,SPT1967306,2023-06-15,28603.95
TAX926261,USR2382,SPT1650555,2023-12-20,32387.32
TAX926262,USR4526,SPT672136,2023-01-08,33359.18
TAX926263,USR7973,SPT777801,2022-11-30,26135.31
TAX926264,USR8996,SPT594975,2023-11-18,12888.85
TAX926265,USR1673,SPT173373,2023-01-16,36703.81
TAX926266,USR9895,SPT1363170,2023-05-31,10333.27
TAX926267,USR7473,SPT913377,2023-05-13,48392.62
TAX926268,USR2918,SPT1029287,2022-10-23,29824.29
TAX926269,USR4860,SPT1205157,2023-12-06,19090.63
TAX926270,USR2041,SPT257062,2023-10-29,14174.79
TAX926271,USR1536,SPT220458,2023-01-03,25105.03
TAX926272,USR966,SPT1325941,2023-11-09,12406.32
TAX926273,USR869,SPT759324,2023-09-18,20668.22
TAX926274,USR5444,SPT382612,2023-10-11,32475.44
TAX926275,USR1902,SPT293994,2022-06-17,47524.79
TAX926276,USR8201,SPT1428544,2023-09-09,22908.13
TAX926277,USR2676,SPT1133359,2022-07-01,2480.23
TAX926278,USR8739,SPT1973330,2022-08-24,13547.9
TAX926279,USR299,SPT775992,2023-04-06,19308.0
TAX926280,USR4640,SPT1968626,2022-07-07,14681.19
TAX926281,USR4164,SPT1962842,2023-04-20,2577.74
TAX926282,USR5142,SPT1874592,2022-07-19,32506.27
TAX926283,USR9048,SPT647554,2023-04-09,40856.15
TAX926284,USR7754,SPT538967,2023-08-03,15369.26
TAX926285,USR1102,SPT896010,2023-12-18,47625.95
TAX926286,USR9271,SPT84424,2022-10-21,1179.68
TAX926287,USR5557,SPT1748205,2022-11-21,1057.2
TAX926288,USR7182,SPT1586221,2023-04-22,34607.23
TAX926289,USR8182,SPT282129,2022-11-07,33133.79
TAX926290,USR1460,SPT1648281,2023-02-14,43518.62
TAX926291,USR8453,SPT644254,2024-01-22,7639.88
TAX926292,USR1065,SPT1559183,2023-08-24,43683.0
TAX926293,USR6433,SPT222174,2022-10-18,24744.35
TAX926294,USR6453,SPT208795,2023-10-25,6132.01
TAX926295,USR268,SPT998076,2023-11-22,21361.69
TAX926296,USR3574,SPT711787,2023-02-19,42803.91
TAX926297,USR3181,SPT932555,2022-12-11,6671.33
TAX926298,USR4080,SPT341071,2023-08-13,39816.18
TAX926299,USR2307,SPT108837,2022-12-20,32962.05
TAX926300,USR4323,SPT1048563,2023-01-15,10025.08
TAX926301,USR3402,SPT724085,2023-09-08,10538.48
TAX926302,USR9724,SPT713613,2023-11-02,49167.06
TAX926303,USR1908,SPT1785936,2023-05-17,31381.96
TAX926304,USR1996,SPT1852318,2022-03-30,42895.69
TAX926305,USR2391,SPT1679103,2023-05-04,37211.61
TAX926306,USR6208,SPT85056,2022-10-09,6188.66
TAX926307,USR9799,SPT868532,2023-10-17,22283.09
TAX926308,USR110,SPT292274,2023-04-01,16248.63
TAX926309,USR1593,SPT687305,2023-08-02,21310.57
TAX926310,USR7615,SPT1430891,2022-03-30,31876.73
TAX926311,USR7974,SPT762442,2023-01-19,6859.78
TAX926312,USR4721,SPT1278496,2023-11-08,11009.4
TAX926313,USR8618,SPT1456034,2023-03-23,16602.93
TAX926314,USR855,SPT1219690,2022-10-05,30278.54
TAX926315,USR4694,SPT444060,2022-06-28,42884.6
TAX926316,USR1199,SPT1884467,2023-09-26,40266.07
TAX926317,USR8593,SPT547000,2024-01-01,30079.39
TAX926318,USR4496,SPT631370,2023-01-22,39552.18
TAX926319,USR3196,SPT120690,2023-06-24,34488.94
TAX926320,USR3150,SPT1635009,2022-04-24,6738.96
TAX926321,USR7040,SPT1928043,2022-09-01,44944.85
TAX926322,USR210,SPT1765140,2022-12-04,12188.68
TAX926323,USR7971,SPT1491208,2023-06-06,10452.03
TAX926324,USR347,SPT509154,2022-02-12,35698.86
TAX926325,USR1799,SPT1552426,2023-07-09,20862.3
TAX926326,USR9005,SPT1409409,2022-12-17,11874.23
TAX926327,USR1732,SPT850341,2023-04-06,32696.5
TAX926328,USR6659,SPT542861,2022-12-12,46783.26
TAX926329,USR1226,SPT1570525,2023-05-13,1427.44
TAX926330,USR2717,SPT1252970,2022-12-31,42840.74
TAX926331,USR7632,SPT383737,2022-12-28,36957.02
TAX926332,USR3242,SPT1231332,2022-12-12,18970.05
TAX926333,USR4465,SPT1154077,2022-05-10,8390.02
TAX926334,USR2931,SPT1780164,2023-10-06,25525.77
TAX926335,USR3465,SPT1041187,2022-09-27,42699.12
TAX926336,USR2742,SPT1017355,2023-09-27,30802.57
TAX926337,USR9234,SPT930178,2022-05-12,39665.15
TAX926338,USR1551,SPT696393,2023-05-23,33553.6
TAX926339,USR8630,SPT685590,2024-01-27,29206.45
TAX926340,USR5313,SPT655847,2023-01-29,13143.47
TAX926341,USR6690,SPT2329,2022-10-01,19208.75
TAX926342,USR6388,SPT1994577,2022-09-04,42906.81
TAX926343,USR1401,SPT1527889,2022-09-23,21170.77
TAX926344,USR6152,SPT106372,2023-12-19,12842.3
TAX926345,USR6454,SPT1786216,2022-02-13,37652.01
TAX926346,USR2119,SPT31593,2023-05-30,42824.89
TAX926347,USR9989,SPT1201813,2024-01-11,6377.33
TAX926348,USR9967,SPT1695459,2022-05-15,4335.51
TAX926349,USR1924,SPT1271775,2024-01-24,30977.94
TAX926350,USR2105,SPT1100449,2022-12-27,42634.11
TAX926351,USR7956,SPT1421228,2022-11-24,23231.75
TAX926352,USR9049,SPT626394,2022-05-24,36333.67
TAX926353,USR3926,SPT1499313,2022-05-08,45514.21
TAX926354,USR3284,SPT1721597,2023-07-17,35959.14
TAX926355,USR3967,SPT265901,2023-08-23,30789.68
TAX926356,USR6520,SPT316942,2023-09-13,12598.04
TAX926357,USR4044,SPT1447536,2023-11-13,37629.14
TAX926358,USR6116,SPT1538490,2023-07-14,26220.43
TAX926359,USR9031,SPT769908,2022-03-10,4176.21
TAX926360,USR4114,SPT1260681,2022-02-12,34027.14
TAX926361,USR8913,SPT694571,2023-09-05,41002.42
TAX926362,USR7174,SPT997023,2023-09-17,2466.64
TAX926363,USR6583,SPT756428,2022-12-05,20600.42
TAX926364,USR6666,SPT722846,2022-03-12,43552.55
TAX926365,USR852,SPT1683478,2022-11-17,23983.81
TAX926366,USR9852,SPT840880,2023-04-25,9350.33
TAX926367,USR1800,SPT19004,2022-05-01,5451.85
TAX926368,USR1682,SPT724659,2022-11-26,17797.71
TAX926369,USR1636,SPT1397328,2022-10-25,18736.28
TAX926370,USR3373,SPT1924090,2024-01-09,33736.6
TAX926371,USR7862,SPT1070272,2024-01-11,30803.4
TAX926372,USR6570,SPT893239,2023-04-18,11766.66
TAX926373,USR2425,SPT81045,2023-03-19,46766.83
TAX926374,USR1494,SPT1245818,2023-10-24,45912.57
TAX926375,USR8514,SPT1685232,2022-02-15,36618.33
TAX926376,USR3635,SPT677246,2022-06-10,6276.6
TAX926377,USR2203,SPT1350505,2024-02-04,13411.99
TAX926378,USR8181,SPT768033,2023-07-17,41951.26
TAX926379,USR9735,SPT1783555,2022-10-04,30372.23
TAX926380,USR7832,SPT990044,2023-06-08,4551.08
TAX926381,USR1546,SPT707029,2023-01-26,39177.97
TAX926382,USR9711,SPT1282166,2023-12-11,8432.72
TAX926383,USR4802,SPT1368616,2022-11-30,41043.61
TAX926384,USR360,SPT1620121,2023-10-06,18773.4
TAX926385,USR5068,SPT1431387,2022-03-07,47223.56
TAX926386,USR5581,SPT1008327,2023-04-27,6959.36
TAX926387,USR211,SPT1312722,2022-03-06,19809.74
TAX926388,USR7917,SPT658066,2023-07-28,32415.8
TAX926389,USR7771,SPT1402046,2023-05-06,27284.38
TAX926390,USR4626,SPT74071,2023-03-16,41188.31
TAX926391,USR4162,SPT1629805,2022-10-04,21506.7
TAX926392,USR6172,SPT573264,2022-03-11,9586.26
TAX926393,USR6493,SPT453677,2023-02-26,49246.28
TAX926394,USR717,SPT1493148,2023-06-11,48728.85
TAX926395,USR2891,SPT9898,2022-05-04,49146.08
TAX926396,USR6775,SPT195906,2023-07-10,22496.88
TAX926397,USR3718,SPT548280,2023-12-05,47173.42
TAX926398,USR1473,SPT1660939,2022-07-23,3245.47
TAX926399,USR1982,SPT1591526,2023-04-15,8024.92
TAX926400,USR8675,SPT1019061,2023-05-02,33105.34
TAX926401,USR3598,SPT1385568,2023-01-08,32080.23
TAX926402,USR9233,SPT394034,2022-04-07,16096.55
TAX926403,USR779,SPT922197,2022-11-01,5631.89
TAX926404,USR4404,SPT126176,2024-01-09,2012.01
TAX926405,USR8182,SPT809443,2024-02-03,22373.7
TAX926406,USR7950,SPT411923,2022-06-06,45716.48
TAX926407,USR6097,SPT1592331,2023-04-29,40196.31
TAX926408,USR8213,SPT1254018,2024-02-08,22737.52
TAX926409,USR9556,SPT237401,2023-08-20,4232.75
TAX926410,USR744,SPT1341205,2023-05-31,36591.88
TAX926411,USR9636,SPT1890493,2023-01-31,15941.91
TAX926412,USR6362,SPT1605263,2023-02-02,19409.87
TAX926413,USR8507,SPT161122,2022-03-14,41092.18
TAX926414,USR2152,SPT678523,2022-06-04,20769.36
TAX926415,USR8631,SPT42358,2023-12-02,8008.58
TAX926416,USR4433,SPT952069,2023-08-31,11545.56
TAX926417,USR7699,SPT685144,2022-11-26,27147.44
TAX926418,USR9941,SPT653502,2023-05-18,5799.74
TAX926419,USR9101,SPT306532,2022-04-01,31465.99
TAX926420,USR8952,SPT1732278,2022-08-26,3616.07
TAX926421,USR5440,SPT1725226,2023-09-19,9415.96
TAX926422,USR8675,SPT1415700,2022-02-26,2195.05
TAX926423,USR2138,SPT840936,2023-07-05,33745.45
TAX926424,USR3404,SPT1065234,2023-06-22,46851.62
TAX926425,USR8646,SPT467165,2022-04-26,8005.4
TAX926426,USR6999,SPT1414377,2022-03-15,33612.41
TAX926427,USR5397,SPT253127,2023-06-09,37480.31
TAX926428,USR2746,SPT622878,2022-04-22,20660.2
TAX926429,USR6782,SPT382750,2023-11-22,46560.77
TAX926430,USR8391,SPT633729,2022-05-04,24138.89
TAX926431,USR2613,SPT1150417,2023-01-28,18888.9
TAX926432,USR2568,SPT1641180,2022-08-17,14888.53
TAX926433,USR9497,SPT782778,2024-01-10,5160.14
TAX926434,USR2185,SPT299397,2022-04-03,7121.19
TAX926435,USR9414,SPT1730713,2022-10-11,24885.56
TAX926436,USR5482,SPT1823628,2024-01-17,22191.13
TAX926437,USR8433,SPT689884,2023-01-26,13036.44
TAX926438,USR1257,SPT118203,2023-05-14,19095.38
TAX926439,USR9988,SPT1697413,2023-10-16,26528.02
TAX926440,USR5455,SPT1307248,2023-05-08,42968.79
TAX926441,USR6575,SPT1678875,2022-05-12,11274.04
TAX926442,USR6080,SPT1371659,2022-04-19,21540.87
TAX926443,USR7282,SPT1606093,2023-05-09,7102.48
TAX926444,USR15,SPT162308,2022-11-25,18469.33
TAX926445,USR4460,SPT859916,2024-01-03,26065.58
TAX926446,USR25,SPT1991206,2023-07-03,30298.85
TAX926447,USR3101,SPT1110724,2024-02-02,41222.19
TAX926448,USR7485,SPT1439633,2022-04-27,23187.45
TAX926449,USR7399,SPT131812,2024-02-01,25289.87
TAX926450,USR1525,SPT1877319,2022-04-09,21388.53
TAX926451,USR4925,SPT661031,2023-07-17,26715.9
TAX926452,USR1210,SPT936519,2022-03-10,31427.78
TAX926453,USR6482,SPT1863208,2022-04-12,16866.17
TAX926454,USR1466,SPT1206510,2022-11-27,34170.14
TAX926455,USR638,SPT530396,2022-03-04,44419.13
TAX926456,USR3403,SPT1931349,2022-06-12,5618.25
TAX926457,USR5367,SPT589960,2023-03-22,42533.58
TAX926458,USR893,SPT1916739,2023-11-27,43021.07
TAX926459,USR1688,SPT1148588,2023-01-16,5130.4
TAX926460,USR6696,SPT1588357,2023-12-23,45732.52
TAX926461,USR9699,SPT375902,2022-04-10,31589.96
TAX926462,USR867,SPT1481077,2022-09-22,17482.5
TAX926463,USR3944,SPT525659,2022-03-13,5202.83
TAX926464,USR8743,SPT727645,2022-02-22,46382.01
TAX926465,USR844,SPT1050159,2022-03-26,34546.42
TAX926466,USR2351,SPT1786896,2022-06-10,22667.67
TAX926467,USR2267,SPT62342,2023-09-17,43891.15
TAX926468,USR9611,SPT1106559,2022-10-24,49848.77
TAX926469,USR560,SPT1354493,2023-07-15,15950.67
TAX926470,USR898,SPT45376,2023-12-11,36841.5
TAX926471,USR3454,SPT1384582,2022-12-20,8033.53
TAX926472,USR3606,SPT1244909,2023-05-11,19738.69
TAX926473,USR521,SPT354513,2022-10-28,43904.07
TAX926474,USR7523,SPT5832,2022-08-20,9821.12
TAX926475,USR6395,SPT795596,2022-06-02,44871.69
TAX926476,USR2467,SPT1054190,2023-09-23,19612.26
TAX926477,USR458,SPT1227341,2023-10-22,21524.23
TAX926478,USR5321,SPT1193422,2023-06-06,18916.77
TAX926479,USR7893,SPT619799,2022-11-25,6499.37
TAX926480,USR9240,SPT1143790,2022-04-24,31402.85
TAX926481,USR5271,SPT913179,2022-09-01,49417.42
TAX926482,USR5185,SPT1000106,2022-02-28,5642.43
TAX926483,USR9685,SPT122184,2022-03-11,38318.74
TAX926484,USR5248,SPT1522478,2022-02-12,27124.05
TAX926485,USR1223,SPT1519712,2023-10-11,28775.08
TAX926486,USR2372,SPT1571306,2022-05-06,49989.86
TAX926487,USR5258,SPT1477102,2022-06-07,41636.16
TAX926488,USR4659,SPT158994,2023-02-10,29394.52
TAX926489,USR6074,SPT1800271,2022-12-05,24260.3
TAX926490,USR7829,SPT841475,2022-04-05,1541.26
TAX926491,USR9569,SPT1639571,2023-12-20,6763.03
TAX926492,USR9744,SPT1878579,2022-11-07,43329.31
TAX926493,USR6386,SPT764522,2022-10-10,32280.88
TAX926494,USR9402,SPT716340,2023-01-20,21823.72
TAX926495,USR5776,SPT1551261,2023-01-05,49536.1
TAX926496,USR5941,SPT196126,2022-05-04,18528.54
TAX926497,USR9870,SPT1854433,2024-02-03,24852.89
TAX926498,USR2183,SPT1268586,2022-05-07,44130.21
TAX926499,USR170,SPT113196,2022-08-07,15769.66
TAX926500,USR165,SPT1469624,2023-02-20,14708.99
TAX926501,USR6216,SPT248954,2024-01-27,33035.13
TAX926502,USR1815,SPT550933,2023-10-16,38950.29
TAX926503,USR9757,SPT1999917,2023-11-18,25729.1
TAX926504,USR1022,SPT321830,2023-03-11,23016.12
TAX926505,USR4131,SPT136881,2023-08-11,23871.25
TAX926506,USR2197,SPT1121169,2023-05-23,38358.13
TAX926507,USR2453,SPT25565,2023-10-08,37231.61
TAX926508,USR8836,SPT1072688,2023-08-22,30099.86
TAX926509,USR3110,SPT372192,2023-12-07,39422.77
TAX926510,USR4818,SPT486169,2023-12-09,39067.63
TAX926511,USR5862,SPT611305,2022-05-31,7661.69
TAX926512,USR6311,SPT225594,2022-06-15,10991.38
TAX926513,USR4032,SPT385034,2024-01-28,17760.65
TAX926514,USR7657,SPT1376960,2022-06-14,28493.54
TAX926515,USR3932,SPT337961,2022-12-19,9751.83
TAX926516,USR4054,SPT365697,2022-08-03,9218.85
TAX926517,USR7623,SPT1073319,2023-12-13,18323.41
TAX926518,USR357,SPT1157676,2023-11-16,17010.62
TAX926519,USR9506,SPT1096219,2023-03-16,35569.67
TAX926520,USR7913,SPT651076,2023-12-30,41142.32
TAX926521,USR6563,SPT1745828,2023-01-27,9310.94
TAX926522,USR2782,SPT898779,2022-04-11,35398.6
TAX926523,USR3059,SPT1211927,2022-11-06,33028.8
TAX926524,USR355,SPT274526,2023-05-18,38117.58
TAX926525,USR5010,SPT736518,2023-04-06,17475.9
TAX926526,USR3401,SPT1192971,2023-11-02,35907.78
TAX926527,USR2870,SPT1297706,2023-12-12,27504.27
TAX926528,USR1980,SPT881453,2023-08-31,1644.42
TAX926529,USR7752,SPT1788588,2022-12-22,19090.82
TAX926530,USR947,SPT1028827,2023-08-27,29875.17
TAX926531,USR4630,SPT384216,2023-10-18,45392.94
TAX926532,USR6626,SPT309060,2023-07-08,40249.99
TAX926533,USR4381,SPT1543270,2022-11-06,4222.14
TAX926534,USR2378,SPT432676,2022-03-27,18496.43
TAX926535,USR6131,SPT373493,2023-04-18,18490.85
TAX926536,USR1018,SPT678120,2022-09-19,9372.61
TAX926537,USR9126,SPT618233,2023-08-11,42140.19
TAX926538,USR1075,SPT1131151,2022-05-05,28785.91
TAX926539,USR6996,SPT374879,2023-01-16,44496.53
TAX926540,USR8272,SPT1441844,2023-01-08,38482.0
TAX926541,USR1045,SPT1296214,2023-08-02,44467.06
TAX926542,USR3870,SPT1114717,2022-04-18,30550.67
TAX926543,USR961,SPT1127270,2023-12-20,2088.06
TAX926544,USR1623,SPT569302,2022-11-03,42407.9
TAX926545,USR317,SPT386864,2022-07-09,46264.07
TAX926546,USR1779,SPT801304,2022-12-22,27426.36
TAX926547,USR3120,SPT1674534,2023-04-22,40081.79
TAX926548,USR8156,SPT1659727,2022-10-23,13331.42
TAX926549,USR9877,SPT768491,2022-09-10,16120.32
TAX926550,USR5002,SPT1903105,2023-08-05,40702.9
TAX926551,USR3372,SPT863514,2024-02-05,2810.55
TAX926552,USR6181,SPT1487606,2023-05-30,2723.55
TAX926553,USR1559,SPT1163049,2022-05-23,49589.59
TAX926554,USR18,SPT1821120,2023-09-26,16394.73
TAX926555,USR7010,SPT1955612,2022-08-19,20634.48
TAX926556,USR7308,SPT1470421,2023-06-12,20362.76
TAX926557,USR6316,SPT1545357,2022-10-06,27159.22
TAX926558,USR644,SPT979115,2022-05-23,2133.03
TAX926559,USR410,SPT1008286,2023-04-25,35413.61
TAX926560,USR9572,SPT399101,2023-06-03,6870.14
TAX926561,USR8026,SPT1768978,2022-04-27,43749.42
TAX926562,USR9587,SPT382425,2022-08-08,27239.21
TAX926563,USR2187,SPT1067297,2022-07-17,37845.59
TAX926564,USR8734,SPT1868302,2022-11-24,20582.52
TAX926565,USR183,SPT902256,2023-12-04,17658.71
TAX926566,USR4825,SPT1967892,2023-12-22,22025.72
TAX926567,USR7214,SPT304332,2022-02-14,10854.01
TAX926568,USR6141,SPT149941,2022-08-11,15447.22
TAX926569,USR5250,SPT641032,2022-07-24,7836.52
TAX926570,USR5139,SPT1462546,2022-10-04,38687.2
TAX926571,USR4229,SPT1650299,2022-02-09,12034.38
TAX926572,USR7612,SPT964020,2022-07-20,7593.09
TAX926573,USR9088,SPT890101,2023-06-24,13283.77
TAX926574,USR4314,SPT1692140,2022-10-09,43818.87
TAX926575,USR4989,SPT1528967,2023-12-03,38894.62
TAX926576,USR9001,SPT977963,2023-08-10,26358.65
TAX926577,USR6715,SPT533920,2022-03-16,48552.34
TAX926578,USR234,SPT368004,2022-11-18,31663.71
TAX926579,USR9612,SPT1852836,2022-04-14,26388.84
TAX926580,USR2734,SPT1899295,2022-04-14,40808.48
TAX926581,USR1252,SPT320768,2022-10-23,23770.63
TAX926582,USR3983,SPT241548,2023-02-06,17348.45
TAX926583,USR6549,SPT760090,2023-01-14,47035.71
TAX926584,USR5652,SPT1728370,2023-10-15,11733.24
TAX926585,USR4379,SPT1921778,2023-08-02,24521.35
TAX926586,USR3030,SPT1699185,2023-04-21,34175.12
TAX926587,USR8562,SPT807542,2023-05-24,39633.41
TAX926588,USR490,SPT396938,2023-07-04,47841.72
TAX926589,USR4253,SPT1093448,2022-07-21,16936.31
TAX926590,USR7296,SPT941153,2022-03-07,35212.7
TAX926591,USR795,SPT611051,2023-08-02,33926.55
TAX926592,USR6815,SPT658993,2023-10-01,48346.24
TAX926593,USR9666,SPT1084298,2023-01-01,19848.71
TAX926594,USR2426,SPT274829,2023-08-14,34891.53
TAX926595,USR8086,SPT1981974,2023-08-09,40843.3
TAX926596,USR7825,SPT426863,2023-02-16,24958.87
TAX926597,USR2190,SPT1738404,2023-06-06,27335.68
TAX926598,USR1436,SPT202767,2023-10-13,3670.79
TAX926599,USR8039,SPT1343754,2023-03-21,20859.03
TAX926600,USR6882,SPT1921405,2023-05-16,6827.92
TAX926601,USR5085,SPT1881558,2023-01-25,36033.42
TAX926602,USR1593,SPT1215671,2023-09-07,42695.31
TAX926603,USR7308,SPT162017,2023-06-18,12499.9
TAX926604,USR7709,SPT1007169,2023-12-18,13559.26
TAX926605,USR490,SPT596947,2022-09-11,41372.28
TAX926606,USR1694,SPT204479,2022-07-20,1135.35
TAX926607,USR6174,SPT56138,2023-11-13,26052.87
TAX926608,USR8282,SPT1494126,2023-06-21,35961.57
TAX926609,USR4605,SPT1217181,2022-11-11,20290.85
TAX926610,USR882,SPT1485523,2023-02-27,38104.16
TAX926611,USR5015,SPT644129,2023-01-26,35202.37
TAX926612,USR7428,SPT35706,2022-02-17,10791.53
TAX926613,USR1016,SPT609630,2022-11-19,9534.09
TAX926614,USR2847,SPT29218,2023-01-11,6951.7
TAX926615,USR2174,SPT1066190,2022-11-24,45618.61
TAX926616,USR9133,SPT900282,2023-12-08,33076.8
TAX926617,USR230,SPT1513242,2022-04-28,8608.05
TAX926618,USR7603,SPT509074,2022-04-02,12447.8
TAX926619,USR3877,SPT1269735,2022-09-11,26132.69
TAX926620,USR41,SPT766623,2022-11-15,17726.89
TAX926621,USR6242,SPT1552146,2022-07-19,3272.77
TAX926622,USR8907,SPT736014,2023-03-12,40696.38
TAX926623,USR8435,SPT581488,2023-09-25,15589.11
TAX926624,USR1742,SPT1799198,2023-09-12,34227.32
TAX926625,USR9385,SPT1347011,2022-06-09,49655.09
TAX926626,USR1444,SPT122219,2022-03-08,11426.78
TAX926627,USR8883,SPT427393,2022-05-02,15762.23
TAX926628,USR7628,SPT892058,2022-07-27,21412.08
TAX926629,USR3752,SPT1544781,2023-02-28,46177.88
TAX926630,USR5464,SPT600939,2022-04-17,2555.95
TAX926631,USR4566,SPT1175960,2022-07-08,20565.1
TAX926632,USR8618,SPT1498560,2023-02-01,43415.05
TAX926633,USR4011,SPT302910,2023-06-07,36689.52
TAX926634,USR8444,SPT1991089,2023-06-07,36967.28
TAX926635,USR6053,SPT1579025,2023-08-02,34664.07
TAX926636,USR4888,SPT613582,2023-07-21,23715.91
TAX926637,USR6551,SPT1869047,2022-06-09,34576.23
TAX926638,USR5637,SPT503484,2023-09-28,42884.45
TAX926639,USR434,SPT1252740,2023-08-23,28127.37
TAX926640,USR7399,SPT1943364,2022-05-05,42756.23
TAX926641,USR8901,SPT362342,2022-02-26,10147.09
TAX926642,USR8961,SPT383190,2022-07-05,33975.14
TAX926643,USR4585,SPT1189202,2023-04-17,1401.92
TAX926644,USR2249,SPT1092260,2023-11-25,6643.52
TAX926645,USR9701,SPT553476,2023-02-09,30204.22
TAX926646,USR7231,SPT1021752,2022-02-19,44118.81
TAX926647,USR7639,SPT1232207,2023-09-05,25686.43
TAX926648,USR2046,SPT1602716,2023-04-16,45496.45
TAX926649,USR8388,SPT1109343,2022-09-18,12332.0
TAX926650,USR5108,SPT1126119,2022-07-19,36972.56
TAX926651,USR5186,SPT273287,2022-03-28,16459.4
TAX926652,USR282,SPT449297,2022-07-08,12695.5
TAX926653,USR8630,SPT402,2023-02-06,7313.13
TAX926654,USR1258,SPT682450,2022-12-15,29335.73
TAX926655,USR3467,SPT1875973,2022-04-20,41658.7
TAX926656,USR1674,SPT99843,2022-07-08,30290.58
TAX926657,USR3530,SPT1368299,2024-01-20,33522.18
TAX926658,USR3034,SPT791472,2022-11-02,22144.59
TAX926659,USR8149,SPT802323,2022-06-05,22799.63
TAX926660,USR6781,SPT1850096,2022-02-22,13182.41
TAX926661,USR7195,SPT1768700,2022-12-24,49999.31
TAX926662,USR7479,SPT355885,2023-12-21,43338.18
TAX926663,USR8071,SPT590273,2022-06-08,26894.66
TAX926664,USR3600,SPT609106,2023-06-21,27960.91
TAX926665,USR8922,SPT982873,2024-01-22,33776.14
TAX926666,USR2261,SPT1826557,2023-02-09,24245.66
TAX926667,USR2115,SPT237195,2023-06-18,5329.83
TAX926668,USR1394,SPT1855662,2022-08-24,49346.87
TAX926669,USR5000,SPT685426,2023-09-02,24995.23
TAX926670,USR2352,SPT1833550,2023-08-06,29370.61
TAX926671,USR983,SPT146177,2022-05-19,10630.33
TAX926672,USR5002,SPT501794,2022-10-27,21641.16
TAX926673,USR4458,SPT362671,2022-09-25,49254.91
TAX926674,USR3405,SPT392735,2023-10-19,7956.64
TAX926675,USR8410,SPT1532234,2023-05-10,40932.87
TAX926676,USR5423,SPT297313,2022-05-26,34518.18
TAX926677,USR6002,SPT702442,2023-08-03,38199.64
TAX926678,USR2522,SPT1156943,2023-07-17,9372.91
TAX926679,USR6176,SPT1485992,2023-06-03,13826.26
TAX926680,USR4557,SPT1771235,2023-10-15,38429.31
TAX926681,USR5242,SPT1119436,2023-05-15,31247.28
TAX926682,USR8125,SPT171385,2023-12-31,34147.36
TAX926683,USR7154,SPT830442,2022-03-27,32931.2
TAX926684,USR5435,SPT1926445,2023-11-12,42250.38
TAX926685,USR3000,SPT408340,2023-12-30,4939.88
TAX926686,USR3355,SPT78623,2022-12-07,11491.55
TAX926687,USR2433,SPT1205959,2022-10-12,12438.07
TAX926688,USR7394,SPT288124,2022-11-18,23202.34
TAX926689,USR153,SPT484921,2023-02-17,11821.49
TAX926690,USR8281,SPT1795168,2022-07-06,19390.77
TAX926691,USR8703,SPT706367,2022-06-05,47123.57
TAX926692,USR4407,SPT379963,2022-08-05,3263.27
TAX926693,USR2995,SPT926001,2022-12-07,1171.96
TAX926694,USR1538,SPT200823,2022-11-28,28079.82
TAX926695,USR5902,SPT230211,2022-06-28,41554.31
TAX926696,USR9906,SPT780663,2023-11-16,34363.32
TAX926697,USR4488,SPT1869498,2023-01-06,22192.78
TAX926698,USR9932,SPT89534,2022-09-16,38315.87
TAX926699,USR5345,SPT121804,2023-01-30,38918.92
TAX926700,USR8955,SPT1138949,2022-07-19,21731.0
TAX926701,USR7062,SPT497183,2022-11-21,15558.39
TAX926702,USR317,SPT1475615,2022-07-10,44239.74
TAX926703,USR7303,SPT611662,2024-01-20,46467.81
TAX926704,USR492,SPT1600870,2023-08-25,32817.38
TAX926705,USR105,SPT296085,2023-07-05,15042.05
TAX926706,USR7894,SPT1124012,2023-04-15,45277.89
TAX926707,USR3563,SPT823451,2022-06-10,10332.56
TAX926708,USR2476,SPT1405245,2022-08-26,4514.06
TAX926709,USR9572,SPT802951,2023-12-18,6144.78
TAX926710,USR9641,SPT168556,2022-07-23,2598.9
TAX926711,USR2031,SPT1871078,2023-10-24,33064.73
TAX926712,USR6065,SPT873870,2022-05-25,5542.11
TAX926713,USR4802,SPT392669,2023-10-17,31436.11
TAX926714,USR5274,SPT1668829,2022-10-12,45358.0
TAX926715,USR8850,SPT1829315,2022-05-14,17372.06
TAX926716,USR393,SPT357873,2023-04-10,11419.59
TAX926717,USR2684,SPT1673270,2023-10-27,30573.81
TAX926718,USR7157,SPT347841,2022-06-06,14892.96
TAX926719,USR5433,SPT963630,2023-02-20,45041.29
TAX926720,USR8615,SPT1372481,2023-01-06,9043.76
TAX926721,USR4265,SPT1147826,2023-02-20,4108.21
TAX926722,USR9613,SPT170199,2023-07-16,35570.74
TAX926723,USR6977,SPT1967173,2023-07-21,18477.47
TAX926724,USR1064,SPT1901670,2022-06-30,19705.64
TAX926725,USR2029,SPT1651959,2022-05-17,2019.81
TAX926726,USR530,SPT29029,2024-01-29,39245.94
TAX926727,USR6654,SPT783955,2022-03-27,7762.59
TAX926728,USR2931,SPT674665,2023-06-27,33030.43
TAX926729,USR9915,SPT813380,2023-05-03,10395.03
TAX926730,USR433,SPT351120,2022-11-26,28816.1
TAX926731,USR8123,SPT184585,2023-08-16,38325.81
TAX926732,USR8985,SPT1298225,2023-05-11,5800.45
TAX926733,USR3038,SPT888158,2022-10-20,30899.99
TAX926734,USR8836,SPT1380777,2023-08-16,22605.76
TAX926735,USR6799,SPT809011,2022-04-18,38537.12
TAX926736,USR4198,SPT905385,2023-08-10,47509.58
TAX926737,USR2601,SPT166372,2022-02-22,40329.62
TAX926738,USR8828,SPT1249457,2023-10-02,48769.73
TAX926739,USR7231,SPT1250100,2023-12-22,11946.17
TAX926740,USR5219,SPT580177,2022-11-14,20821.97
TAX926741,USR4582,SPT630726,2022-06-30,47925.84
TAX926742,USR1160,SPT759884,2022-12-03,15052.52
TAX926743,USR9812,SPT1986939,2022-06-15,34951.49
TAX926744,USR6595,SPT729165,2023-05-15,9230.59
TAX926745,USR8253,SPT1510091,2022-04-17,28117.86
TAX926746,USR3073,SPT712904,2022-05-01,12178.53
TAX926747,USR820,SPT1402241,2024-01-30,5177.67
TAX926748,USR1685,SPT1296682,2022-12-27,30450.21
TAX926749,USR931,SPT1806200,2023-06-07,21971.85
TAX926750,USR2200,SPT260976,2022-11-25,10921.73
TAX926751,USR5120,SPT1039833,2023-12-06,17542.53
TAX926752,USR1460,SPT4643,2022-07-20,36552.9
TAX926753,USR8616,SPT1210713,2022-05-07,15356.09
TAX926754,USR7126,SPT750169,2023-02-04,48846.14
TAX926755,USR2410,SPT37194,2022-11-28,39330.7
TAX926756,USR1225,SPT1513288,2023-03-10,42419.81
TAX926757,USR8310,SPT1460456,2023-07-08,46264.53
TAX926758,USR8265,SPT971180,2022-09-12,13048.45
TAX926759,USR7008,SPT1904401,2024-01-07,24851.84
TAX926760,USR5569,SPT276648,2022-02-13,5267.14
TAX926761,USR9392,SPT1674456,2022-11-13,35288.31
TAX926762,USR1284,SPT361542,2023-07-11,19192.34
TAX926763,USR8287,SPT98322,2023-11-24,33568.05
TAX926764,USR7060,SPT1971008,2023-08-23,9889.66
TAX926765,USR3759,SPT242120,2023-09-13,20797.58
TAX926766,USR9946,SPT1843246,2022-05-20,25645.46
TAX926767,USR7097,SPT289796,2023-06-18,17820.51
TAX926768,USR2263,SPT1057555,2023-11-26,48949.44
TAX926769,USR3712,SPT1375431,2023-11-29,38580.38
TAX926770,USR3556,SPT110509,2022-10-08,2766.86
TAX926771,USR348,SPT1341828,2022-05-06,23849.45
TAX926772,USR6896,SPT786860,2022-08-07,28757.96
TAX926773,USR1291,SPT1500694,2022-10-04,40249.84
TAX926774,USR2058,SPT1588001,2023-09-10,38707.43
TAX926775,USR6879,SPT1226131,2023-03-25,9773.94
TAX926776,USR7095,SPT298504,2023-07-30,25300.36
TAX926777,USR5469,SPT1331708,2022-09-21,27532.9
TAX926778,USR1366,SPT1495487,2023-05-13,20267.63
TAX926779,USR9236,SPT741212,2022-07-25,9885.89
TAX926780,USR5101,SPT99136,2023-06-18,33987.01
TAX926781,USR8738,SPT949770,2022-08-14,6174.57
TAX926782,USR1818,SPT464736,2023-06-29,5144.94
TAX926783,USR8631,SPT1972380,2023-02-23,44722.02
TAX926784,USR5236,SPT703087,2023-09-25,8019.42
TAX926785,USR7741,SPT1035623,2022-10-16,17764.65
TAX926786,USR3287,SPT492535,2022-03-15,36302.85
TAX926787,USR2868,SPT1501839,2023-06-29,48560.41
TAX926788,USR2994,SPT1703991,2023-11-26,35218.74
TAX926789,USR9021,SPT33556,2022-07-10,36844.76
TAX926790,USR2779,SPT1504788,2023-06-04,21721.3
TAX926791,USR7240,SPT1692819,2022-12-20,19165.36
TAX926792,USR8483,SPT1022125,2023-07-15,18848.09
TAX926793,USR2764,SPT45451,2023-03-10,4064.77
TAX926794,USR7869,SPT1247623,2022-08-05,29295.51
TAX926795,USR2370,SPT260214,2022-11-07,30700.98
TAX926796,USR2673,SPT627320,2023-02-03,17107.28
TAX926797,USR7835,SPT593074,2022-05-12,8498.99
TAX926798,USR717,SPT225554,2024-01-17,46009.72
TAX926799,USR8477,SPT1193070,2024-01-03,32547.93
TAX926800,USR3530,SPT339913,2022-10-28,33250.62
TAX926801,USR5365,SPT19725,2022-11-12,43237.82
TAX926802,USR1288,SPT494556,2023-08-23,25420.86
TAX926803,USR9657,SPT1380897,2023-12-07,11088.92
TAX926804,USR7003,SPT1002043,2023-09-10,12211.59
TAX926805,USR2041,SPT443014,2024-02-07,29795.41
TAX926806,USR8293,SPT100652,2022-04-07,32888.62
TAX926807,USR7551,SPT999103,2022-10-22,8151.04
TAX926808,USR1018,SPT593994,2023-04-17,7615.84
TAX926809,USR7034,SPT252994,2023-03-03,34011.92
TAX926810,USR947,SPT1689967,2022-04-02,18006.85
TAX926811,USR2084,SPT641777,2023-10-08,4045.42
TAX926812,USR3675,SPT1424437,2022-07-10,11836.7
TAX926813,USR8212,SPT1900235,2022-12-18,41475.29
TAX926814,USR6996,SPT1261311,2023-11-28,39998.55
TAX926815,USR8985,SPT1094166,2023-12-06,27149.57
TAX926816,USR8673,SPT598824,2022-03-31,28535.95
TAX926817,USR8998,SPT1167740,2023-01-24,16697.4
TAX926818,USR7877,SPT1810206,2022-07-18,10693.77
TAX926819,USR5319,SPT187657,2022-06-28,16077.17
TAX926820,USR9593,SPT1150818,2022-11-27,38227.62
TAX926821,USR9390,SPT1776989,2023-05-28,31249.78
TAX926822,USR8413,SPT182572,2023-09-26,15606.84
TAX926823,USR2066,SPT490347,2022-07-12,21013.93
TAX926824,USR5162,SPT1322597,2022-09-14,25584.24
TAX926825,USR8596,SPT666820,2023-12-08,20264.6
TAX926826,USR7235,SPT1345770,2024-01-29,47555.81
TAX926827,USR7292,SPT473291,2022-10-27,11824.61
TAX926828,USR2987,SPT616278,2023-05-19,28093.07
TAX926829,USR6328,SPT151881,2022-03-10,35561.6
TAX926830,USR2531,SPT4452,2022-07-17,41604.37
TAX926831,USR6281,SPT539252,2022-12-08,46053.43
TAX926832,USR7337,SPT872527,2022-08-06,32642.37
TAX926833,USR707,SPT219029,2023-04-26,43542.95
TAX926834,USR2887,SPT932908,2023-10-20,38937.12
TAX926835,USR6590,SPT905091,2022-12-31,26856.7
TAX926836,USR8372,SPT1864662,2022-04-10,17654.08
TAX926837,USR7485,SPT592749,2023-05-07,41149.62
TAX926838,USR9630,SPT1091881,2024-02-07,36755.18
TAX926839,USR7545,SPT310779,2023-12-16,37900.32
TAX926840,USR1366,SPT1885815,2023-01-01,18408.4
TAX926841,USR5604,SPT1086700,2024-01-27,9515.9
TAX926842,USR7746,SPT848673,2023-05-20,8232.56
TAX926843,USR7116,SPT926616,2022-09-27,13449.25
TAX926844,USR7820,SPT175968,2022-06-11,10102.39
TAX926845,USR2789,SPT1237755,2022-08-17,28244.17
TAX926846,USR593,SPT1910447,2022-12-03,26624.12
TAX926847,USR3479,SPT1031738,2022-09-13,17457.75
TAX926848,USR4807,SPT1095215,2023-02-13,47811.61
TAX926849,USR8035,SPT1269973,2023-08-17,48935.73
TAX926850,USR6077,SPT1576968,2022-03-01,13361.92
TAX926851,USR6197,SPT200605,2023-01-17,47919.66
TAX926852,USR5992,SPT1406968,2023-04-07,35483.72
TAX926853,USR4690,SPT1938050,2022-10-01,5116.54
TAX926854,USR1761,SPT710672,2023-03-18,36240.02
TAX926855,USR4439,SPT1828025,2023-05-28,20406.14
TAX926856,USR9693,SPT476091,2023-03-15,11590.11
TAX926857,USR5498,SPT1007807,2023-02-15,37856.42
TAX926858,USR690,SPT1651149,2023-08-01,4566.8
TAX926859,USR6312,SPT1543255,2023-07-16,9872.26
TAX926860,USR5060,SPT582710,2022-12-15,43509.18
TAX926861,USR8471,SPT930384,2023-03-23,5117.81
TAX926862,USR5594,SPT36339,2023-10-25,48439.17
TAX926863,USR8714,SPT264970,2023-06-07,25516.16
TAX926864,USR4424,SPT1523380,2023-03-23,46611.11
TAX926865,USR5798,SPT1340576,2022-08-11,23093.82
TAX926866,USR5080,SPT819065,2022-07-29,26865.0
TAX926867,USR1540,SPT113010,2023-03-15,10849.63
TAX926868,USR138,SPT1620051,2023-11-22,23806.39
TAX926869,USR6334,SPT1073353,2023-02-11,16237.45
TAX926870,USR7619,SPT662972,2023-11-02,19956.55
TAX926871,USR596,SPT251658,2022-04-30,32154.09
TAX926872,USR3791,SPT506953,2023-07-13,21718.5
TAX926873,USR1450,SPT1490758,2022-06-23,8815.72
TAX926874,USR8750,SPT1628714,2023-09-06,3552.14
TAX926875,USR9500,SPT1292166,2022-08-11,29859.26
TAX926876,USR5206,SPT479615,2023-07-06,47124.21
TAX926877,USR8985,SPT1498669,2022-12-23,18902.48
TAX926878,USR1304,SPT1666442,2023-04-01,34268.5
TAX926879,USR7921,SPT737114,2023-05-26,30890.43
TAX926880,USR8142,SPT218761,2022-11-14,10346.47
TAX926881,USR7202,SPT805095,2022-06-03,6206.21
TAX926882,USR6924,SPT282039,2022-08-08,34279.1
TAX926883,USR3385,SPT322338,2022-04-23,35065.4
TAX926884,USR8595,SPT241454,2023-04-08,8374.55
TAX926885,USR7433,SPT1714109,2023-08-24,44446.49
TAX926886,USR4282,SPT238833,2023-05-13,29115.63
TAX926887,USR7684,SPT1745403,2023-07-26,28410.56
TAX926888,USR7202,SPT64816,2022-10-03,10893.36
TAX926889,USR783,SPT909391,2023-07-30,29485.64
TAX926890,USR3258,SPT202752,2023-10-05,20468.99
TAX926891,USR5046,SPT744500,2023-06-06,37167.4
TAX926892,USR2508,SPT366593,2023-01-10,21376.82
TAX926893,USR3519,SPT505849,2023-06-22,44406.62
TAX926894,USR9330,SPT1391792,2022-03-04,35601.45
TAX926895,USR6971,SPT1913015,2023-02-23,18907.5
TAX926896,USR5311,SPT1575517,2023-12-07,12036.61
TAX926897,USR6912,SPT357047,2022-07-31,49802.05
TAX926898,USR980,SPT546933,2024-01-03,8013.3
TAX926899,USR6893,SPT1515839,2022-03-30,1398.44
TAX926900,USR5048,SPT1505392,2023-02-08,23662.34
TAX926901,USR5703,SPT473426,2022-04-03,13790.83
TAX926902,USR3634,SPT682877,2023-08-04,43506.68
TAX926903,USR5251,SPT504967,2022-07-20,28128.88
TAX926904,USR4554,SPT94920,2023-06-29,19972.96
TAX926905,USR4238,SPT1661638,2023-07-31,38388.4
TAX926906,USR6755,SPT1279630,2022-09-21,49566.06
TAX926907,USR897,SPT695340,2023-09-16,8282.56
TAX926908,USR2186,SPT253182,2022-03-03,21709.5
TAX926909,USR9612,SPT1485324,2023-08-22,17170.04
TAX926910,USR3764,SPT1034186,2023-04-23,37934.64
TAX926911,USR4194,SPT1801683,2023-11-03,15603.39
TAX926912,USR2378,SPT422468,2022-03-16,2201.23
TAX926913,USR4471,SPT165781,2022-03-02,22691.03
TAX926914,USR2868,SPT643376,2022-10-11,2292.54
TAX926915,USR2531,SPT492668,2023-07-07,45277.52
TAX926916,USR5897,SPT1874175,2022-07-07,39324.44
TAX926917,USR2547,SPT1400289,2023-01-03,45608.69
TAX926918,USR5915,SPT1877120,2023-12-08,44577.86
TAX926919,USR2208,SPT1956391,2023-04-04,30949.26
TAX926920,USR4102,SPT1773175,2023-09-27,37427.77
TAX926921,USR9988,SPT73426,2023-12-08,48755.64
TAX926922,USR3262,SPT509621,2023-10-23,24458.48
TAX926923,USR3613,SPT1329505,2022-10-24,5316.34
TAX926924,USR5155,SPT1653173,2023-07-19,17361.42
TAX926925,USR2541,SPT1014948,2022-08-17,46218.95
TAX926926,USR2475,SPT1442209,2022-03-02,10124.26
TAX926927,USR750,SPT210643,2023-06-05,18018.37
TAX926928,USR7071,SPT216396,2023-06-10,20746.63
TAX926929,USR8853,SPT1256206,2022-03-04,48257.85
TAX926930,USR5602,SPT1732546,2022-06-14,19711.98
TAX926931,USR988,SPT1812470,2023-06-25,21651.2
TAX926932,USR3839,SPT1263483,2022-04-03,6267.39
TAX926933,USR2614,SPT1291649,2023-01-13,4193.6
TAX926934,USR6477,SPT868595,2022-10-19,1103.64
TAX926935,USR2392,SPT1849091,2022-06-27,26993.7
TAX926936,USR3274,SPT1448236,2022-10-18,19313.62
TAX926937,USR8545,SPT1953106,2022-03-27,37809.11
TAX926938,USR6937,SPT1926163,2022-12-19,44095.03
TAX926939,USR6856,SPT646084,2022-03-13,33733.3
TAX926940,USR4053,SPT668438,2022-12-25,38314.62
TAX926941,USR4099,SPT121270,2022-09-01,22691.2
TAX926942,USR1665,SPT1144863,2022-12-21,49211.43
TAX926943,USR4920,SPT1837478,2022-07-10,49616.97
TAX926944,USR4559,SPT1262973,2022-12-26,25114.4
TAX926945,USR1400,SPT881912,2022-04-03,43405.59
TAX926946,USR5905,SPT930113,2022-09-24,49845.55
TAX926947,USR9856,SPT652389,2024-02-01,49042.43
TAX926948,USR2005,SPT1394042,2022-12-23,32543.92
TAX926949,USR8310,SPT1040093,2022-06-13,21400.75
TAX926950,USR5864,SPT1933614,2023-11-23,24973.5
TAX926951,USR4775,SPT1152259,2023-12-13,8420.57
TAX926952,USR9179,SPT1498997,2023-10-07,22740.0
TAX926953,USR6176,SPT358566,2022-11-17,43941.08
TAX926954,USR6658,SPT1524830,2022-03-29,28312.0
TAX926955,USR2962,SPT1531388,2023-06-12,18450.16
TAX926956,USR333,SPT1362779,2023-05-09,33630.51
TAX926957,USR4835,SPT1683367,2023-05-28,47455.05
TAX926958,USR6157,SPT1769500,2023-05-30,34174.34
TAX926959,USR2123,SPT1984683,2023-10-05,26754.08
TAX926960,USR6702,SPT1589962,2023-11-04,17980.57
TAX926961,USR9429,SPT1443523,2023-12-31,34380.11
TAX926962,USR8319,SPT1389364,2022-05-01,44087.88
TAX926963,USR9558,SPT237530,2022-02-26,49042.79
TAX926964,USR4461,SPT562489,2023-08-10,43081.41
TAX926965,USR618,SPT1304,2023-09-18,1272.33
TAX926966,USR6129,SPT181956,2023-12-19,13549.88
TAX926967,USR5555,SPT355982,2023-04-07,15624.55
TAX926968,USR5552,SPT1048628,2022-02-26,24767.52
TAX926969,USR7349,SPT1325107,2023-02-02,25216.19
TAX926970,USR979,SPT1354518,2023-12-14,5733.56
TAX926971,USR6351,SPT1349392,2022-10-11,13357.99
TAX926972,USR3963,SPT160622,2023-02-03,38152.24
TAX926973,USR27,SPT1152494,2022-10-29,43804.17
TAX926974,USR646,SPT1717535,2023-03-28,30186.25
TAX926975,USR6976,SPT15514,2023-12-25,43139.34
TAX926976,USR6928,SPT1137930,2024-01-01,5982.5
TAX926977,USR4728,SPT1884416,2023-10-24,32966.8
TAX926978,USR8785,SPT246015,2023-03-11,28250.74
TAX926979,USR3008,SPT951211,2023-01-04,20585.36
TAX926980,USR3656,SPT932684,2022-03-12,17933.49
TAX926981,USR1210,SPT1977780,2023-02-13,18728.19
TAX926982,USR2303,SPT849206,2023-05-05,7057.57
TAX926983,USR4398,SPT1348585,2022-08-21,24586.66
TAX926984,USR1658,SPT829815,2022-12-28,23357.95
TAX926985,USR221,SPT1364710,2022-12-28,22443.9
TAX926986,USR104,SPT793510,2022-07-30,18233.77
TAX926987,USR1897,SPT7440,2024-01-29,8812.4
TAX926988,USR7638,SPT435241,2022-10-05,40631.26
TAX926989,USR1982,SPT942772,2022-06-15,35962.14
TAX926990,USR4406,SPT629123,2023-06-25,4961.92
TAX926991,USR7854,SPT602165,2023-07-26,39806.58
TAX926992,USR5207,SPT1254744,2023-02-12,44076.45
TAX926993,USR6145,SPT681552,2023-06-06,31221.64
TAX926994,USR5232,SPT831287,2023-02-18,25397.74
TAX926995,USR8693,SPT1428904,2023-05-22,18202.09
TAX926996,USR5198,SPT835963,2022-07-11,30587.32
TAX926997,USR2974,SPT1385258,2023-09-17,37613.71
TAX926998,USR6886,SPT898126,2022-05-15,45065.87
TAX926999,USR6614,SPT764669,2023-08-30,17054.59
TAX927000,USR726,SPT1146730,2022-03-26,32725.28
TAX927001,USR7405,SPT42662,2022-04-26,46968.74
TAX927002,USR4278,SPT1188058,2023-04-28,38612.49
TAX927003,USR1529,SPT1856959,2023-08-14,12723.38
TAX927004,USR8705,SPT1668232,2023-03-02,23156.19
TAX927005,USR9944,SPT1951344,2022-03-03,39554.81
TAX927006,USR5597,SPT509691,2023-06-11,18685.71
TAX927007,USR7483,SPT940018,2023-02-12,41967.89
TAX927008,USR9949,SPT301325,2022-04-24,26463.22
TAX927009,USR2164,SPT1585223,2022-07-05,13220.81
TAX927010,USR4502,SPT1662211,2023-01-18,10055.45
TAX927011,USR886,SPT1157271,2023-01-12,43668.86
TAX927012,USR9603,SPT112070,2022-03-17,22252.5
TAX927013,USR8212,SPT1402948,2023-11-09,21497.79
TAX927014,USR9281,SPT1542672,2022-06-08,25294.54
TAX927015,USR3734,SPT1314931,2022-04-16,42151.38
TAX927016,USR6702,SPT1314412,2023-04-10,41968.58
TAX927017,USR1121,SPT911972,2022-04-27,37598.63
TAX927018,USR5698,SPT1453271,2023-12-25,15106.42
TAX927019,USR9619,SPT955133,2022-08-20,20471.89
TAX927020,USR8007,SPT1638354,2022-09-04,43379.74
TAX927021,USR4222,SPT528520,2022-03-21,11451.16
TAX927022,USR38,SPT1251139,2022-10-01,12216.7
TAX927023,USR3065,SPT1598992,2023-12-16,24638.95
TAX927024,USR9440,SPT1499979,2023-10-24,40145.11
TAX927025,USR5434,SPT1944378,2023-10-09,24933.81
TAX927026,USR8416,SPT169456,2023-08-23,42753.04
TAX927027,USR3781,SPT622494,2022-03-19,17468.91
TAX927028,USR6426,SPT1227482,2023-12-13,28074.57
TAX927029,USR4786,SPT1804796,2022-03-06,21002.89
TAX927030,USR5768,SPT1132179,2023-05-25,19844.58
TAX927031,USR2342,SPT353375,2022-09-02,46848.02
TAX927032,USR2774,SPT231832,2023-07-09,41618.91
TAX927033,USR796,SPT732099,2022-08-12,7803.14
TAX927034,USR1267,SPT867945,2023-11-23,34640.16
TAX927035,USR9689,SPT322940,2022-09-27,36880.96
TAX927036,USR5286,SPT1071617,2022-03-17,38952.26
TAX927037,USR8035,SPT572885,2022-05-19,28865.62
TAX927038,USR201,SPT1299874,2023-09-23,1391.79
TAX927039,USR5100,SPT647225,2023-05-30,9496.17
TAX927040,USR3092,SPT725865,2023-09-10,38010.91
TAX927041,USR7741,SPT1891708,2022-03-16,37411.29
TAX927042,USR8912,SPT1540552,2023-02-22,5973.33
TAX927043,USR484,SPT1836695,2023-06-26,17376.6
TAX927044,USR7694,SPT1574560,2022-12-09,40722.36
TAX927045,USR6619,SPT873761,2023-02-12,14114.57
TAX927046,USR3488,SPT915042,2022-03-02,31548.09
TAX927047,USR5229,SPT152752,2023-08-24,20312.69
TAX927048,USR2959,SPT1587051,2022-11-23,13955.06
TAX927049,USR1749,SPT1440188,2022-09-16,46297.5
TAX927050,USR9058,SPT695604,2022-03-13,8310.47
TAX927051,USR2025,SPT1931473,2022-08-21,18010.62
TAX927052,USR3526,SPT719008,2023-01-31,31762.15
TAX927053,USR1581,SPT945092,2023-02-09,42605.69
TAX927054,USR9574,SPT1520550,2023-12-05,15669.04
TAX927055,USR8300,SPT1111371,2022-03-08,29418.75
TAX927056,USR4839,SPT1913156,2022-03-29,20328.98
TAX927057,USR2685,SPT1279934,2023-05-11,7565.23
TAX927058,USR4253,SPT982744,2023-10-20,48086.54
TAX927059,USR8910,SPT1076362,2022-10-24,11907.03
TAX927060,USR4289,SPT1454691,2023-06-12,4641.6
TAX927061,USR4720,SPT1521678,2024-01-09,46818.36
TAX927062,USR6166,SPT1429916,2023-07-01,26835.69
TAX927063,USR5015,SPT1052525,2022-09-02,2111.96
TAX927064,USR9138,SPT728332,2023-04-10,5939.39
TAX927065,USR3934,SPT1022790,2022-09-09,13216.27
TAX927066,USR5194,SPT1949102,2023-07-16,40957.11
TAX927067,USR2272,SPT1570805,2022-04-21,39047.55
TAX927068,USR3780,SPT1582441,2022-10-06,28780.77
TAX927069,USR9536,SPT900456,2023-06-13,42204.96
TAX927070,USR268,SPT416671,2023-05-06,27642.63
TAX927071,USR9245,SPT391684,2022-09-15,13081.54
TAX927072,USR6957,SPT1617750,2022-08-24,1133.65
TAX927073,USR4531,SPT31055,2022-06-06,42722.0
TAX927074,USR6419,SPT1741417,2022-05-29,15080.29
TAX927075,USR7334,SPT1579273,2022-02-09,9447.59
TAX927076,USR6679,SPT279700,2023-04-21,42678.67
TAX927077,USR8624,SPT1526395,2022-07-22,48482.11
TAX927078,USR6020,SPT1309414,2022-07-31,34505.57
TAX927079,USR1543,SPT471418,2022-07-03,5480.22
TAX927080,USR70,SPT1389536,2022-09-03,13306.16
TAX927081,USR3024,SPT1102396,2023-01-17,43630.41
TAX927082,USR2511,SPT1504911,2022-10-15,38326.83
TAX927083,USR6867,SPT624090,2022-05-13,28121.64
TAX927084,USR6926,SPT773082,2023-03-26,41826.42
TAX927085,USR4953,SPT371379,2022-06-13,13755.83
TAX927086,USR8512,SPT1008049,2023-11-29,37409.69
TAX927087,USR191,SPT1444968,2023-03-02,6003.57
TAX927088,USR5289,SPT355534,2023-06-17,49503.45
TAX927089,USR1465,SPT672060,2023-09-16,33240.41
TAX927090,USR3179,SPT401501,2024-01-23,45170.89
TAX927091,USR2346,SPT102684,2023-04-17,29722.19
TAX927092,USR7422,SPT362884,2022-12-17,46409.56
TAX927093,USR1090,SPT311319,2023-11-03,37583.89
TAX927094,USR4084,SPT1936166,2023-03-06,23781.64
TAX927095,USR3901,SPT730790,2023-05-21,11936.89
TAX927096,USR7588,SPT362882,2023-03-26,49931.05
TAX927097,USR7361,SPT689586,2023-06-11,49651.27
TAX927098,USR1616,SPT43700,2022-08-09,13843.0
TAX927099,USR7227,SPT818600,2022-06-23,24793.09
TAX927100,USR7758,SPT1527415,2023-09-06,47668.02
TAX927101,USR1357,SPT1389278,2022-10-30,15015.6
TAX927102,USR1642,SPT360105,2022-11-29,27450.55
TAX927103,USR331,SPT877714,2022-07-21,43263.03
TAX927104,USR837,SPT1583515,2022-11-25,48308.39
TAX927105,USR9520,SPT1195817,2023-05-05,36553.78
TAX927106,USR117,SPT150670,2022-12-15,48461.62
TAX927107,USR6916,SPT874682,2022-07-19,26998.66
TAX927108,USR8974,SPT478811,2023-12-30,24273.79
TAX927109,USR659,SPT311196,2023-08-15,9239.55
TAX927110,USR1242,SPT576499,2023-09-19,3254.81
TAX927111,USR6865,SPT1669279,2023-10-23,22940.52
TAX927112,USR338,SPT1308118,2024-02-01,37949.94
TAX927113,USR830,SPT1532463,2024-01-23,29381.15
TAX927114,USR7894,SPT1598168,2022-09-23,7591.07
TAX927115,USR2166,SPT1888975,2022-06-11,18207.37
TAX927116,USR6911,SPT343430,2022-07-23,24656.63
TAX927117,USR9255,SPT1049949,2023-05-06,38383.74
TAX927118,USR5509,SPT33244,2022-09-28,31273.02
TAX927119,USR293,SPT195081,2023-09-29,35842.14
TAX927120,USR7134,SPT1978437,2022-12-09,13063.64
TAX927121,USR4715,SPT1005971,2022-03-04,26615.63
TAX927122,USR6787,SPT436755,2022-04-21,17283.42
TAX927123,USR476,SPT663196,2022-05-10,23971.21
TAX927124,USR7260,SPT1704752,2023-07-02,26407.91
TAX927125,USR7235,SPT818949,2022-10-09,29787.54
TAX927126,USR1403,SPT1100121,2022-12-14,1377.34
TAX927127,USR1411,SPT64835,2023-12-16,37612.24
TAX927128,USR450,SPT126542,2022-02-16,5999.46
TAX927129,USR3951,SPT1025279,2022-06-03,18414.43
TAX927130,USR6018,SPT703422,2023-05-19,17523.19
TAX927131,USR5715,SPT1211938,2023-10-19,48290.95
TAX927132,USR119,SPT881238,2023-06-02,7929.99
TAX927133,USR4768,SPT1598284,2023-04-22,9655.69
TAX927134,USR748,SPT506295,2023-07-28,32188.55
TAX927135,USR6800,SPT606262,2023-06-24,3656.58
TAX927136,USR880,SPT1535952,2022-09-26,4415.1
TAX927137,USR4738,SPT190613,2022-11-21,24714.36
TAX927138,USR3997,SPT26110,2023-04-07,8034.39
TAX927139,USR4285,SPT1342482,2022-04-24,27591.99
TAX927140,USR9407,SPT1113070,2022-07-25,7499.55
TAX927141,USR474,SPT907071,2023-07-03,44262.26
TAX927142,USR2596,SPT838944,2022-11-04,3581.39
TAX927143,USR1890,SPT1623235,2022-12-06,45289.26
TAX927144,USR1052,SPT320947,2022-08-25,36337.56
TAX927145,USR2566,SPT1117935,2023-05-14,9880.13
TAX927146,USR6591,SPT480139,2024-01-31,45944.25
TAX927147,USR2529,SPT338039,2022-06-29,23709.58
TAX927148,USR2659,SPT986877,2023-02-18,31160.43
TAX927149,USR4296,SPT1630783,2023-10-17,4495.29
TAX927150,USR5692,SPT1049836,2022-12-23,9108.1
TAX927151,USR7191,SPT134616,2022-07-02,38073.88
TAX927152,USR8514,SPT1106119,2022-12-12,36360.12
TAX927153,USR4216,SPT1825840,2023-07-19,30598.4
TAX927154,USR9389,SPT640568,2023-11-29,16529.02
TAX927155,USR4865,SPT752569,2022-02-25,33216.68
TAX927156,USR8360,SPT1938537,2023-07-24,42501.23
TAX927157,USR2825,SPT807873,2022-12-22,13764.31
TAX927158,USR7341,SPT973915,2022-12-03,31561.38
TAX927159,USR5187,SPT379064,2022-05-11,11877.62
TAX927160,USR1122,SPT995586,2023-10-29,4407.15
TAX927161,USR8684,SPT334367,2023-07-16,40516.49
TAX927162,USR765,SPT1597275,2022-11-26,33761.33
TAX927163,USR1335,SPT511785,2023-11-28,20734.77
TAX927164,USR2258,SPT1596347,2023-07-24,21059.03
TAX927165,USR7567,SPT660563,2022-09-08,39067.12
TAX927166,USR2345,SPT254175,2022-03-08,49508.11
TAX927167,USR1309,SPT279402,2022-02-20,49652.22
TAX927168,USR3337,SPT1064047,2022-11-12,42842.02
TAX927169,USR8530,SPT1553609,2023-01-28,3657.78
TAX927170,USR1728,SPT1692816,2023-10-04,31278.87
TAX927171,USR5287,SPT472116,2022-05-08,10600.33
TAX927172,USR1894,SPT1507624,2022-09-14,41309.59
TAX927173,USR3824,SPT1229037,2022-09-15,35677.93
TAX927174,USR2577,SPT810107,2022-12-16,12885.17
TAX927175,USR6766,SPT1184961,2023-12-11,19638.34
TAX927176,USR8242,SPT1464065,2023-10-06,1517.83
TAX927177,USR9888,SPT1094298,2022-06-28,27074.29
TAX927178,USR1969,SPT1484792,2023-06-09,4295.88
TAX927179,USR4913,SPT766429,2023-02-10,7513.48
TAX927180,USR9775,SPT929446,2024-02-03,13019.78
TAX927181,USR810,SPT1187120,2023-02-01,47521.74
TAX927182,USR479,SPT243569,2023-12-14,13476.56
TAX927183,USR1414,SPT429755,2023-11-10,46335.09
TAX927184,USR131,SPT615804,2024-01-18,9666.81
TAX927185,USR6609,SPT1935638,2023-11-11,27573.82
TAX927186,USR3368,SPT1978710,2022-07-30,5195.84
TAX927187,USR6182,SPT285032,2023-07-14,6957.63
TAX927188,USR9792,SPT1312000,2022-02-21,43063.09
TAX927189,USR3365,SPT1000153,2023-06-16,35624.33
TAX927190,USR2798,SPT405765,2023-02-08,13058.88
TAX927191,USR3522,SPT1477837,2022-07-29,24446.52
TAX927192,USR4289,SPT710354,2022-09-02,11867.03
TAX927193,USR2519,SPT1315538,2022-06-15,22673.8
TAX927194,USR3927,SPT1715835,2023-05-09,17778.48
TAX927195,USR1047,SPT481593,2023-01-20,6645.94
TAX927196,USR1322,SPT271189,2022-11-08,23770.43
TAX927197,USR5285,SPT809732,2022-08-23,42628.41
TAX927198,USR9689,SPT1158209,2023-03-12,49029.86
TAX927199,USR5756,SPT790335,2022-05-14,42563.5
TAX927200,USR866,SPT322500,2022-11-05,46857.22
TAX927201,USR6768,SPT729015,2022-09-08,21870.01
TAX927202,USR6829,SPT915021,2023-05-03,42757.03
TAX927203,USR9841,SPT1985436,2022-04-21,27996.43
TAX927204,USR8888,SPT1538393,2022-03-21,31325.63
TAX927205,USR8056,SPT707241,2023-03-27,39942.9
TAX927206,USR6219,SPT977117,2022-04-11,30854.67
TAX927207,USR4387,SPT871232,2022-10-22,5084.62
TAX927208,USR1392,SPT854957,2023-06-02,16175.84
TAX927209,USR1993,SPT124600,2022-09-28,22263.43
TAX927210,USR2485,SPT1340391,2023-12-31,35942.54
TAX927211,USR2063,SPT357951,2022-03-17,3494.45
TAX927212,USR9044,SPT639862,2022-12-07,31963.45
TAX927213,USR4316,SPT154562,2023-10-19,25886.81
TAX927214,USR3344,SPT140100,2022-02-15,31758.81
TAX927215,USR4602,SPT551593,2023-08-26,28972.69
TAX927216,USR7056,SPT1963224,2023-07-20,1188.62
TAX927217,USR841,SPT636442,2022-09-22,33246.26
TAX927218,USR4082,SPT1045160,2022-07-30,8792.47
TAX927219,USR9191,SPT1933808,2022-03-05,49387.61
TAX927220,USR9647,SPT920186,2023-01-10,29369.69
TAX927221,USR184,SPT564715,2022-12-27,29402.17
TAX927222,USR6123,SPT1889241,2022-08-05,45440.72
TAX927223,USR5749,SPT1892197,2023-04-08,20970.16
TAX927224,USR9520,SPT1083625,2023-07-24,31616.14
TAX927225,USR1945,SPT466653,2022-06-03,9045.94
TAX927226,USR3991,SPT464960,2022-02-09,13677.08
TAX927227,USR9981,SPT59111,2023-08-25,8991.46
TAX927228,USR3033,SPT1921803,2023-12-29,16261.71
TAX927229,USR8117,SPT892663,2022-07-09,46887.05
TAX927230,USR291,SPT1803500,2023-12-07,35143.98
TAX927231,USR1084,SPT446597,2023-03-09,39127.69
TAX927232,USR3494,SPT898143,2023-12-18,7780.83
TAX927233,USR2500,SPT1184566,2022-12-30,25608.09
TAX927234,USR4741,SPT1726238,2022-05-06,30430.86
TAX927235,USR2300,SPT107646,2023-07-27,47126.21
TAX927236,USR7982,SPT311674,2022-02-26,15122.36
TAX927237,USR3415,SPT184777,2022-08-27,8506.87
TAX927238,USR5816,SPT387567,2022-08-10,34951.65
TAX927239,USR6872,SPT314733,2022-10-03,8585.92
TAX927240,USR1954,SPT1222564,2022-09-24,6718.33
TAX927241,USR1962,SPT718854,2023-02-10,44909.67
TAX927242,USR4168,SPT433523,2022-03-27,9666.74
TAX927243,USR1956,SPT371841,2023-12-30,15083.67
TAX927244,USR6297,SPT1917577,2023-03-31,16389.72
TAX927245,USR5135,SPT1699466,2023-04-17,17278.32
TAX927246,USR1005,SPT100644,2023-02-02,46818.91
TAX927247,USR1305,SPT1409637,2023-12-23,31968.53
TAX927248,USR4123,SPT1942327,2022-12-09,42701.17
TAX927249,USR8605,SPT1576475,2022-12-22,45036.41
TAX927250,USR9521,SPT1147879,2023-08-09,7975.17
TAX927251,USR205,SPT1006594,2023-12-13,46996.84
TAX927252,USR8086,SPT466372,2023-09-20,10455.1
TAX927253,USR2163,SPT499012,2023-08-20,4510.61
TAX927254,USR1786,SPT272125,2023-05-11,26479.99
TAX927255,USR3088,SPT1129948,2023-08-19,17222.17
TAX927256,USR3960,SPT1943131,2024-01-25,17930.24
TAX927257,USR8658,SPT166337,2022-04-26,49377.49
TAX927258,USR5252,SPT1329136,2022-11-06,49059.58
TAX927259,USR9127,SPT416956,2022-09-03,39263.84
TAX927260,USR3124,SPT804239,2022-06-18,46917.51
TAX927261,USR1636,SPT210815,2022-03-20,47624.17
TAX927262,USR1847,SPT1318133,2024-02-09,9319.65
TAX927263,USR779,SPT270861,2023-05-13,39747.87
TAX927264,USR2740,SPT578190,2022-03-07,35510.56
TAX927265,USR3986,SPT968297,2023-10-20,40024.61
TAX927266,USR1320,SPT520448,2023-07-17,26429.19
TAX927267,USR586,SPT1325648,2023-12-28,19310.04
TAX927268,USR1295,SPT1387068,2023-04-07,42743.58
TAX927269,USR1602,SPT1122662,2023-04-07,45699.16
TAX927270,USR8585,SPT1818161,2022-11-16,28124.77
TAX927271,USR558,SPT19517,2023-08-14,48731.23
TAX927272,USR7917,SPT1573104,2022-12-09,40574.52
TAX927273,USR9348,SPT1325819,2023-03-03,12486.07
TAX927274,USR9778,SPT1859815,2023-02-03,20677.99
TAX927275,USR6150,SPT430224,2023-05-09,31578.51
TAX927276,USR3274,SPT1138732,2023-07-26,9865.84
TAX927277,USR6139,SPT1054933,2022-07-26,32844.09
TAX927278,USR4956,SPT804652,2022-08-18,9275.41
TAX927279,USR320,SPT63659,2023-12-31,44223.35
TAX927280,USR3052,SPT281721,2022-09-04,21720.02
TAX927281,USR7226,SPT1562790,2022-10-22,19386.51
TAX927282,USR2855,SPT1922231,2022-11-07,4670.97
TAX927283,USR4621,SPT1477773,2023-06-14,22658.89
TAX927284,USR850,SPT1552599,2023-03-23,21059.24
TAX927285,USR2918,SPT684781,2022-05-13,13354.4
TAX927286,USR3462,SPT1689350,2022-04-16,17820.39
TAX927287,USR1166,SPT696942,2023-09-21,1815.4
TAX927288,USR423,SPT1576352,2022-09-09,44290.66
TAX927289,USR1003,SPT167264,2022-12-17,39563.43
TAX927290,USR7665,SPT1792200,2022-10-03,49326.24
TAX927291,USR2517,SPT1759703,2023-05-22,10501.98
TAX927292,USR3409,SPT891555,2023-10-15,11262.9
TAX927293,USR8427,SPT1820763,2022-02-14,18750.85
TAX927294,USR1304,SPT1478127,2023-07-29,5584.47
TAX927295,USR802,SPT276919,2023-05-02,36193.55
TAX927296,USR5390,SPT255561,2023-11-04,9494.03
TAX927297,USR4282,SPT1649272,2023-10-27,9333.74
TAX927298,USR217,SPT1665645,2023-07-04,17688.06
TAX927299,USR9007,SPT1607889,2022-12-27,23303.53
TAX927300,USR4684,SPT1806144,2023-04-01,31722.86
TAX927301,USR2623,SPT210253,2022-06-25,8887.52
TAX927302,USR5648,SPT791350,2023-03-02,42949.48
TAX927303,USR3757,SPT1763561,2023-11-16,17157.18
TAX927304,USR1944,SPT1396638,2022-09-08,30352.4
TAX927305,USR7688,SPT662265,2022-08-22,22466.25
TAX927306,USR5892,SPT373348,2022-04-14,13860.46
TAX927307,USR2355,SPT1101076,2024-01-29,7076.25
TAX927308,USR3137,SPT758162,2023-02-02,43252.08
TAX927309,USR5812,SPT55929,2022-11-14,16598.76
TAX927310,USR9707,SPT222389,2022-02-16,23870.99
TAX927311,USR9056,SPT1707414,2023-10-30,21657.49
TAX927312,USR4985,SPT594013,2023-09-23,18256.73
TAX927313,USR2260,SPT656846,2023-02-06,48339.3
TAX927314,USR3560,SPT707652,2024-01-22,25428.16
TAX927315,USR3928,SPT81778,2022-10-31,32645.82
TAX927316,USR3806,SPT1187637,2023-11-18,9866.26
TAX927317,USR6288,SPT1041534,2022-05-23,44428.84
TAX927318,USR7248,SPT983084,2022-05-09,22315.03
TAX927319,USR3384,SPT275909,2022-08-20,30768.66
TAX927320,USR2521,SPT410789,2023-07-31,40067.19
TAX927321,USR7061,SPT161036,2022-06-06,29719.21
TAX927322,USR8626,SPT1594970,2023-08-20,8262.8
TAX927323,USR9016,SPT1923358,2023-10-02,33671.6
TAX927324,USR6644,SPT1945641,2023-07-14,20417.42
TAX927325,USR7125,SPT27478,2023-02-21,42549.59
TAX927326,USR1420,SPT1460667,2023-07-14,34158.22
TAX927327,USR8066,SPT862641,2022-11-12,38426.81
TAX927328,USR3715,SPT1765159,2023-12-31,12139.93
TAX927329,USR2502,SPT511002,2023-10-05,34457.45
TAX927330,USR4025,SPT497704,2023-10-20,42505.63
TAX927331,USR6978,SPT1325360,2022-06-03,28434.58
TAX927332,USR449,SPT611359,2023-03-20,38180.42
TAX927333,USR4696,SPT1165357,2023-07-11,48742.88
TAX927334,USR4164,SPT13505,2023-08-06,3480.95
TAX927335,USR7127,SPT1568746,2022-07-12,29787.93
TAX927336,USR8024,SPT724742,2024-01-07,38867.87
TAX927337,USR3368,SPT1994488,2023-05-02,28341.56
TAX927338,USR9317,SPT1240126,2023-01-04,33862.36
TAX927339,USR1537,SPT1719512,2022-05-21,26384.51
TAX927340,USR4901,SPT1267061,2022-12-15,35363.54
TAX927341,USR8911,SPT295937,2022-10-27,36261.52
TAX927342,USR2700,SPT180739,2022-04-23,11338.89
TAX927343,USR5235,SPT1525075,2023-06-16,32431.86
TAX927344,USR3051,SPT494114,2023-02-04,15665.89
TAX927345,USR3647,SPT952953,2023-06-07,41755.83
TAX927346,USR4940,SPT22705,2023-04-10,39400.66
TAX927347,USR8089,SPT1336985,2023-01-25,11657.83
TAX927348,USR728,SPT202355,2023-04-30,27230.08
TAX927349,USR8626,SPT479272,2023-01-07,30694.14
TAX927350,USR1432,SPT400046,2023-11-23,30404.29
TAX927351,USR2299,SPT1913846,2022-04-05,28439.28
TAX927352,USR6405,SPT1564400,2023-05-02,6270.14
TAX927353,USR304,SPT243780,2022-12-14,5449.39
TAX927354,USR1563,SPT1742717,2023-07-09,13776.27
TAX927355,USR6742,SPT608177,2022-07-18,13953.13
TAX927356,USR8046,SPT1996148,2022-12-26,34588.42
TAX927357,USR467,SPT1607655,2023-01-20,15038.33
TAX927358,USR7693,SPT1408427,2023-06-27,28605.92
TAX927359,USR2976,SPT477651,2022-12-30,36448.53
TAX927360,USR7709,SPT1438762,2023-03-25,45762.71
TAX927361,USR8630,SPT419202,2022-12-19,12546.42
TAX927362,USR4351,SPT353148,2023-10-17,1536.12
TAX927363,USR2487,SPT630696,2022-03-08,19007.19
TAX927364,USR492,SPT361731,2022-06-02,32354.5
TAX927365,USR4371,SPT1307762,2023-12-06,38048.14
TAX927366,USR74,SPT1534116,2022-09-26,19645.37
TAX927367,USR7278,SPT676071,2023-07-20,45734.68
TAX927368,USR9347,SPT1028998,2022-06-28,42571.98
TAX927369,USR8521,SPT1817484,2022-12-11,42977.66
TAX927370,USR5719,SPT1209905,2023-01-28,4957.32
TAX927371,USR7279,SPT148185,2022-11-01,4667.85
TAX927372,USR8225,SPT1795647,2023-05-05,28168.31
TAX927373,USR5360,SPT378774,2023-07-31,37171.55
TAX927374,USR8623,SPT1335925,2022-03-11,1466.44
TAX927375,USR1455,SPT990492,2024-01-17,41328.25
TAX927376,USR5948,SPT1161011,2022-03-16,35366.58
TAX927377,USR4554,SPT851869,2022-06-20,27662.75
TAX927378,USR5315,SPT353263,2023-07-12,18323.08
TAX927379,USR3157,SPT619956,2023-04-02,22211.41
TAX927380,USR418,SPT753491,2023-10-17,37717.33
TAX927381,USR6884,SPT1263659,2023-03-17,26957.58
TAX927382,USR541,SPT1997994,2023-03-06,34285.65
TAX927383,USR6083,SPT1966314,2022-12-03,9588.36
TAX927384,USR9991,SPT1631241,2022-11-23,34093.3
TAX927385,USR4624,SPT965180,2023-06-08,34824.38
TAX927386,USR4026,SPT1082041,2022-07-23,24335.01
TAX927387,USR5321,SPT589110,2022-10-09,37613.35
TAX927388,USR8443,SPT142066,2023-03-15,39890.77
TAX927389,USR3294,SPT555290,2023-05-19,15623.15
TAX927390,USR850,SPT1645080,2022-10-15,36780.95
TAX927391,USR3650,SPT1963343,2022-07-06,30635.84
TAX927392,USR852,SPT1368113,2022-11-05,14523.95
TAX927393,USR6443,SPT1716140,2023-08-02,22372.23
TAX927394,USR933,SPT324244,2022-06-01,3295.92
TAX927395,USR1214,SPT630138,2023-10-22,43387.49
TAX927396,USR4366,SPT771704,2022-03-01,22102.64
TAX927397,USR7359,SPT704434,2022-10-08,23834.92
TAX927398,USR3628,SPT723306,2023-12-07,4046.86
TAX927399,USR7414,SPT598372,2023-05-22,34635.72
TAX927400,USR13,SPT1017100,2022-03-21,42205.28
TAX927401,USR9354,SPT352673,2023-11-02,37186.65
TAX927402,USR4671,SPT1899723,2023-03-26,31412.23
TAX927403,USR2870,SPT539612,2023-06-26,25548.57
TAX927404,USR8201,SPT191968,2023-06-20,21664.23
TAX927405,USR43,SPT1899296,2023-12-02,30533.93
TAX927406,USR2472,SPT622241,2024-01-28,15076.76
TAX927407,USR9505,SPT568961,2023-02-28,49945.37
TAX927408,USR2807,SPT1840578,2023-06-28,5093.61
TAX927409,USR1182,SPT465409,2022-10-04,12297.09
TAX927410,USR214,SPT1069398,2022-07-01,1779.72
TAX927411,USR362,SPT1195665,2023-06-03,8643.71
TAX927412,USR1808,SPT237202,2023-09-11,10487.21
TAX927413,USR8329,SPT1682132,2022-10-04,28606.6
TAX927414,USR9081,SPT1890017,2023-04-18,41351.18
TAX927415,USR1274,SPT65778,2022-10-18,16405.38
TAX927416,USR1928,SPT589985,2023-03-26,45834.58
TAX927417,USR6114,SPT1989716,2022-07-04,48883.22
TAX927418,USR9005,SPT587051,2022-08-20,41795.82
TAX927419,USR8600,SPT501955,2022-05-24,19963.55
TAX927420,USR6963,SPT758363,2023-01-12,19478.1
TAX927421,USR3966,SPT689260,2023-03-29,42097.63
TAX927422,USR3952,SPT785812,2023-08-03,26905.97
TAX927423,USR8579,SPT689603,2022-09-11,22919.86
TAX927424,USR682,SPT1675937,2022-04-14,16682.19
TAX927425,USR6337,SPT190062,2022-09-20,35341.69
TAX927426,USR7607,SPT1748635,2022-05-13,28923.53
TAX927427,USR2845,SPT689594,2023-08-09,36509.0
TAX927428,USR9146,SPT2307,2022-09-09,28214.78
TAX927429,USR1054,SPT200976,2023-09-25,45757.83
TAX927430,USR6887,SPT283985,2022-07-04,29258.18
TAX927431,USR7720,SPT187812,2022-08-03,13734.3
TAX927432,USR252,SPT871669,2023-04-23,27540.56
TAX927433,USR2728,SPT745410,2022-08-26,47156.36
TAX927434,USR7629,SPT1584075,2022-07-03,8176.51
TAX927435,USR8655,SPT1688020,2022-08-24,39852.81
TAX927436,USR728,SPT1394583,2023-08-12,39566.33
TAX927437,USR9421,SPT1331618,2023-08-20,24275.08
TAX927438,USR2047,SPT543049,2022-11-03,34162.39
TAX927439,USR9514,SPT1588089,2022-03-20,15688.65
TAX927440,USR4723,SPT1184478,2022-09-05,29624.73
TAX927441,USR3369,SPT609486,2023-07-11,31283.49
TAX927442,USR1147,SPT1881346,2023-04-24,8887.09
TAX927443,USR3828,SPT752449,2022-11-29,14703.26
TAX927444,USR1970,SPT1142578,2022-02-21,21473.05
TAX927445,USR7274,SPT1831254,2023-01-03,39328.37
TAX927446,USR814,SPT580015,2023-09-22,49870.01
TAX927447,USR8131,SPT1553270,2023-06-11,28306.78
TAX927448,USR3869,SPT255049,2023-05-07,30287.94
TAX927449,USR9784,SPT1376077,2022-11-10,14641.52
TAX927450,USR754,SPT990641,2022-05-12,31057.67
TAX927451,USR3283,SPT52565,2023-04-05,26874.96
TAX927452,USR3737,SPT793319,2022-02-18,47207.28
TAX927453,USR328,SPT1596337,2022-08-11,6216.52
TAX927454,USR5833,SPT1553400,2022-06-18,22565.35
TAX927455,USR8145,SPT1241481,2023-04-13,19875.53
TAX927456,USR1221,SPT171249,2023-05-01,46545.09
TAX927457,USR3581,SPT1718551,2022-02-11,33793.62
TAX927458,USR8406,SPT561686,2022-07-19,21657.14
TAX927459,USR4504,SPT1849771,2023-08-05,22942.5
TAX927460,USR9490,SPT1484405,2023-12-31,38128.83
TAX927461,USR2413,SPT926467,2023-01-27,47569.07
TAX927462,USR4348,SPT849762,2023-03-04,31438.18
TAX927463,USR4737,SPT322893,2023-07-06,13406.41
TAX927464,USR9890,SPT502588,2022-07-07,8088.63
TAX927465,USR3245,SPT119109,2022-03-11,39130.63
TAX927466,USR7123,SPT1664720,2023-04-30,45803.54
TAX927467,USR34,SPT1108636,2023-11-28,21879.58
TAX927468,USR409,SPT4535,2023-04-27,45739.02
TAX927469,USR5184,SPT427300,2022-05-11,10369.01
TAX927470,USR2111,SPT1278969,2022-06-01,41780.35
TAX927471,USR398,SPT1050905,2022-06-04,11694.08
TAX927472,USR1960,SPT1704338,2022-07-15,30089.68
TAX927473,USR780,SPT1649850,2022-02-22,30511.79
TAX927474,USR6020,SPT319873,2023-12-13,41787.49
TAX927475,USR1885,SPT608477,2023-06-28,20204.43
TAX927476,USR3925,SPT1831780,2023-10-04,46110.52
TAX927477,USR2642,SPT623831,2024-01-26,31074.65
TAX927478,USR2011,SPT589329,2022-04-25,48661.18
TAX927479,USR7210,SPT1901066,2022-07-30,11940.89
TAX927480,USR4722,SPT180244,2023-10-13,33862.05
TAX927481,USR5059,SPT1186258,2022-12-04,9449.43
TAX927482,USR6347,SPT1511604,2023-04-06,2028.8
TAX927483,USR9505,SPT167321,2022-09-07,15899.62
TAX927484,USR6612,SPT103542,2023-03-29,34062.35
TAX927485,USR4872,SPT1559894,2023-03-03,10350.52
TAX927486,USR3074,SPT1253675,2022-02-14,9174.15
TAX927487,USR2183,SPT187481,2022-06-29,28641.82
TAX927488,USR4365,SPT1438470,2023-07-30,32344.29
TAX927489,USR401,SPT441953,2023-07-13,28436.01
TAX927490,USR2664,SPT1055051,2022-06-15,9950.01
TAX927491,USR9847,SPT1350318,2022-03-12,11047.41
TAX927492,USR8481,SPT1292032,2022-04-26,31444.87
TAX927493,USR1433,SPT857690,2022-10-29,25668.57
TAX927494,USR4420,SPT1560019,2023-09-26,17078.81
TAX927495,USR3561,SPT1612137,2023-03-29,11374.75
TAX927496,USR2536,SPT427248,2022-11-08,22443.27
TAX927497,USR3322,SPT720480,2023-04-10,37126.69
TAX927498,USR9823,SPT1977136,2023-06-25,38803.87
TAX927499,USR3774,SPT854654,2023-10-19,16166.5
TAX927500,USR2037,SPT1323776,2023-05-06,33428.92
TAX927501,USR4875,SPT1341350,2023-01-17,32357.47
TAX927502,USR9131,SPT1233696,2022-08-13,36412.73
TAX927503,USR8388,SPT1438352,2022-10-08,44079.88
TAX927504,USR3619,SPT1592441,2022-06-21,39698.03
TAX927505,USR111,SPT334696,2023-06-08,44438.25
TAX927506,USR78,SPT966820,2022-08-26,10670.17
TAX927507,USR4725,SPT721024,2022-02-14,40566.55
TAX927508,USR6300,SPT141870,2023-01-16,38938.31
TAX927509,USR2089,SPT779024,2023-09-05,2423.0
TAX927510,USR9240,SPT1674498,2023-09-28,48777.36
TAX927511,USR6201,SPT1678826,2022-10-16,41372.11
TAX927512,USR7019,SPT742949,2022-05-29,18816.51
TAX927513,USR4562,SPT945673,2023-05-09,44801.47
TAX927514,USR5290,SPT1847290,2023-01-20,46183.31
TAX927515,USR2584,SPT1532429,2022-03-24,31371.47
TAX927516,USR3871,SPT1435704,2022-08-12,19136.31
TAX927517,USR485,SPT182696,2024-01-31,37559.92
TAX927518,USR9847,SPT187313,2023-06-05,11978.29
TAX927519,USR8918,SPT546846,2023-04-01,47514.51
TAX927520,USR4728,SPT971627,2023-08-26,39456.84
TAX927521,USR2722,SPT931757,2023-07-19,1382.89
TAX927522,USR1500,SPT1134278,2022-05-11,28283.02
TAX927523,USR7777,SPT643748,2022-03-21,27959.04
TAX927524,USR5959,SPT125595,2023-06-01,28583.05
TAX927525,USR2058,SPT309351,2022-04-29,9397.42
TAX927526,USR3619,SPT535986,2022-03-21,26195.68
TAX927527,USR3170,SPT730073,2023-05-21,17850.21
TAX927528,USR6276,SPT238068,2023-08-15,9252.69
TAX927529,USR5150,SPT1630580,2022-02-27,2650.26
TAX927530,USR4497,SPT817801,2022-06-02,16669.83
TAX927531,USR7170,SPT1146826,2023-09-27,17245.48
TAX927532,USR5200,SPT1511111,2022-07-28,7757.25
TAX927533,USR511,SPT1372488,2023-09-17,11161.79
TAX927534,USR1482,SPT1990161,2023-10-27,29215.86
TAX927535,USR3062,SPT993110,2023-12-11,27889.9
TAX927536,USR4780,SPT445820,2022-12-08,48118.81
TAX927537,USR2189,SPT1338424,2023-08-04,22082.79
TAX927538,USR2291,SPT1192715,2022-09-22,43011.88
TAX927539,USR9664,SPT917121,2023-03-22,48387.48
TAX927540,USR2787,SPT718447,2023-06-22,31447.4
TAX927541,USR8038,SPT1533791,2023-03-11,42198.74
TAX927542,USR8846,SPT1019958,2023-05-10,26255.0
TAX927543,USR6232,SPT154029,2023-06-04,26997.71
TAX927544,USR1525,SPT801351,2022-12-21,42778.37
TAX927545,USR7461,SPT110469,2023-09-19,25413.57
TAX927546,USR6516,SPT1301935,2024-01-02,21461.92
TAX927547,USR6882,SPT1656602,2022-03-13,14471.08
TAX927548,USR8298,SPT1032508,2022-09-22,24981.89
TAX927549,USR1952,SPT1800060,2024-02-09,5381.47
TAX927550,USR8345,SPT196235,2022-07-30,30469.59
TAX927551,USR2422,SPT169239,2022-06-28,29406.61
TAX927552,USR2047,SPT744051,2022-09-01,20020.51
TAX927553,USR5998,SPT1435041,2023-07-09,37177.06
TAX927554,USR2460,SPT1455056,2023-01-30,20475.44
TAX927555,USR5507,SPT40,2023-05-15,45097.15
TAX927556,USR3959,SPT1154864,2022-08-12,38457.2
TAX927557,USR2509,SPT987474,2022-05-17,20555.49
TAX927558,USR645,SPT1788932,2023-05-26,3941.52
TAX927559,USR103,SPT865190,2023-11-01,24721.81
TAX927560,USR7324,SPT1284258,2022-06-22,19355.59
TAX927561,USR7793,SPT181818,2022-10-23,34094.31
TAX927562,USR9604,SPT1395001,2022-03-09,8683.14
TAX927563,USR6639,SPT60063,2023-05-13,31275.69
TAX927564,USR592,SPT1670165,2022-03-25,32478.85
TAX927565,USR1741,SPT741233,2022-09-29,33611.37
TAX927566,USR5812,SPT854073,2023-02-09,22831.02
TAX927567,USR468,SPT891865,2022-11-01,20980.91
TAX927568,USR1349,SPT1461679,2022-06-23,39193.55
TAX927569,USR911,SPT573441,2022-12-01,28913.18
TAX927570,USR464,SPT1968230,2023-01-07,43035.85
TAX927571,USR8707,SPT93305,2023-02-08,35443.44
TAX927572,USR6260,SPT48176,2023-02-09,5248.72
TAX927573,USR1403,SPT1533024,2022-07-21,47957.94
TAX927574,USR2989,SPT390430,2023-11-13,21817.46
TAX927575,USR2224,SPT1720494,2023-04-20,20558.9
TAX927576,USR2982,SPT622248,2023-04-06,14311.13
TAX927577,USR2782,SPT301155,2022-09-05,5995.13
TAX927578,USR6056,SPT750197,2022-03-01,15422.04
TAX927579,USR1488,SPT635172,2023-09-18,2881.66
TAX927580,USR2612,SPT1163030,2022-05-01,45471.52
TAX927581,USR8897,SPT355809,2022-05-15,29855.64
TAX927582,USR2716,SPT320880,2023-02-14,46165.72
TAX927583,USR1431,SPT29431,2023-12-27,23328.83
TAX927584,USR6721,SPT364223,2024-01-31,29418.05
TAX927585,USR9383,SPT1759907,2023-03-25,3605.18
TAX927586,USR424,SPT491280,2022-09-16,9042.7
TAX927587,USR4834,SPT1965302,2023-10-23,18980.24
TAX927588,USR9075,SPT939426,2023-09-08,2495.12
TAX927589,USR8478,SPT314119,2022-09-25,43631.21
TAX927590,USR8098,SPT1772027,2024-02-04,8476.61
TAX927591,USR2331,SPT1652999,2022-08-27,22278.06
TAX927592,USR6772,SPT1710733,2022-12-23,8899.95
TAX927593,USR8918,SPT1575782,2022-09-26,21476.87
TAX927594,USR5313,SPT128096,2024-01-01,14595.22
TAX927595,USR5341,SPT1603988,2023-05-22,28100.84
TAX927596,USR8655,SPT175318,2022-06-25,41043.21
TAX927597,USR7367,SPT357060,2023-12-19,1392.81
TAX927598,USR6074,SPT1991886,2022-08-16,49377.04
TAX927599,USR2066,SPT166594,2022-04-22,13585.02
TAX927600,USR2849,SPT682233,2023-05-20,35397.53
TAX927601,USR269,SPT825638,2023-10-21,40547.92
TAX927602,USR9041,SPT260448,2024-01-06,41206.1
TAX927603,USR4739,SPT1405821,2022-09-07,27770.37
TAX927604,USR9635,SPT1182933,2023-08-20,29940.58
TAX927605,USR223,SPT803092,2023-05-08,4802.51
TAX927606,USR5084,SPT899712,2022-04-21,38012.24
TAX927607,USR5678,SPT1288286,2023-10-26,45413.02
TAX927608,USR4566,SPT1448041,2022-02-15,34463.09
TAX927609,USR2454,SPT1860589,2022-09-16,37040.05
TAX927610,USR208,SPT1241580,2023-04-19,5987.68
TAX927611,USR7284,SPT241497,2022-03-03,35202.21
TAX927612,USR6416,SPT31645,2024-01-16,11837.1
TAX927613,USR4058,SPT1793984,2023-02-26,5473.17
TAX927614,USR3140,SPT449894,2023-01-22,42343.06
TAX927615,USR6970,SPT940877,2022-05-05,44021.54
TAX927616,USR3675,SPT1473648,2022-12-20,38288.92
TAX927617,USR4801,SPT611303,2023-08-25,24227.82
TAX927618,USR9759,SPT1458720,2024-01-05,9633.96
TAX927619,USR8811,SPT1101263,2022-12-27,31994.1
TAX927620,USR3170,SPT1732114,2023-11-10,28596.49
TAX927621,USR1024,SPT488354,2023-10-09,37518.33
TAX927622,USR8486,SPT1172264,2022-12-02,40807.83
TAX927623,USR6984,SPT1933189,2022-06-02,6060.4
TAX927624,USR9715,SPT1797511,2023-08-15,45989.15
TAX927625,USR7706,SPT863285,2022-11-19,22394.44
TAX927626,USR2396,SPT1272902,2024-01-26,6982.74
TAX927627,USR5366,SPT761127,2022-12-24,17694.21
TAX927628,USR5475,SPT1784126,2022-08-30,41069.29
TAX927629,USR1731,SPT526870,2022-09-21,41331.52
TAX927630,USR1962,SPT458692,2023-04-03,11250.22
TAX927631,USR9539,SPT641262,2023-05-08,28553.07
TAX927632,USR8794,SPT1564995,2023-04-10,28265.0
TAX927633,USR5030,SPT1717463,2022-11-23,7490.4
TAX927634,USR748,SPT37502,2023-05-31,20247.96
TAX927635,USR9384,SPT1716577,2022-07-22,8196.4
TAX927636,USR5884,SPT1863679,2022-12-12,34207.04
TAX927637,USR1469,SPT283907,2022-08-26,10620.61
TAX927638,USR3358,SPT1101873,2023-01-14,2714.69
TAX927639,USR4137,SPT181264,2023-10-16,16619.69
TAX927640,USR5384,SPT23269,2022-03-02,32797.95
TAX927641,USR8762,SPT475435,2023-03-05,3760.96
TAX927642,USR9405,SPT973473,2022-12-03,41294.96
TAX927643,USR5525,SPT578171,2022-10-21,34278.22
TAX927644,USR2959,SPT1065808,2023-11-02,24148.9
TAX927645,USR4607,SPT525323,2024-02-04,48031.63
TAX927646,USR3057,SPT816548,2023-06-19,28321.23
TAX927647,USR7649,SPT143670,2022-05-29,36691.3
TAX927648,USR560,SPT883187,2023-05-29,47752.41
TAX927649,USR8436,SPT1529658,2023-11-16,25104.56
TAX927650,USR2625,SPT998563,2022-10-30,9750.74
TAX927651,USR2602,SPT49349,2023-01-10,18144.61
TAX927652,USR4746,SPT1359289,2023-12-03,25098.19
TAX927653,USR1181,SPT1091057,2022-08-24,45507.05
TAX927654,USR4248,SPT816261,2023-08-29,37268.24
TAX927655,USR680,SPT1957948,2022-03-05,21843.39
TAX927656,USR4496,SPT992201,2022-12-15,44634.11
TAX927657,USR394,SPT1729140,2024-01-20,37115.78
TAX927658,USR2406,SPT647076,2023-03-11,22953.65
TAX927659,USR8299,SPT916434,2022-10-04,45651.0
TAX927660,USR3529,SPT297080,2023-09-05,2342.84
TAX927661,USR7371,SPT1894375,2022-05-25,27247.3
TAX927662,USR1086,SPT1263595,2023-08-06,30406.81
TAX927663,USR5983,SPT224945,2022-03-03,30977.42
TAX927664,USR3291,SPT1356714,2023-01-02,11502.48
TAX927665,USR635,SPT391704,2023-10-20,28647.8
TAX927666,USR8424,SPT1955354,2022-04-22,2440.65
TAX927667,USR115,SPT462777,2023-03-21,17472.21
TAX927668,USR7237,SPT1202773,2022-08-24,36126.89
TAX927669,USR8248,SPT116331,2022-08-26,1814.75
TAX927670,USR2991,SPT1790375,2023-02-21,33966.95
TAX927671,USR4779,SPT58472,2023-08-19,21875.99
TAX927672,USR9664,SPT1108473,2022-07-20,23598.09
TAX927673,USR1157,SPT368360,2022-05-16,13940.28
TAX927674,USR8567,SPT1484997,2022-05-17,23680.39
TAX927675,USR9695,SPT41928,2023-06-29,29669.61
TAX927676,USR9121,SPT800906,2022-10-16,46315.36
TAX927677,USR7879,SPT361770,2023-10-15,11502.48
TAX927678,USR3384,SPT1516004,2023-03-20,48114.45
TAX927679,USR4690,SPT558949,2023-08-23,30036.5
TAX927680,USR3812,SPT1876880,2022-04-17,31683.5
TAX927681,USR9143,SPT909779,2023-06-23,23777.19
TAX927682,USR2314,SPT531730,2023-11-03,43344.07
TAX927683,USR819,SPT1331243,2023-02-14,40589.74
TAX927684,USR6157,SPT1263339,2023-10-28,28868.31
TAX927685,USR1780,SPT1114746,2023-02-17,26713.26
TAX927686,USR2418,SPT1490070,2022-03-26,16920.88
TAX927687,USR5429,SPT1542515,2022-06-02,22908.76
TAX927688,USR4686,SPT1266210,2022-02-24,36044.18
TAX927689,USR9754,SPT1888726,2023-07-31,43502.2
TAX927690,USR167,SPT1373153,2024-01-14,21563.45
TAX927691,USR713,SPT1892172,2022-08-03,39414.53
TAX927692,USR2059,SPT1940465,2022-09-05,22696.3
TAX927693,USR5487,SPT448976,2022-12-06,20990.58
TAX927694,USR4002,SPT1029422,2022-03-29,21035.89
TAX927695,USR9889,SPT665854,2022-03-31,31941.25
TAX927696,USR7381,SPT1057138,2022-09-18,27592.44
TAX927697,USR8055,SPT157717,2023-08-14,18389.91
TAX927698,USR3144,SPT340965,2022-09-23,16918.94
TAX927699,USR4972,SPT1886579,2023-07-15,38314.81
TAX927700,USR3023,SPT433431,2022-03-12,32302.54
TAX927701,USR28,SPT643123,2022-10-23,10933.2
TAX927702,USR5237,SPT1762126,2022-02-14,12854.13
TAX927703,USR8827,SPT764701,2022-09-05,49690.05
TAX927704,USR9256,SPT849927,2023-07-20,3502.99
TAX927705,USR3269,SPT553537,2022-08-28,11914.45
TAX927706,USR3301,SPT935289,2022-09-28,33662.77
TAX927707,USR4560,SPT645762,2024-01-30,6768.63
TAX927708,USR7797,SPT1246536,2023-01-14,17340.66
TAX927709,USR4128,SPT1197086,2023-08-26,24941.01
TAX927710,USR6024,SPT1727384,2023-12-13,7021.52
TAX927711,USR77,SPT1609719,2022-07-30,1522.19
TAX927712,USR3118,SPT26175,2024-02-02,46399.74
TAX927713,USR3429,SPT1423685,2022-08-06,46781.14
TAX927714,USR2209,SPT1385888,2023-10-18,5760.1
TAX927715,USR5239,SPT123064,2022-09-06,43613.66
TAX927716,USR1575,SPT34955,2022-07-07,47338.54
TAX927717,USR6921,SPT472290,2022-09-04,27049.82
TAX927718,USR4253,SPT741855,2023-07-21,28574.34
TAX927719,USR4672,SPT799315,2023-11-09,49638.99
TAX927720,USR6209,SPT1137516,2022-10-28,10923.52
TAX927721,USR1175,SPT663216,2022-10-06,29311.49
TAX927722,USR4894,SPT98731,2023-02-10,11696.88
TAX927723,USR9061,SPT355211,2023-06-15,44065.9
TAX927724,USR1256,SPT727493,2022-03-15,21307.38
TAX927725,USR1401,SPT502870,2023-06-26,41222.36
TAX927726,USR951,SPT1333667,2023-02-01,28661.92
TAX927727,USR2184,SPT181410,2023-04-25,6309.65
TAX927728,USR3191,SPT1936589,2022-05-10,2415.79
TAX927729,USR1839,SPT1798110,2022-12-07,36834.0
TAX927730,USR416,SPT1837372,2023-03-20,12654.04
TAX927731,USR232,SPT446169,2022-11-03,3837.74
TAX927732,USR7440,SPT1669296,2022-04-13,38467.98
TAX927733,USR5073,SPT1390066,2022-11-23,27742.11
TAX927734,USR2058,SPT1536299,2023-04-14,23670.1
TAX927735,USR2846,SPT1728362,2023-11-14,26407.01
TAX927736,USR1642,SPT598883,2023-01-27,39485.54
TAX927737,USR9491,SPT1175171,2023-06-08,35165.68
TAX927738,USR3221,SPT1226942,2022-12-26,32828.9
TAX927739,USR2570,SPT1164328,2022-06-13,27970.62
TAX927740,USR8256,SPT1073312,2023-10-20,5534.59
TAX927741,USR1740,SPT297311,2023-12-22,26763.81
TAX927742,USR2347,SPT860930,2022-03-01,25867.8
TAX927743,USR6626,SPT577787,2023-04-21,15375.27
TAX927744,USR2443,SPT950310,2023-01-30,43381.37
TAX927745,USR568,SPT1398971,2023-04-17,7580.72
TAX927746,USR9182,SPT744333,2022-03-25,32046.28
TAX927747,USR476,SPT1347616,2023-08-25,43263.61
TAX927748,USR3513,SPT336826,2023-10-11,7752.13
TAX927749,USR9284,SPT1512962,2022-10-16,40598.3
TAX927750,USR3252,SPT878056,2023-11-11,13132.74
TAX927751,USR494,SPT694010,2023-12-10,26019.27
TAX927752,USR8286,SPT1250359,2022-11-23,3654.91
TAX927753,USR6881,SPT211067,2023-06-09,15203.39
TAX927754,USR230,SPT1043151,2023-12-30,43585.29
TAX927755,USR6863,SPT1879153,2023-08-21,9450.0
TAX927756,USR1710,SPT919557,2022-03-29,39431.09
TAX927757,USR4679,SPT106805,2023-04-26,8159.13
TAX927758,USR6459,SPT1943247,2023-12-28,41553.58
TAX927759,USR9990,SPT374931,2022-09-22,16920.48
TAX927760,USR8510,SPT999093,2022-04-08,15324.14
TAX927761,USR6336,SPT204351,2022-11-29,12495.37
TAX927762,USR1505,SPT295442,2023-03-29,27010.59
TAX927763,USR1849,SPT1587840,2023-12-28,7626.44
TAX927764,USR7561,SPT82260,2024-01-04,38188.37
TAX927765,USR4354,SPT1126126,2023-06-29,18767.76
TAX927766,USR9914,SPT1491806,2022-09-14,40662.93
TAX927767,USR9988,SPT1491592,2022-07-10,25545.48
TAX927768,USR9369,SPT1978560,2024-02-03,2087.13
TAX927769,USR6923,SPT119744,2022-07-01,13223.91
TAX927770,USR9034,SPT1803558,2023-07-04,3101.75
TAX927771,USR4186,SPT872957,2022-11-28,38200.05
TAX927772,USR4423,SPT1226078,2022-09-27,43476.64
TAX927773,USR1499,SPT1346297,2022-12-04,27014.89
TAX927774,USR6132,SPT777694,2022-12-30,41347.11
TAX927775,USR7288,SPT549608,2023-09-28,40207.19
TAX927776,USR7501,SPT1963651,2022-02-12,14354.44
TAX927777,USR6169,SPT1951679,2023-09-03,22831.88
TAX927778,USR7821,SPT1445518,2022-08-19,40930.89
TAX927779,USR1429,SPT1547133,2022-03-14,28348.16
TAX927780,USR6838,SPT1074288,2022-02-24,9382.76
TAX927781,USR4833,SPT257941,2023-01-26,36252.03
TAX927782,USR1844,SPT477962,2022-12-23,26169.6
TAX927783,USR9758,SPT1844446,2023-04-09,45933.29
TAX927784,USR9646,SPT1601094,2023-03-14,1793.56
TAX927785,USR4407,SPT651042,2023-08-16,2944.64
TAX927786,USR4524,SPT1281872,2023-12-05,11947.77
TAX927787,USR2659,SPT1517341,2023-12-16,23538.13
TAX927788,USR42,SPT638242,2022-10-26,12581.61
TAX927789,USR7161,SPT139343,2022-04-25,36693.23
TAX927790,USR6854,SPT1084352,2023-12-14,5877.93
TAX927791,USR9475,SPT1292268,2023-06-20,46323.85
TAX927792,USR7116,SPT148496,2024-01-11,36137.29
TAX927793,USR5392,SPT42811,2023-01-19,1367.16
TAX927794,USR6849,SPT1180658,2023-04-08,44330.52
TAX927795,USR3206,SPT1390458,2023-12-20,16555.65
TAX927796,USR9594,SPT1287042,2023-03-20,28899.51
TAX927797,USR1343,SPT1291704,2022-07-05,18828.54
TAX927798,USR4518,SPT255210,2022-05-31,37856.77
TAX927799,USR324,SPT153076,2023-04-26,33784.75
TAX927800,USR5140,SPT1444343,2023-09-23,36602.12
TAX927801,USR2104,SPT1927331,2022-12-21,24620.15
TAX927802,USR3654,SPT1964207,2022-04-27,29780.26
TAX927803,USR3749,SPT1490508,2023-02-22,38371.52
TAX927804,USR9480,SPT1148109,2022-03-09,33155.45
TAX927805,USR3269,SPT1912306,2023-11-11,14920.2
TAX927806,USR6653,SPT1946524,2022-06-19,28427.18
TAX927807,USR7642,SPT969088,2022-03-16,12796.58
TAX927808,USR6324,SPT1651097,2023-04-29,48184.96
TAX927809,USR9731,SPT1115303,2022-11-22,5927.48
TAX927810,USR4324,SPT783309,2022-11-22,32161.36
TAX927811,USR3837,SPT1328201,2022-09-15,22650.57
TAX927812,USR8821,SPT10737,2023-06-04,23415.61
TAX927813,USR2494,SPT1470262,2024-01-10,35459.28
TAX927814,USR6816,SPT1366618,2022-07-20,33637.15
TAX927815,USR2052,SPT125415,2023-07-18,10446.89
TAX927816,USR5350,SPT1492435,2022-04-07,18087.37
TAX927817,USR7429,SPT904094,2023-04-04,38547.57
TAX927818,USR4648,SPT963722,2023-08-17,45489.54
TAX927819,USR3188,SPT635498,2023-06-30,7200.56
TAX927820,USR6730,SPT1211599,2022-02-26,7091.76
TAX927821,USR1015,SPT777898,2024-02-06,49671.03
TAX927822,USR3930,SPT679988,2023-03-06,40305.19
TAX927823,USR6512,SPT1387632,2022-09-06,10501.57
TAX927824,USR7852,SPT857402,2023-07-04,28518.36
TAX927825,USR9786,SPT1527496,2023-08-06,46947.39
TAX927826,USR2393,SPT1581259,2023-10-20,28317.5
TAX927827,USR2967,SPT314430,2023-05-20,22281.56
TAX927828,USR7918,SPT970157,2023-04-15,14094.62
TAX927829,USR8946,SPT1420443,2022-07-13,41007.66
TAX927830,USR4354,SPT896984,2023-02-09,46808.55
TAX927831,USR9649,SPT1758610,2023-06-08,40575.45
TAX927832,USR4520,SPT939647,2023-12-18,23833.56
TAX927833,USR5719,SPT1010584,2022-02-24,43705.73
TAX927834,USR169,SPT1625014,2023-02-14,9790.27
TAX927835,USR5927,SPT302478,2023-10-12,21945.17
TAX927836,USR3721,SPT1132578,2022-10-26,47454.3
TAX927837,USR3289,SPT1635105,2022-05-29,40022.82
TAX927838,USR7916,SPT253841,2023-12-11,3235.13
TAX927839,USR3201,SPT1204367,2022-10-27,17759.46
TAX927840,USR8923,SPT756235,2023-06-25,13787.32
TAX927841,USR3983,SPT1485666,2023-10-06,46403.1
TAX927842,USR9960,SPT1900793,2022-05-27,42469.02
TAX927843,USR6672,SPT1530601,2023-07-18,40751.9
TAX927844,USR9283,SPT23151,2023-10-27,15761.66
TAX927845,USR6957,SPT1534244,2023-03-25,27441.57
TAX927846,USR1280,SPT1299201,2022-11-20,14416.28
TAX927847,USR2307,SPT76423,2023-08-05,21284.63
TAX927848,USR5622,SPT1595637,2022-11-10,38157.77
TAX927849,USR584,SPT266986,2023-08-02,38813.25
TAX927850,USR1511,SPT205781,2022-11-13,28579.85
TAX927851,USR738,SPT160232,2022-08-15,46561.61
TAX927852,USR9823,SPT1581263,2023-06-06,6945.79
TAX927853,USR6528,SPT780343,2022-02-19,18720.47
TAX927854,USR4668,SPT1340562,2022-02-28,12628.55
TAX927855,USR8861,SPT1711240,2022-07-17,42718.32
TAX927856,USR391,SPT1673570,2023-09-22,32215.33
TAX927857,USR349,SPT161989,2022-03-18,46362.95
TAX927858,USR2823,SPT642777,2023-03-04,44274.56
TAX927859,USR9574,SPT813297,2023-05-11,11479.62
TAX927860,USR8711,SPT353160,2022-09-26,27081.92
TAX927861,USR4890,SPT37722,2022-08-04,10256.85
TAX927862,USR3229,SPT1073568,2023-05-06,2152.78
TAX927863,USR2143,SPT56752,2023-05-09,20626.64
TAX927864,USR9252,SPT1087546,2023-07-29,18876.61
TAX927865,USR9722,SPT1476140,2023-09-20,44634.5
TAX927866,USR2287,SPT512430,2023-11-20,5862.78
TAX927867,USR4624,SPT1696497,2022-08-22,23308.85
TAX927868,USR739,SPT1770708,2022-10-27,15869.32
TAX927869,USR2481,SPT1415946,2023-12-30,36816.98
TAX927870,USR8494,SPT1559245,2022-08-22,44199.21
TAX927871,USR102,SPT849675,2022-12-19,41031.99
TAX927872,USR8646,SPT1948001,2023-03-22,10741.31
TAX927873,USR8755,SPT910981,2023-06-07,9021.66
TAX927874,USR2663,SPT493948,2022-12-05,45395.83
TAX927875,USR3517,SPT1244391,2022-12-02,7980.64
TAX927876,USR770,SPT824816,2023-12-13,16762.81
TAX927877,USR4459,SPT1902298,2022-08-21,29599.59
TAX927878,USR6751,SPT838532,2022-11-15,12387.37
TAX927879,USR5702,SPT662451,2022-07-27,43380.44
TAX927880,USR1424,SPT352415,2023-01-01,38013.25
TAX927881,USR7071,SPT1314307,2023-01-07,22908.17
TAX927882,USR9764,SPT1744784,2024-01-01,33471.93
TAX927883,USR3001,SPT1852560,2023-01-21,37896.94
TAX927884,USR9402,SPT212129,2022-10-09,4955.91
TAX927885,USR2554,SPT447734,2023-07-11,12312.85
TAX927886,USR7335,SPT1404598,2022-06-11,12255.32
TAX927887,USR2531,SPT648761,2023-05-03,14786.47
TAX927888,USR9081,SPT1600291,2023-04-11,43757.53
TAX927889,USR674,SPT1205404,2023-08-11,23149.98
TAX927890,USR590,SPT313633,2022-03-30,15180.55
TAX927891,USR2920,SPT1074210,2022-10-04,19192.11
TAX927892,USR5969,SPT295299,2022-10-07,13470.24
TAX927893,USR1004,SPT1859584,2022-11-07,5407.95
TAX927894,USR6220,SPT996276,2022-03-20,15191.61
TAX927895,USR3140,SPT1913456,2022-09-13,12377.76
TAX927896,USR5361,SPT238744,2022-10-11,31537.59
TAX927897,USR7625,SPT390318,2022-04-22,49019.33
TAX927898,USR6247,SPT1430099,2023-06-11,35437.4
TAX927899,USR3432,SPT66867,2023-07-19,12861.23
TAX927900,USR5109,SPT1874966,2022-11-20,12262.43
TAX927901,USR5821,SPT894863,2023-09-18,24636.1
TAX927902,USR1203,SPT242067,2022-06-08,8831.92
TAX927903,USR8159,SPT1064544,2022-08-21,34753.09
TAX927904,USR1949,SPT575071,2022-04-01,11648.48
TAX927905,USR4637,SPT269691,2022-04-07,45147.4
TAX927906,USR7181,SPT1363200,2022-02-12,37219.48
TAX927907,USR3132,SPT64574,2023-12-28,28814.86
TAX927908,USR4967,SPT1216816,2023-05-20,33468.48
TAX927909,USR4470,SPT684002,2023-08-16,20814.81
TAX927910,USR1974,SPT550154,2024-01-20,8207.72
TAX927911,USR6008,SPT15714,2023-12-18,9153.9
TAX927912,USR5905,SPT548676,2023-10-24,39764.22
TAX927913,USR840,SPT413380,2023-10-16,17449.56
TAX927914,USR7042,SPT1519359,2023-03-23,6929.8
TAX927915,USR8815,SPT1785914,2022-10-07,7047.03
TAX927916,USR3897,SPT596696,2023-04-12,49646.53
TAX927917,USR8492,SPT1875957,2023-12-10,43136.8
TAX927918,USR9136,SPT830166,2023-04-16,5887.12
TAX927919,USR1934,SPT1641099,2023-10-29,17685.08
TAX927920,USR5139,SPT1386401,2023-08-16,38173.11
TAX927921,USR8316,SPT1467688,2023-06-23,21840.33
TAX927922,USR3939,SPT1975282,2023-01-23,37890.51
TAX927923,USR5125,SPT1368602,2022-06-04,16706.01
TAX927924,USR2917,SPT627463,2023-02-22,33804.16
TAX927925,USR4498,SPT361556,2022-04-10,46720.61
TAX927926,USR2516,SPT559246,2023-10-02,47583.0
TAX927927,USR980,SPT1844662,2022-08-16,33140.62
TAX927928,USR7951,SPT1665390,2023-09-11,28817.2
TAX927929,USR8321,SPT873093,2023-09-10,15552.37
TAX927930,USR4140,SPT514680,2022-12-23,36363.14
TAX927931,USR7694,SPT648166,2022-04-08,22440.18
TAX927932,USR3714,SPT62189,2023-09-24,49652.44
TAX927933,USR87,SPT1619278,2023-08-31,20212.63
TAX927934,USR2515,SPT1412104,2022-12-02,38924.08
TAX927935,USR540,SPT416338,2022-06-10,37152.43
TAX927936,USR3958,SPT103079,2023-02-07,26687.02
TAX927937,USR9029,SPT1701082,2022-11-05,48784.49
TAX927938,USR8935,SPT789044,2024-01-30,40660.96
TAX927939,USR8257,SPT112834,2022-02-13,38195.29
TAX927940,USR7732,SPT1875137,2023-03-15,8140.98
TAX927941,USR4811,SPT560000,2023-08-05,4318.9
TAX927942,USR6664,SPT357806,2022-04-17,27248.65
TAX927943,USR6819,SPT742266,2023-09-20,25655.65
TAX927944,USR5317,SPT60583,2022-07-29,17587.66
TAX927945,USR7916,SPT1694254,2024-01-05,1565.06
TAX927946,USR9631,SPT1056381,2022-05-26,20299.39
TAX927947,USR2124,SPT339589,2022-07-26,29353.58
TAX927948,USR9651,SPT440429,2023-12-22,19127.28
TAX927949,USR3881,SPT1700494,2023-05-20,37731.44
TAX927950,USR6299,SPT1623017,2022-07-21,27682.69
TAX927951,USR9762,SPT1744542,2023-02-24,4897.08
TAX927952,USR3717,SPT929173,2022-12-30,44228.46
TAX927953,USR5528,SPT187420,2023-01-07,40563.01
TAX927954,USR7667,SPT1963677,2022-09-05,25769.09
TAX927955,USR1827,SPT137509,2022-04-23,12217.95
TAX927956,USR3717,SPT768246,2024-01-26,40647.12
TAX927957,USR5527,SPT256620,2023-07-24,2685.22
TAX927958,USR4928,SPT175756,2022-07-05,11901.59
TAX927959,USR8305,SPT1326455,2024-01-07,40181.52
TAX927960,USR6098,SPT142793,2023-02-06,49799.22
TAX927961,USR235,SPT43256,2022-03-26,15537.18
TAX927962,USR549,SPT801847,2023-12-15,11915.89
TAX927963,USR1910,SPT1373187,2023-12-13,7192.48
TAX927964,USR2537,SPT914091,2022-12-30,29574.89
TAX927965,USR3802,SPT1184063,2022-12-19,48643.37
TAX927966,USR3773,SPT1829939,2022-08-24,11675.63
TAX927967,USR5770,SPT977451,2023-05-11,18733.63
TAX927968,USR5601,SPT279744,2022-12-26,29149.75
TAX927969,USR4358,SPT1724156,2022-10-23,27387.75
TAX927970,USR9047,SPT835864,2022-06-26,36267.84
TAX927971,USR1742,SPT474217,2022-04-16,31028.27
TAX927972,USR7807,SPT1683366,2023-04-28,18411.7
TAX927973,USR2814,SPT655065,2023-04-05,12796.37
TAX927974,USR6843,SPT596022,2022-09-30,15246.49
TAX927975,USR6720,SPT914391,2022-10-22,41705.63
TAX927976,USR4090,SPT425412,2022-04-03,33570.07
TAX927977,USR8581,SPT1504768,2023-01-18,17992.74
TAX927978,USR8948,SPT920893,2023-05-28,6824.98
TAX927979,USR4673,SPT1674942,2024-02-08,20420.33
TAX927980,USR8626,SPT1920732,2023-09-06,4973.49
TAX927981,USR6554,SPT1832086,2023-12-31,19159.1
TAX927982,USR8677,SPT1045544,2023-09-28,9985.14
TAX927983,USR2906,SPT1072830,2022-05-13,9964.79
TAX927984,USR9219,SPT1655282,2022-12-02,32023.56
TAX927985,USR3685,SPT1908942,2023-05-27,7723.02
TAX927986,USR5318,SPT635833,2022-11-01,13056.1
TAX927987,USR7689,SPT797086,2022-05-05,19891.03
TAX927988,USR2521,SPT1574964,2022-11-13,20805.55
TAX927989,USR1625,SPT501931,2023-08-18,5424.03
TAX927990,USR3306,SPT1297054,2023-12-12,46049.09
TAX927991,USR9829,SPT1901488,2023-06-10,44647.76
TAX927992,USR1985,SPT970958,2023-01-30,26107.69
TAX927993,USR4315,SPT357609,2023-11-08,17421.29
TAX927994,USR89,SPT1343166,2023-11-30,22760.58
TAX927995,USR8062,SPT894754,2024-02-06,41946.96
TAX927996,USR2254,SPT1119085,2023-04-02,2847.72
TAX927997,USR5080,SPT883275,2024-01-14,26126.02
TAX927998,USR8549,SPT705101,2023-10-27,39425.2
TAX927999,USR3712,SPT1949257,2023-02-27,7733.44
TAX928000,USR5627,SPT105685,2023-08-18,17274.1
TAX928001,USR6688,SPT833344,2022-07-30,12459.48
TAX928002,USR4909,SPT1781157,2022-06-15,10351.59
TAX928003,USR3592,SPT1323867,2022-07-06,8631.88
TAX928004,USR8878,SPT304646,2023-08-27,42279.47
TAX928005,USR3878,SPT183415,2023-06-02,46549.95
TAX928006,USR5574,SPT804898,2022-10-25,34347.8
TAX928007,USR5807,SPT1206506,2023-04-03,45222.93
TAX928008,USR8777,SPT1695830,2022-10-29,48189.0
TAX928009,USR2974,SPT644401,2022-11-15,10109.95
TAX928010,USR2046,SPT429778,2023-08-04,38709.27
TAX928011,USR6923,SPT1138231,2023-01-01,25136.27
TAX928012,USR4353,SPT622822,2022-12-13,28447.04
TAX928013,USR5087,SPT626313,2023-06-03,46925.22
TAX928014,USR7576,SPT1711430,2022-04-07,35648.98
TAX928015,USR289,SPT1361980,2022-04-29,35686.67
TAX928016,USR3029,SPT769883,2022-06-18,43181.28
TAX928017,USR7306,SPT1925874,2023-08-24,11169.52
TAX928018,USR5257,SPT1510952,2023-07-30,45182.98
TAX928019,USR9824,SPT578187,2023-11-21,41875.16
TAX928020,USR6350,SPT701304,2023-01-20,7674.02
TAX928021,USR3775,SPT658123,2024-02-01,45368.46
TAX928022,USR8928,SPT841634,2023-11-19,32621.06
TAX928023,USR3645,SPT1745172,2023-01-07,14312.97
TAX928024,USR8792,SPT1047146,2022-02-27,1629.91
TAX928025,USR5776,SPT809918,2022-05-29,3029.74
TAX928026,USR5828,SPT970554,2023-08-13,17267.31
TAX928027,USR2,SPT15445,2023-02-14,11996.44
TAX928028,USR6061,SPT1638548,2022-03-10,4601.99
TAX928029,USR5951,SPT854094,2023-11-11,1117.2
TAX928030,USR9029,SPT171113,2023-04-09,37779.34
TAX928031,USR4241,SPT1110093,2023-11-07,32551.11
TAX928032,USR1107,SPT454238,2022-07-11,27893.04
TAX928033,USR5073,SPT1632229,2023-12-24,29684.91
TAX928034,USR708,SPT1316285,2022-11-07,39872.45
TAX928035,USR7351,SPT1432092,2023-09-26,22621.54
TAX928036,USR3314,SPT1631503,2023-12-05,17822.74
TAX928037,USR7271,SPT36528,2022-11-04,17303.12
TAX928038,USR508,SPT418347,2022-05-10,10007.05
TAX928039,USR7014,SPT1318901,2022-07-13,34887.29
TAX928040,USR9744,SPT884226,2022-11-07,7284.29
TAX928041,USR6800,SPT577575,2024-01-25,28985.67
TAX928042,USR7268,SPT53468,2023-11-21,43658.25
TAX928043,USR2877,SPT186062,2023-04-17,4927.66
TAX928044,USR3985,SPT1435575,2022-04-13,20527.14
TAX928045,USR7725,SPT1618334,2023-05-03,48857.7
TAX928046,USR3360,SPT705597,2023-07-09,25100.22
TAX928047,USR2567,SPT419462,2023-04-19,29639.33
TAX928048,USR6907,SPT1521716,2022-08-15,43905.58
TAX928049,USR3558,SPT1613784,2022-11-28,32538.48
TAX928050,USR4897,SPT798259,2023-02-03,30607.32
TAX928051,USR7911,SPT1160745,2023-06-07,47745.95
TAX928052,USR9787,SPT106554,2023-01-11,33756.25
TAX928053,USR2110,SPT1015073,2023-10-26,26365.31
TAX928054,USR5615,SPT863062,2022-06-04,11659.92
TAX928055,USR3588,SPT846884,2023-12-30,10431.55
TAX928056,USR3199,SPT1366017,2022-11-30,39792.8
TAX928057,USR27,SPT769783,2022-10-27,12639.33
TAX928058,USR2369,SPT835524,2022-04-23,39954.53
TAX928059,USR8314,SPT1732592,2022-11-28,33093.46
TAX928060,USR5558,SPT754377,2023-04-03,8097.37
TAX928061,USR3845,SPT315351,2022-09-16,41626.67
TAX928062,USR1829,SPT594746,2023-11-16,2988.4
TAX928063,USR6698,SPT448290,2022-08-05,18520.2
TAX928064,USR5358,SPT241407,2022-04-05,45636.22
TAX928065,USR1983,SPT1314008,2022-05-12,17656.67
TAX928066,USR4311,SPT10073,2023-08-15,33296.66
TAX928067,USR7354,SPT1048329,2023-12-23,17579.91
TAX928068,USR5461,SPT1824511,2022-06-02,41653.34
TAX928069,USR6897,SPT1540931,2022-10-07,9034.55
TAX928070,USR6917,SPT648881,2023-03-08,39741.48
TAX928071,USR143,SPT1354966,2022-09-20,38900.51
TAX928072,USR4798,SPT106923,2022-04-10,23145.13
TAX928073,USR718,SPT1580269,2022-05-23,17573.7
TAX928074,USR2237,SPT355552,2023-12-20,24269.67
TAX928075,USR9032,SPT315985,2023-07-05,21968.81
TAX928076,USR2501,SPT1287600,2022-08-18,17731.11
TAX928077,USR8278,SPT316507,2023-09-08,35790.15
TAX928078,USR8897,SPT84758,2023-12-26,41295.32
TAX928079,USR690,SPT1064359,2022-07-24,10147.96
TAX928080,USR6891,SPT296100,2022-03-29,22206.73
TAX928081,USR6991,SPT1774753,2022-04-03,25770.64
TAX928082,USR5905,SPT576809,2023-01-14,11593.17
TAX928083,USR4164,SPT1750321,2022-11-27,18045.85
TAX928084,USR7437,SPT1952915,2023-08-17,10255.8
TAX928085,USR6710,SPT950876,2023-11-24,9812.24
TAX928086,USR4815,SPT1111675,2022-04-28,22402.27
TAX928087,USR1546,SPT1750620,2022-06-23,44767.48
TAX928088,USR1540,SPT16879,2022-04-05,16264.77
TAX928089,USR929,SPT1378168,2023-08-22,9044.19
TAX928090,USR9956,SPT48581,2023-03-28,5675.21
TAX928091,USR8734,SPT765832,2023-11-13,39052.49
TAX928092,USR209,SPT314031,2023-04-14,19662.38
TAX928093,USR7262,SPT702772,2024-01-26,9911.12
TAX928094,USR1409,SPT535836,2022-11-19,15770.62
TAX928095,USR2868,SPT1540639,2022-04-12,32909.36
TAX928096,USR5191,SPT1243412,2022-04-14,37128.54
TAX928097,USR6798,SPT636277,2023-04-29,26543.85
TAX928098,USR1097,SPT1988033,2023-03-16,3691.4
TAX928099,USR6598,SPT543447,2023-03-26,9959.33
TAX928100,USR9988,SPT1532971,2023-11-04,23647.12
TAX928101,USR5378,SPT310799,2023-12-03,38092.89
TAX928102,USR1187,SPT924907,2022-02-09,25628.5
TAX928103,USR4179,SPT1052496,2024-01-01,1632.87
TAX928104,USR7560,SPT1440522,2022-05-15,29397.41
TAX928105,USR6906,SPT1086863,2022-02-15,29553.98
TAX928106,USR7319,SPT1730472,2022-04-29,12538.42
TAX928107,USR8043,SPT89968,2022-05-09,47126.25
TAX928108,USR2390,SPT1837386,2022-06-12,11886.07
TAX928109,USR9268,SPT1239286,2023-07-25,41007.72
TAX928110,USR2041,SPT1074382,2023-10-21,19457.23
TAX928111,USR6983,SPT132602,2022-09-09,9023.15
TAX928112,USR4833,SPT1978392,2024-01-14,31824.44
TAX928113,USR6310,SPT978278,2023-03-03,18173.06
TAX928114,USR8698,SPT707694,2022-05-21,34079.3
TAX928115,USR6753,SPT708030,2022-12-19,13341.43
TAX928116,USR2776,SPT488304,2022-06-12,29560.71
TAX928117,USR9919,SPT855187,2023-11-01,21613.84
TAX928118,USR883,SPT1313404,2023-11-12,47991.13
TAX928119,USR3279,SPT1086435,2022-11-07,46249.84
TAX928120,USR1971,SPT52498,2023-07-18,47552.1
TAX928121,USR7462,SPT1790259,2022-05-28,31061.68
TAX928122,USR425,SPT1597514,2023-01-03,16443.96
TAX928123,USR8167,SPT184662,2022-03-16,22892.68
TAX928124,USR6272,SPT1182257,2022-04-05,27509.05
TAX928125,USR9838,SPT1815706,2022-05-08,21826.68
TAX928126,USR5365,SPT946116,2023-02-16,14830.82
TAX928127,USR1110,SPT817755,2022-12-23,12524.49
TAX928128,USR371,SPT1544785,2023-03-31,33008.7
TAX928129,USR9085,SPT1577660,2023-09-02,10215.39
TAX928130,USR1800,SPT1545898,2022-12-17,8680.42
TAX928131,USR7161,SPT1941721,2023-12-05,5265.52
TAX928132,USR3389,SPT880984,2022-03-24,1821.09
TAX928133,USR8085,SPT1921388,2023-07-19,9766.86
TAX928134,USR7638,SPT1381826,2022-12-24,31666.13
TAX928135,USR5360,SPT1838388,2022-12-24,42711.49
TAX928136,USR5663,SPT72321,2022-05-03,47385.0
TAX928137,USR5052,SPT1013919,2023-07-16,41261.66
TAX928138,USR4498,SPT74729,2022-05-05,5339.16
TAX928139,USR4052,SPT1293235,2023-10-22,38412.14
TAX928140,USR9462,SPT111472,2022-05-03,14122.14
TAX928141,USR800,SPT673146,2022-09-27,7409.61
TAX928142,USR5353,SPT1909076,2022-03-13,34212.69
TAX928143,USR3456,SPT110535,2024-01-28,34507.02
TAX928144,USR9276,SPT1837254,2023-05-09,20569.85
TAX928145,USR6629,SPT412568,2022-08-18,35639.56
TAX928146,USR4888,SPT403116,2024-01-19,12211.38
TAX928147,USR9937,SPT1310353,2023-11-12,11503.12
TAX928148,USR3556,SPT2709,2022-10-18,31526.44
TAX928149,USR6278,SPT657516,2022-04-01,18812.08
TAX928150,USR6200,SPT1787458,2024-01-30,30898.47
TAX928151,USR5655,SPT1447782,2022-08-17,19887.02
TAX928152,USR4749,SPT991240,2024-02-07,18389.22
TAX928153,USR1823,SPT18137,2022-08-18,37273.08
TAX928154,USR2853,SPT1134896,2023-11-15,39520.44
TAX928155,USR7449,SPT1643671,2023-03-03,10602.08
TAX928156,USR3538,SPT1374770,2022-08-12,11003.82
TAX928157,USR7674,SPT933121,2024-01-08,37252.78
TAX928158,USR7482,SPT1017855,2022-12-13,43679.65
TAX928159,USR1222,SPT599706,2022-05-19,49081.14
TAX928160,USR5941,SPT816033,2023-06-29,46800.71
TAX928161,USR6592,SPT594909,2022-07-16,22917.95
TAX928162,USR9504,SPT79578,2022-05-15,6851.09
TAX928163,USR7570,SPT1799319,2022-12-19,47272.29
TAX928164,USR9951,SPT907876,2023-04-03,8151.49
TAX928165,USR6004,SPT224312,2022-11-12,8617.76
TAX928166,USR7558,SPT1967248,2023-07-27,18062.59
TAX928167,USR4732,SPT1377608,2023-05-30,31752.81
TAX928168,USR3746,SPT1844860,2022-07-21,43539.67
TAX928169,USR6723,SPT1322591,2022-11-07,7871.48
TAX928170,USR9261,SPT550916,2023-11-19,18831.87
TAX928171,USR2273,SPT640423,2023-03-09,2753.29
TAX928172,USR6166,SPT1487253,2023-08-22,43621.66
TAX928173,USR8808,SPT1892182,2023-09-07,24262.17
TAX928174,USR2960,SPT528642,2022-03-06,31920.46
TAX928175,USR158,SPT990634,2022-06-28,8413.03
TAX928176,USR4617,SPT473955,2023-04-18,47901.46
TAX928177,USR3265,SPT1697751,2022-10-15,22806.53
TAX928178,USR2558,SPT413911,2023-10-08,15928.96
TAX928179,USR6841,SPT1896819,2022-04-08,31830.62
TAX928180,USR1655,SPT600985,2022-12-24,7013.47
TAX928181,USR3062,SPT333304,2022-08-30,45366.54
TAX928182,USR4212,SPT1269173,2023-12-10,32197.94
TAX928183,USR4325,SPT554258,2023-05-21,1306.72
TAX928184,USR4820,SPT332673,2022-11-11,24948.08
TAX928185,USR7735,SPT992540,2023-08-21,17480.72
TAX928186,USR301,SPT1717839,2022-08-02,24435.87
TAX928187,USR9294,SPT1484589,2022-05-03,1684.35
TAX928188,USR3866,SPT251774,2023-07-12,1849.48
TAX928189,USR3019,SPT1921668,2022-03-18,14668.12
TAX928190,USR9222,SPT1324285,2023-01-30,38160.13
TAX928191,USR8117,SPT1940049,2023-11-17,18986.78
TAX928192,USR1901,SPT187000,2023-05-03,16812.63
TAX928193,USR7677,SPT1164016,2022-08-15,48020.0
TAX928194,USR9640,SPT296596,2023-01-11,17885.75
TAX928195,USR8807,SPT1523607,2023-11-06,38682.81
TAX928196,USR6184,SPT1422452,2023-08-27,22082.22
TAX928197,USR4243,SPT1899875,2023-06-30,36907.37
TAX928198,USR4697,SPT357850,2023-11-15,45899.47
TAX928199,USR3117,SPT1135732,2023-07-30,37432.4
TAX928200,USR6857,SPT306742,2022-12-19,4290.64
TAX928201,USR7533,SPT270264,2023-11-30,4535.76
TAX928202,USR3925,SPT22785,2022-06-06,39751.85
TAX928203,USR8724,SPT1947895,2022-12-24,13007.26
TAX928204,USR7861,SPT1411046,2022-05-31,44949.88
TAX928205,USR9330,SPT375558,2022-06-23,30078.97
TAX928206,USR2462,SPT210171,2023-04-28,23354.36
TAX928207,USR8994,SPT1635411,2022-08-03,33577.85
TAX928208,USR9068,SPT1477918,2022-10-14,7124.91
TAX928209,USR5065,SPT1246131,2022-12-01,47669.86
TAX928210,USR2400,SPT563551,2022-04-24,19912.53
TAX928211,USR4493,SPT10645,2024-01-17,49006.64
TAX928212,USR7372,SPT1409594,2022-02-14,34241.35
TAX928213,USR6649,SPT316945,2022-06-30,24864.54
TAX928214,USR6228,SPT1396698,2023-07-26,45055.93
TAX928215,USR6626,SPT462398,2023-08-27,41034.64
TAX928216,USR8644,SPT1886573,2023-08-20,47467.38
TAX928217,USR9025,SPT966252,2023-02-26,17590.19
TAX928218,USR8521,SPT453241,2022-07-21,17913.7
TAX928219,USR7192,SPT329994,2022-08-04,17444.89
TAX928220,USR3696,SPT1207223,2022-08-26,19999.45
TAX928221,USR9245,SPT1049599,2022-10-02,28392.65
TAX928222,USR7432,SPT1528927,2023-12-09,24613.56
TAX928223,USR4916,SPT976608,2022-02-16,33270.18
TAX928224,USR2818,SPT452117,2022-07-26,42558.41
TAX928225,USR9228,SPT1753344,2023-02-03,38770.42
TAX928226,USR591,SPT1085614,2022-07-07,47395.71
TAX928227,USR6608,SPT1401431,2022-06-08,8138.53
TAX928228,USR1731,SPT1708814,2022-12-10,17395.05
TAX928229,USR69,SPT1094745,2022-03-14,5184.82
TAX928230,USR2041,SPT1723765,2023-11-28,49416.34
TAX928231,USR1333,SPT143479,2022-02-23,11373.36
TAX928232,USR8625,SPT1272670,2022-09-06,6513.62
TAX928233,USR4403,SPT1216906,2022-10-12,1933.98
TAX928234,USR5688,SPT1224239,2022-12-12,6150.54
TAX928235,USR6136,SPT282511,2022-10-06,29012.09
TAX928236,USR6211,SPT1234165,2024-01-06,22800.23
TAX928237,USR3162,SPT620964,2023-12-06,49707.45
TAX928238,USR6088,SPT1043631,2022-11-01,4044.89
TAX928239,USR9065,SPT732630,2023-07-18,11163.24
TAX928240,USR1231,SPT617537,2022-10-29,8298.51
TAX928241,USR6993,SPT168517,2022-02-20,30013.65
TAX928242,USR2135,SPT470532,2022-09-26,22710.44
TAX928243,USR3522,SPT427931,2022-11-11,24835.0
TAX928244,USR8395,SPT291651,2022-07-22,45936.26
TAX928245,USR1941,SPT1955603,2022-04-09,12711.67
TAX928246,USR8967,SPT370551,2022-10-20,48424.65
TAX928247,USR9374,SPT1407456,2022-07-14,4329.39
TAX928248,USR2091,SPT1386061,2022-08-03,17333.67
TAX928249,USR5032,SPT1732367,2023-03-24,27127.89
TAX928250,USR8632,SPT1030982,2022-03-24,13666.71
TAX928251,USR2183,SPT1251395,2024-01-05,46833.58
TAX928252,USR6168,SPT1988279,2022-05-29,39267.64
TAX928253,USR9290,SPT1709412,2023-10-13,22243.16
TAX928254,USR6104,SPT655037,2023-09-16,29477.56
TAX928255,USR3515,SPT347991,2024-01-19,43692.73
TAX928256,USR8668,SPT318964,2022-07-17,32300.76
TAX928257,USR8812,SPT626165,2024-01-20,44733.74
TAX928258,USR4505,SPT1649999,2022-06-07,34661.34
TAX928259,USR3942,SPT1128225,2023-06-22,21719.14
TAX928260,USR8613,SPT342137,2023-07-04,11784.6
TAX928261,USR2268,SPT535014,2023-12-04,14189.51
TAX928262,USR7145,SPT1645905,2022-05-13,8780.25
TAX928263,USR5750,SPT1767753,2022-11-29,46750.14
TAX928264,USR8893,SPT1723387,2023-10-04,4214.92
TAX928265,USR8383,SPT576346,2022-08-22,16995.68
TAX928266,USR2056,SPT1761244,2022-04-18,24043.82
TAX928267,USR8861,SPT1605179,2023-05-06,49688.64
TAX928268,USR9811,SPT519152,2023-11-27,40596.78
TAX928269,USR2195,SPT672615,2022-12-24,38302.81
TAX928270,USR302,SPT1763992,2022-06-21,27759.01
TAX928271,USR4059,SPT1788025,2022-10-31,40931.49
TAX928272,USR3079,SPT1019879,2023-04-24,6469.14
TAX928273,USR1608,SPT173244,2023-05-22,8425.31
TAX928274,USR8223,SPT667459,2023-03-25,5924.87
TAX928275,USR6011,SPT716371,2023-02-11,10924.48
TAX928276,USR6391,SPT1343987,2024-01-27,7929.92
TAX928277,USR4654,SPT1985613,2022-12-28,7705.34
TAX928278,USR1860,SPT495003,2023-03-29,3098.74
TAX928279,USR6610,SPT589830,2022-07-06,36424.09
TAX928280,USR5263,SPT1417213,2023-05-09,35252.67
TAX928281,USR3055,SPT22053,2024-01-05,39096.32
TAX928282,USR8344,SPT733895,2023-01-10,23053.76
TAX928283,USR5319,SPT1961942,2023-08-09,27023.95
TAX928284,USR3332,SPT843416,2024-01-25,24982.83
TAX928285,USR5599,SPT904563,2023-08-02,11070.44
TAX928286,USR6118,SPT1460687,2023-05-24,4573.17
TAX928287,USR4434,SPT1794539,2023-12-29,14040.59
TAX928288,USR5978,SPT1148344,2023-12-23,17862.11
TAX928289,USR8503,SPT959551,2022-05-09,44845.42
TAX928290,USR3047,SPT212899,2023-03-11,35803.46
TAX928291,USR7267,SPT222582,2023-01-07,15715.57
TAX928292,USR999,SPT493110,2022-11-15,48164.5
TAX928293,USR4198,SPT1985637,2022-06-20,37960.72
TAX928294,USR6002,SPT1820111,2023-06-28,9608.45
TAX928295,USR5926,SPT970743,2022-08-31,32290.28
TAX928296,USR8033,SPT1547409,2022-10-31,27386.96
TAX928297,USR571,SPT1611088,2024-01-14,9442.91
TAX928298,USR9406,SPT317320,2022-02-12,24347.17
TAX928299,USR1842,SPT917685,2023-11-21,48508.89
TAX928300,USR9994,SPT1382172,2023-09-26,17017.7
TAX928301,USR3876,SPT246259,2022-05-08,5693.38
TAX928302,USR3201,SPT1846141,2022-11-25,39360.94
TAX928303,USR23,SPT1386710,2023-12-23,42942.41
TAX928304,USR363,SPT1742759,2023-05-17,6155.16
TAX928305,USR7070,SPT423326,2023-05-12,39168.29
TAX928306,USR503,SPT158262,2023-07-27,11258.26
TAX928307,USR425,SPT575764,2023-01-07,18180.11
TAX928308,USR4597,SPT647014,2022-03-12,45519.0
TAX928309,USR4866,SPT705641,2022-08-15,6933.74
TAX928310,USR3067,SPT1434522,2023-11-09,12646.87
TAX928311,USR6944,SPT1263028,2023-04-23,22485.51
TAX928312,USR1886,SPT396343,2022-10-22,13980.74
TAX928313,USR5506,SPT898012,2022-05-06,31883.07
TAX928314,USR3685,SPT1513470,2022-10-20,7756.63
TAX928315,USR33,SPT34070,2022-08-28,26339.53
TAX928316,USR9228,SPT929447,2022-07-29,39827.85
TAX928317,USR7034,SPT1114288,2022-10-03,4090.09
TAX928318,USR294,SPT175246,2023-01-18,38561.19
TAX928319,USR868,SPT936279,2023-04-08,19720.54
TAX928320,USR2109,SPT1446849,2022-12-16,21577.7
TAX928321,USR1384,SPT1632458,2022-12-04,18304.83
TAX928322,USR5134,SPT83964,2022-11-09,48780.96
TAX928323,USR1575,SPT220158,2023-08-28,16916.05
TAX928324,USR6659,SPT837298,2023-04-14,12937.8
TAX928325,USR2848,SPT117142,2022-06-26,5027.05
TAX928326,USR5542,SPT543488,2024-01-30,49518.28
TAX928327,USR1066,SPT1136271,2022-07-01,12900.6
TAX928328,USR9414,SPT946095,2022-04-21,30170.52
TAX928329,USR4798,SPT262684,2023-01-05,4274.26
TAX928330,USR3068,SPT1609105,2023-10-14,42534.43
TAX928331,USR3487,SPT256703,2023-03-23,31467.98
TAX928332,USR1864,SPT493243,2023-03-19,23459.76
TAX928333,USR6004,SPT612863,2022-12-30,4040.17
TAX928334,USR6295,SPT421348,2023-11-05,37303.04
TAX928335,USR9801,SPT1317512,2022-03-05,23774.87
TAX928336,USR617,SPT212237,2023-07-11,18251.87
TAX928337,USR4305,SPT964140,2023-02-02,21001.88
TAX928338,USR1243,SPT140518,2022-09-29,5886.83
TAX928339,USR4188,SPT1613969,2023-01-02,17722.75
TAX928340,USR2594,SPT1231607,2023-03-28,21063.9
TAX928341,USR5028,SPT739281,2022-03-01,34492.65
TAX928342,USR2359,SPT320801,2023-11-06,17137.22
TAX928343,USR9481,SPT1288361,2023-06-24,22778.37
TAX928344,USR114,SPT993265,2022-10-08,22167.97
TAX928345,USR9260,SPT1420366,2022-05-21,23819.33
TAX928346,USR2828,SPT312994,2022-09-09,21712.62
TAX928347,USR2649,SPT110834,2023-06-09,11105.95
TAX928348,USR70,SPT1082940,2023-03-03,3566.92
TAX928349,USR9673,SPT975949,2022-11-14,11106.57
TAX928350,USR4336,SPT1154015,2024-01-04,19269.78
TAX928351,USR9803,SPT1387375,2023-08-01,29569.73
TAX928352,USR3849,SPT1374264,2022-02-21,34537.59
TAX928353,USR1997,SPT1288549,2023-11-15,27456.32
TAX928354,USR8441,SPT876364,2023-01-19,22584.89
TAX928355,USR9792,SPT1824162,2022-07-04,44174.57
TAX928356,USR2779,SPT1438708,2022-06-13,38187.85
TAX928357,USR8880,SPT835335,2023-02-25,28808.73
TAX928358,USR6720,SPT1952795,2024-01-25,31256.75
TAX928359,USR4166,SPT578213,2023-11-03,17606.14
TAX928360,USR5779,SPT1271648,2022-12-30,35002.59
TAX928361,USR1552,SPT1230875,2023-02-11,9516.56
TAX928362,USR3354,SPT281569,2022-08-28,9256.03
TAX928363,USR7588,SPT752922,2023-12-04,5673.95
TAX928364,USR3746,SPT555183,2023-08-05,6842.27
TAX928365,USR7123,SPT1079195,2023-11-25,27724.09
TAX928366,USR8212,SPT46556,2022-06-08,26620.46
TAX928367,USR5146,SPT312135,2022-04-13,31795.27
TAX928368,USR6869,SPT345679,2022-09-08,3293.33
TAX928369,USR9426,SPT82991,2023-07-03,2158.77
TAX928370,USR7501,SPT1500408,2023-07-31,29350.97
TAX928371,USR4921,SPT725223,2023-03-27,49178.13
TAX928372,USR2565,SPT590484,2022-11-09,49598.45
TAX928373,USR2759,SPT1448622,2022-04-28,12607.87
TAX928374,USR6092,SPT783563,2024-01-24,31242.6
TAX928375,USR5102,SPT1256651,2023-05-30,41195.53
TAX928376,USR3381,SPT916466,2023-03-06,46753.97
TAX928377,USR4342,SPT1116433,2022-04-10,3909.1
TAX928378,USR6236,SPT1311168,2022-05-20,1572.45
TAX928379,USR6435,SPT1561934,2022-10-19,43318.26
TAX928380,USR6581,SPT1147923,2022-11-09,14237.51
TAX928381,USR1610,SPT1462875,2022-08-01,19601.38
TAX928382,USR1612,SPT83804,2023-08-28,18767.13
TAX928383,USR9597,SPT395189,2022-04-07,24250.53
TAX928384,USR3584,SPT1130576,2023-09-26,2484.61
TAX928385,USR8364,SPT863105,2024-02-05,29186.19
TAX928386,USR1844,SPT963801,2023-06-12,20248.36
TAX928387,USR7460,SPT723813,2023-01-09,11306.52
TAX928388,USR7409,SPT86322,2022-08-26,35604.54
TAX928389,USR9157,SPT1553886,2023-06-13,34719.46
TAX928390,USR907,SPT1333889,2022-07-02,11240.13
TAX928391,USR6395,SPT1438579,2023-12-12,21481.38
TAX928392,USR4654,SPT1496487,2023-07-17,21539.57
TAX928393,USR9327,SPT428177,2023-01-11,35157.7
TAX928394,USR151,SPT1656841,2022-10-19,34787.95
TAX928395,USR1133,SPT1406472,2023-04-13,22093.55
TAX928396,USR6231,SPT771013,2022-02-09,23110.77
TAX928397,USR8271,SPT1096150,2022-06-27,5587.41
TAX928398,USR1489,SPT1147948,2023-06-15,27941.37
TAX928399,USR2655,SPT1093064,2023-04-30,29515.03
TAX928400,USR6275,SPT1259140,2022-06-15,19881.09
TAX928401,USR1336,SPT927701,2024-01-03,11409.81
TAX928402,USR3991,SPT456413,2022-07-26,7260.85
TAX928403,USR2978,SPT85908,2024-01-24,18713.34
TAX928404,USR7375,SPT637551,2023-07-05,40536.85
TAX928405,USR2983,SPT444436,2024-01-09,24680.16
TAX928406,USR3971,SPT1162842,2024-01-07,7964.09
TAX928407,USR4419,SPT593333,2022-11-20,8149.41
TAX928408,USR9896,SPT789094,2022-05-17,1490.25
TAX928409,USR5899,SPT938792,2024-01-01,32592.16
TAX928410,USR6518,SPT1204029,2022-10-20,35604.97
TAX928411,USR5133,SPT656202,2023-06-01,10368.87
TAX928412,USR6518,SPT998560,2023-01-03,6620.4
TAX928413,USR7828,SPT822459,2023-01-04,1296.34
TAX928414,USR741,SPT1454801,2023-11-08,29452.4
TAX928415,USR3249,SPT1121154,2023-04-26,42299.46
TAX928416,USR3472,SPT1022281,2022-10-17,48821.32
TAX928417,USR7788,SPT1924249,2022-07-30,47437.34
TAX928418,USR1720,SPT1724756,2024-02-01,9060.26
TAX928419,USR8523,SPT745815,2023-10-03,40408.19
TAX928420,USR7630,SPT627055,2022-12-14,14518.98
TAX928421,USR3751,SPT1179227,2023-09-06,46046.41
TAX928422,USR3099,SPT1845111,2023-04-29,11361.22
TAX928423,USR5715,SPT1128748,2023-05-21,30568.92
TAX928424,USR7823,SPT915479,2022-10-23,39983.4
TAX928425,USR6681,SPT837469,2023-03-20,8251.94
TAX928426,USR9680,SPT983577,2022-11-24,10159.16
TAX928427,USR7845,SPT1571819,2023-04-04,43181.1
TAX928428,USR1098,SPT385180,2023-07-17,6386.16
TAX928429,USR958,SPT201919,2022-07-15,13801.29
TAX928430,USR7525,SPT564643,2023-01-02,28745.2
TAX928431,USR5537,SPT611682,2023-06-26,4831.07
TAX928432,USR1457,SPT960566,2022-05-06,8677.03
TAX928433,USR8409,SPT1303892,2023-08-03,42971.54
TAX928434,USR4900,SPT1651498,2022-08-09,31905.12
TAX928435,USR416,SPT1317235,2022-08-25,14751.28
TAX928436,USR1042,SPT472523,2022-02-18,39584.53
TAX928437,USR3531,SPT493593,2023-05-02,27230.91
TAX928438,USR4155,SPT1651676,2022-06-13,4689.42
TAX928439,USR8549,SPT296191,2022-02-17,7575.92
TAX928440,USR4623,SPT237150,2022-08-22,45749.9
TAX928441,USR116,SPT1750311,2023-09-20,11692.11
TAX928442,USR6807,SPT622944,2023-03-17,41310.14
TAX928443,USR129,SPT275835,2022-05-25,43442.88
TAX928444,USR9563,SPT673078,2023-10-31,43067.88
TAX928445,USR9257,SPT1793837,2023-02-20,15201.7
TAX928446,USR1017,SPT1404525,2023-09-16,4318.25
TAX928447,USR3131,SPT1854955,2022-12-26,19980.31
TAX928448,USR7615,SPT1545151,2023-05-21,33832.81
TAX928449,USR3833,SPT913820,2022-09-21,48576.68
TAX928450,USR8204,SPT1042289,2022-11-02,35991.73
TAX928451,USR7462,SPT382251,2022-09-06,32950.07
TAX928452,USR1767,SPT677221,2022-08-06,33190.49
TAX928453,USR5359,SPT779017,2022-10-23,42904.06
TAX928454,USR1605,SPT1594248,2023-04-10,47111.73
TAX928455,USR6620,SPT1961064,2024-01-01,33330.43
TAX928456,USR9344,SPT1269829,2023-03-04,23865.15
TAX928457,USR5983,SPT651286,2022-04-01,30335.55
TAX928458,USR7733,SPT790623,2024-01-21,30419.44
TAX928459,USR3812,SPT1789933,2023-08-02,45004.74
TAX928460,USR2774,SPT1907393,2022-02-25,45564.71
TAX928461,USR3964,SPT1687690,2022-05-29,49987.86
TAX928462,USR3732,SPT1151346,2022-05-16,26373.92
TAX928463,USR4351,SPT1228597,2022-10-28,16723.96
TAX928464,USR3804,SPT333398,2023-05-22,14981.65
TAX928465,USR5451,SPT523483,2023-08-22,28522.64
TAX928466,USR8136,SPT1524281,2022-06-14,15770.54
TAX928467,USR7266,SPT831904,2022-03-16,41705.21
TAX928468,USR2806,SPT1782371,2023-01-13,49118.26
TAX928469,USR4577,SPT26854,2023-04-02,48747.3
TAX928470,USR465,SPT1901816,2022-07-01,19056.51
TAX928471,USR5536,SPT521394,2023-06-01,36208.19
TAX928472,USR2598,SPT315981,2022-03-23,13581.53
TAX928473,USR6363,SPT69666,2023-05-23,43794.53
TAX928474,USR7815,SPT876935,2023-10-29,28988.9
TAX928475,USR902,SPT1346180,2023-05-19,20330.61
TAX928476,USR3662,SPT706194,2024-01-23,30983.79
TAX928477,USR2954,SPT1147927,2023-11-12,8947.27
TAX928478,USR3027,SPT619726,2022-06-16,37942.65
TAX928479,USR3303,SPT1737534,2023-07-27,39956.74
TAX928480,USR2277,SPT978453,2023-06-22,25123.83
TAX928481,USR46,SPT1197039,2022-07-19,17407.63
TAX928482,USR5744,SPT1803817,2023-08-05,24628.06
TAX928483,USR9090,SPT4117,2023-03-04,48800.53
TAX928484,USR8226,SPT567234,2022-04-08,46171.78
TAX928485,USR7917,SPT131581,2022-10-08,14524.47
TAX928486,USR4454,SPT47878,2023-03-17,29064.65
TAX928487,USR4876,SPT699152,2023-09-13,16559.32
TAX928488,USR4573,SPT373957,2024-01-23,4724.31
TAX928489,USR7569,SPT810519,2024-01-10,29779.57
TAX928490,USR6682,SPT1404976,2022-03-28,7246.55
TAX928491,USR5296,SPT274837,2022-06-07,21262.54
TAX928492,USR2818,SPT1450922,2023-09-29,8227.61
TAX928493,USR4872,SPT140677,2022-04-04,43514.74
TAX928494,USR1020,SPT277558,2023-02-02,7412.13
TAX928495,USR2322,SPT663019,2023-03-29,42857.25
TAX928496,USR9481,SPT1704622,2023-05-19,37514.84
TAX928497,USR9018,SPT1944228,2023-11-18,10646.7
TAX928498,USR1751,SPT1866573,2022-09-25,9155.97
TAX928499,USR8687,SPT212953,2022-10-27,17078.22
TAX928500,USR9619,SPT1155172,2023-03-17,24684.39
TAX928501,USR9584,SPT271861,2022-06-04,11204.99
TAX928502,USR6319,SPT1056495,2022-11-06,36315.0
TAX928503,USR2886,SPT901469,2022-12-22,28012.37
TAX928504,USR4357,SPT1589280,2023-03-09,12273.6
TAX928505,USR689,SPT102790,2022-05-04,25711.97
TAX928506,USR205,SPT1623606,2022-12-08,26052.21
TAX928507,USR9315,SPT1126221,2022-03-05,16908.7
TAX928508,USR476,SPT272847,2023-12-03,3040.79
TAX928509,USR9670,SPT183503,2022-06-14,19503.83
TAX928510,USR9959,SPT1135064,2022-07-13,37091.14
TAX928511,USR8497,SPT252025,2023-06-23,14754.84
TAX928512,USR6391,SPT100403,2022-10-17,36451.04
TAX928513,USR9267,SPT1894831,2023-10-01,34881.81
TAX928514,USR4103,SPT1595526,2023-01-03,31379.44
TAX928515,USR4376,SPT740336,2023-08-20,25987.9
TAX928516,USR5791,SPT212731,2022-10-13,46611.8
TAX928517,USR7544,SPT1159318,2023-03-23,46272.05
TAX928518,USR5900,SPT1074715,2022-04-20,40755.91
TAX928519,USR6262,SPT468592,2022-11-03,26700.26
TAX928520,USR2258,SPT1479405,2023-01-05,37451.69
TAX928521,USR5158,SPT479460,2023-07-20,31226.72
TAX928522,USR4312,SPT957400,2023-07-20,14985.65
TAX928523,USR4666,SPT1889332,2023-12-05,23844.24
TAX928524,USR5903,SPT1593474,2022-09-25,4730.75
TAX928525,USR483,SPT1437672,2023-03-11,15892.28
TAX928526,USR6177,SPT1675259,2022-10-26,41815.93
TAX928527,USR1742,SPT1841779,2022-02-10,38271.74
TAX928528,USR9930,SPT296740,2022-04-05,47757.44
TAX928529,USR4498,SPT1790668,2023-11-15,48192.31
TAX928530,USR6259,SPT765296,2022-10-06,35012.75
TAX928531,USR8049,SPT1770728,2023-11-14,45925.22
TAX928532,USR3725,SPT1769676,2022-11-06,19873.64
TAX928533,USR4538,SPT484604,2022-11-04,30307.56
TAX928534,USR8578,SPT1188494,2023-06-22,30420.54
TAX928535,USR3070,SPT1382606,2023-05-15,29093.65
TAX928536,USR1354,SPT142922,2022-12-14,42147.59
TAX928537,USR6307,SPT487440,2022-04-12,46697.73
TAX928538,USR935,SPT1628381,2022-03-16,3341.75
TAX928539,USR6014,SPT871157,2023-11-06,38973.9
TAX928540,USR8349,SPT1009299,2022-12-30,33158.68
TAX928541,USR1720,SPT48864,2022-03-14,31499.89
TAX928542,USR8718,SPT1451148,2023-11-10,5925.36
TAX928543,USR8313,SPT656643,2022-09-11,13492.33
TAX928544,USR7107,SPT252323,2023-02-07,49812.01
TAX928545,USR4599,SPT71861,2022-09-12,40744.18
TAX928546,USR1285,SPT1620421,2023-03-15,41321.7
TAX928547,USR3319,SPT186415,2022-04-05,9440.51
TAX928548,USR9261,SPT563125,2022-08-03,18390.95
TAX928549,USR8547,SPT480500,2024-01-14,47372.33
TAX928550,USR3060,SPT938657,2022-09-13,27087.2
TAX928551,USR4851,SPT1209414,2023-11-16,44619.84
TAX928552,USR8867,SPT1543079,2023-09-03,25208.86
TAX928553,USR8277,SPT1359447,2022-05-20,44729.93
TAX928554,USR277,SPT1499,2022-10-07,31239.89
TAX928555,USR3144,SPT1829278,2022-10-30,17391.28
TAX928556,USR2664,SPT293664,2023-08-22,18628.37
TAX928557,USR883,SPT28803,2023-03-07,49971.27
TAX928558,USR4643,SPT1657987,2023-08-09,46260.18
TAX928559,USR9692,SPT1570875,2022-07-11,45063.78
TAX928560,USR6234,SPT327118,2022-09-09,1268.35
TAX928561,USR2039,SPT1764725,2023-10-02,22391.77
TAX928562,USR2944,SPT1087402,2022-02-20,3928.73
TAX928563,USR6193,SPT121222,2023-02-03,29689.47
TAX928564,USR9148,SPT419600,2022-03-23,38860.29
TAX928565,USR2340,SPT641837,2022-05-11,22909.0
TAX928566,USR9347,SPT369192,2023-06-03,15068.9
TAX928567,USR8986,SPT893190,2023-06-19,26534.7
TAX928568,USR3063,SPT455656,2023-03-20,20168.76
TAX928569,USR1779,SPT70040,2023-12-16,20419.89
TAX928570,USR1234,SPT1928338,2023-09-21,12570.85
TAX928571,USR6243,SPT1274704,2023-03-21,30587.81
TAX928572,USR4809,SPT1351541,2023-12-02,38212.65
TAX928573,USR7419,SPT712752,2023-07-23,46405.39
TAX928574,USR8405,SPT881793,2022-09-25,13708.49
TAX928575,USR6724,SPT1549961,2023-08-15,23759.99
TAX928576,USR1226,SPT1290781,2022-07-05,30882.43
TAX928577,USR2910,SPT351645,2023-11-13,32007.84
TAX928578,USR2237,SPT357366,2022-02-21,34829.28
TAX928579,USR1816,SPT1491295,2022-03-20,43655.5
TAX928580,USR3515,SPT676520,2023-08-16,9443.22
TAX928581,USR1309,SPT779736,2023-08-30,35164.51
TAX928582,USR2563,SPT1629929,2023-02-12,19944.59
TAX928583,USR5926,SPT1026112,2023-05-27,29230.83
TAX928584,USR6816,SPT64564,2024-01-29,41171.84
TAX928585,USR2639,SPT1179581,2023-02-27,18187.22
TAX928586,USR6032,SPT879494,2024-02-05,21578.77
TAX928587,USR6392,SPT427418,2023-05-05,18171.68
TAX928588,USR5804,SPT1964052,2022-03-11,27423.15
TAX928589,USR8716,SPT1994414,2023-06-11,48281.49
TAX928590,USR7140,SPT1120139,2022-03-05,47649.24
TAX928591,USR3554,SPT543260,2023-09-12,22571.58
TAX928592,USR3699,SPT1726508,2023-08-19,27172.46
TAX928593,USR5338,SPT1098657,2024-02-03,33503.33
TAX928594,USR8103,SPT367754,2022-10-20,49367.13
TAX928595,USR4761,SPT658651,2023-12-09,28952.69
TAX928596,USR9484,SPT1043236,2022-11-26,14578.71
TAX928597,USR7993,SPT768727,2022-04-07,47409.37
TAX928598,USR1991,SPT1831640,2023-09-28,7271.41
TAX928599,USR4090,SPT1669492,2023-07-23,14744.48
TAX928600,USR5015,SPT617518,2022-05-20,16129.42
TAX928601,USR3727,SPT579721,2022-07-23,47793.77
TAX928602,USR438,SPT685380,2022-03-29,6168.29
TAX928603,USR3690,SPT874719,2022-03-20,25315.99
TAX928604,USR276,SPT1347351,2022-12-24,33062.74
TAX928605,USR8690,SPT766954,2023-11-16,34035.2
TAX928606,USR2763,SPT1590035,2022-04-29,48593.97
TAX928607,USR8361,SPT486470,2023-04-03,18237.47
TAX928608,USR3199,SPT1556699,2022-06-12,35739.58
TAX928609,USR8259,SPT465984,2022-05-03,34402.37
TAX928610,USR4606,SPT1210236,2024-01-12,43383.91
TAX928611,USR688,SPT272867,2023-08-04,42310.72
TAX928612,USR8638,SPT204649,2023-12-02,8183.16
TAX928613,USR7655,SPT491331,2023-11-11,11951.78
TAX928614,USR60,SPT1580882,2023-01-27,5880.71
TAX928615,USR98,SPT469288,2023-09-27,47996.73
TAX928616,USR2898,SPT1341655,2024-02-01,5506.81
TAX928617,USR7943,SPT1934191,2022-07-10,10157.6
TAX928618,USR6591,SPT883415,2022-12-07,4173.47
TAX928619,USR9742,SPT1814400,2023-06-28,18452.93
TAX928620,USR1118,SPT1052274,2022-04-08,46727.45
TAX928621,USR8518,SPT872585,2023-11-22,34930.1
TAX928622,USR255,SPT1641921,2022-03-13,19869.27
TAX928623,USR8727,SPT1308351,2023-10-17,4398.19
TAX928624,USR9001,SPT235197,2022-10-02,41661.72
TAX928625,USR7189,SPT153485,2022-10-25,38645.91
TAX928626,USR3367,SPT1629600,2022-02-12,42081.25
TAX928627,USR1650,SPT1451347,2023-02-06,44020.05
TAX928628,USR5085,SPT1486465,2023-02-17,30815.45
TAX928629,USR8925,SPT763218,2023-11-27,21711.88
TAX928630,USR2245,SPT997863,2023-11-18,1815.14
TAX928631,USR8334,SPT1318997,2023-10-13,36805.84
TAX928632,USR6382,SPT1973789,2023-04-01,6507.14
TAX928633,USR8113,SPT1510122,2023-07-01,37604.58
TAX928634,USR2803,SPT1850117,2022-02-24,15923.06
TAX928635,USR1459,SPT1516941,2022-02-22,10318.58
TAX928636,USR5836,SPT1286293,2023-12-15,5351.0
TAX928637,USR4980,SPT909540,2023-05-17,12320.33
TAX928638,USR9241,SPT1627974,2022-02-22,4351.17
TAX928639,USR7437,SPT1113145,2024-01-19,9127.52
TAX928640,USR4480,SPT798254,2022-07-22,31556.58
TAX928641,USR4732,SPT1566021,2022-12-14,36295.12
TAX928642,USR7721,SPT142375,2023-03-12,34302.86
TAX928643,USR5093,SPT206622,2022-11-13,41980.63
TAX928644,USR8211,SPT315912,2023-09-13,5005.68
TAX928645,USR132,SPT24938,2024-01-18,40296.9
TAX928646,USR873,SPT842642,2022-06-25,19996.27
TAX928647,USR2907,SPT555852,2022-05-24,22615.45
TAX928648,USR2618,SPT1323824,2022-12-21,14088.88
TAX928649,USR6918,SPT828539,2023-07-27,16557.99
TAX928650,USR136,SPT205059,2023-12-21,33450.3
TAX928651,USR3355,SPT225676,2022-05-24,29421.36
TAX928652,USR3663,SPT1839650,2022-11-05,1029.22
TAX928653,USR6772,SPT1142918,2022-04-08,19836.56
TAX928654,USR5613,SPT1569145,2023-12-13,40286.9
TAX928655,USR5142,SPT1886224,2023-02-09,19444.5
TAX928656,USR4674,SPT1899527,2023-08-04,6543.88
TAX928657,USR2831,SPT420615,2023-05-16,43593.12
TAX928658,USR9641,SPT1617320,2022-04-29,48180.91
TAX928659,USR3730,SPT421512,2023-12-05,43903.62
TAX928660,USR7368,SPT1414739,2023-07-05,22959.88
TAX928661,USR3180,SPT105523,2023-07-03,43180.99
TAX928662,USR781,SPT598542,2022-09-27,37025.7
TAX928663,USR4377,SPT1677317,2023-02-24,41855.93
TAX928664,USR3465,SPT1337305,2022-11-08,23391.02
TAX928665,USR1283,SPT770798,2022-09-10,1861.7
TAX928666,USR7881,SPT897242,2023-06-07,47264.56
TAX928667,USR8354,SPT844987,2022-05-11,42845.43
TAX928668,USR3426,SPT1503908,2023-09-23,22941.45
TAX928669,USR6218,SPT1349305,2022-04-02,21952.02
TAX928670,USR3046,SPT460073,2023-04-27,40465.84
TAX928671,USR6544,SPT231182,2024-01-08,44859.47
TAX928672,USR6018,SPT1614258,2023-08-18,44950.03
TAX928673,USR873,SPT655162,2023-07-03,44256.01
TAX928674,USR404,SPT1461589,2023-10-16,32078.79
TAX928675,USR7071,SPT300088,2023-12-01,6377.5
TAX928676,USR7380,SPT490598,2023-10-17,29793.24
TAX928677,USR354,SPT1981225,2023-08-17,2302.77
TAX928678,USR4560,SPT501110,2023-08-10,27089.93
TAX928679,USR3179,SPT629493,2023-12-21,45752.85
TAX928680,USR4398,SPT72926,2022-03-09,46791.83
TAX928681,USR6598,SPT656152,2022-09-23,28828.01
TAX928682,USR5480,SPT447867,2023-07-03,42958.5
TAX928683,USR942,SPT1724344,2022-09-21,6444.47
TAX928684,USR7541,SPT1055492,2024-01-15,4650.36
TAX928685,USR5942,SPT642222,2022-06-09,38234.35
TAX928686,USR5164,SPT312811,2023-02-06,26793.74
TAX928687,USR8594,SPT397746,2023-03-29,9764.64
TAX928688,USR5602,SPT1511227,2023-03-22,47236.76
TAX928689,USR8742,SPT278051,2022-10-05,27241.86
TAX928690,USR7779,SPT1298820,2023-02-12,38041.15
TAX928691,USR8085,SPT250141,2023-09-09,40768.59
TAX928692,USR3488,SPT1113463,2023-03-08,32855.96
TAX928693,USR6425,SPT1666418,2022-12-07,28109.17
TAX928694,USR9172,SPT460813,2022-05-05,28713.76
TAX928695,USR3223,SPT1593656,2024-01-29,14092.83
TAX928696,USR715,SPT1877797,2023-03-06,35224.12
TAX928697,USR9147,SPT1693187,2023-01-09,37537.59
TAX928698,USR5783,SPT891579,2023-09-21,44624.04
TAX928699,USR7397,SPT255745,2022-05-31,48787.86
TAX928700,USR2755,SPT215667,2023-08-10,17006.06
TAX928701,USR878,SPT635738,2023-11-19,19439.58
TAX928702,USR4460,SPT1339135,2022-04-15,27450.13
TAX928703,USR8412,SPT602691,2022-08-11,36696.51
TAX928704,USR665,SPT428431,2023-05-24,38169.74
TAX928705,USR1316,SPT1439100,2023-01-04,46012.23
TAX928706,USR9191,SPT1008252,2022-11-14,24902.66
TAX928707,USR6859,SPT804031,2023-12-31,24112.27
TAX928708,USR5302,SPT1563675,2024-01-30,28248.5
TAX928709,USR8380,SPT1475358,2022-10-10,29796.95
TAX928710,USR3121,SPT1697541,2022-09-02,19777.56
TAX928711,USR1320,SPT1047782,2022-07-15,34691.15
TAX928712,USR1996,SPT412051,2022-11-29,27711.71
TAX928713,USR4043,SPT746245,2023-05-21,17074.09
TAX928714,USR360,SPT1011918,2023-09-29,3102.92
TAX928715,USR7994,SPT566978,2023-02-16,6834.66
TAX928716,USR6562,SPT1231366,2022-06-24,10868.44
TAX928717,USR5098,SPT1942418,2023-07-16,40059.36
TAX928718,USR9692,SPT1294640,2022-09-02,42468.33
TAX928719,USR6652,SPT329546,2022-03-17,49932.26
TAX928720,USR6206,SPT1525392,2023-04-20,7248.82
TAX928721,USR6448,SPT1215433,2022-11-17,34318.18
TAX928722,USR3030,SPT385949,2022-07-24,14994.16
TAX928723,USR1847,SPT1392137,2023-04-17,9941.87
TAX928724,USR6755,SPT83204,2024-02-02,44723.9
TAX928725,USR5379,SPT609699,2023-07-14,10819.27
TAX928726,USR8513,SPT492051,2023-03-09,37525.66
TAX928727,USR8934,SPT141527,2022-06-24,14941.13
TAX928728,USR2258,SPT215517,2022-07-01,25658.62
TAX928729,USR9624,SPT1107985,2022-03-12,20196.37
TAX928730,USR1425,SPT1502517,2022-04-30,11483.84
TAX928731,USR4493,SPT800010,2022-09-17,25229.06
TAX928732,USR7125,SPT771892,2022-06-20,31979.78
TAX928733,USR1713,SPT1808186,2023-07-19,36698.11
TAX928734,USR7937,SPT978117,2023-07-08,18262.66
TAX928735,USR1118,SPT556205,2023-03-14,29885.99
TAX928736,USR9895,SPT939041,2022-08-07,39558.94
TAX928737,USR5684,SPT854569,2023-10-18,34721.62
TAX928738,USR3181,SPT707964,2023-04-21,22577.63
TAX928739,USR4423,SPT992876,2022-07-09,14264.64
TAX928740,USR1415,SPT1558318,2022-03-03,3665.13
TAX928741,USR3827,SPT1879116,2023-01-26,26139.89
TAX928742,USR9381,SPT879780,2023-10-15,36674.67
TAX928743,USR48,SPT127326,2023-08-12,1843.26
TAX928744,USR3696,SPT740390,2024-02-02,41113.5
TAX928745,USR825,SPT1365341,2024-01-18,25299.29
TAX928746,USR8342,SPT427479,2023-03-29,26310.63
TAX928747,USR4721,SPT949131,2022-09-26,48445.78
TAX928748,USR3317,SPT1585944,2023-02-01,46045.55
TAX928749,USR3681,SPT1801213,2022-04-09,41198.54
TAX928750,USR3921,SPT890012,2023-02-10,37598.2
TAX928751,USR3865,SPT1977094,2022-07-06,22261.36
TAX928752,USR6336,SPT842737,2022-06-05,20717.81
TAX928753,USR4821,SPT1739591,2022-10-31,7225.69
TAX928754,USR8004,SPT133542,2023-03-21,4892.2
TAX928755,USR7571,SPT1014029,2023-09-17,27242.4
TAX928756,USR233,SPT581152,2023-07-09,48225.81
TAX928757,USR5063,SPT777171,2022-02-10,38135.84
TAX928758,USR9133,SPT812549,2022-10-07,40740.09
TAX928759,USR9587,SPT1904762,2022-08-18,10718.0
TAX928760,USR7188,SPT738114,2022-12-31,19601.85
TAX928761,USR1143,SPT1334411,2023-04-12,41677.84
TAX928762,USR5070,SPT1643540,2022-04-08,27285.3
TAX928763,USR2437,SPT1916747,2023-09-20,7981.31
TAX928764,USR3819,SPT1187293,2023-12-25,13130.84
TAX928765,USR9501,SPT1159835,2023-12-18,21793.93
TAX928766,USR3278,SPT267645,2022-03-08,9744.6
TAX928767,USR2364,SPT79011,2024-01-22,43532.58
TAX928768,USR6780,SPT1640701,2023-08-19,45934.98
TAX928769,USR2875,SPT1490146,2023-11-29,26087.91
TAX928770,USR5808,SPT619082,2023-07-05,36268.53
TAX928771,USR5110,SPT897375,2022-05-28,14510.71
TAX928772,USR4414,SPT1154035,2022-04-22,5297.11
TAX928773,USR4900,SPT1110176,2022-04-25,25555.36
TAX928774,USR4027,SPT1939409,2022-07-26,9282.5
TAX928775,USR9851,SPT189915,2023-12-12,4950.47
TAX928776,USR8597,SPT663180,2024-01-31,1212.88
TAX928777,USR7979,SPT1259635,2023-06-20,43237.93
TAX928778,USR1848,SPT1932038,2024-02-08,24530.31
TAX928779,USR4685,SPT1572460,2023-12-21,21369.02
TAX928780,USR665,SPT1139189,2022-08-27,40683.01
TAX928781,USR7537,SPT934078,2022-08-19,2082.98
TAX928782,USR6007,SPT186341,2022-04-30,36655.74
TAX928783,USR2838,SPT1362305,2022-12-06,16881.63
TAX928784,USR4578,SPT1748698,2022-05-18,43240.91
TAX928785,USR8968,SPT955483,2022-05-02,47849.08
TAX928786,USR914,SPT913539,2022-11-02,7754.14
TAX928787,USR3802,SPT1691517,2023-01-24,23745.46
TAX928788,USR522,SPT1793888,2023-11-02,7439.89
TAX928789,USR9658,SPT1116053,2023-03-05,25460.72
TAX928790,USR7978,SPT645310,2023-10-27,43067.98
TAX928791,USR6811,SPT174464,2023-08-23,23540.13
TAX928792,USR4151,SPT703976,2023-07-28,5360.5
TAX928793,USR9037,SPT72579,2023-01-01,16201.53
TAX928794,USR7006,SPT671864,2022-06-23,42409.45
TAX928795,USR3566,SPT716623,2022-12-21,15905.55
TAX928796,USR2778,SPT1603834,2023-07-03,16255.33
TAX928797,USR7307,SPT1528859,2022-03-06,45699.74
TAX928798,USR1159,SPT1830726,2022-11-16,48956.55
TAX928799,USR704,SPT388186,2022-05-16,25104.42
TAX928800,USR856,SPT495886,2022-10-22,46179.14
TAX928801,USR9984,SPT482029,2023-08-02,46939.42
TAX928802,USR9166,SPT27551,2022-04-11,43670.13
TAX928803,USR2139,SPT1988922,2023-08-21,10245.35
TAX928804,USR1446,SPT490548,2023-07-19,14080.51
TAX928805,USR7940,SPT331383,2022-06-30,30834.77
TAX928806,USR2515,SPT244996,2023-09-19,42459.74
TAX928807,USR736,SPT1173663,2023-12-03,10570.04
TAX928808,USR7745,SPT1488137,2022-09-09,39386.77
TAX928809,USR5141,SPT595392,2023-01-28,1868.78
TAX928810,USR2769,SPT1437498,2023-07-13,35397.85
TAX928811,USR4260,SPT680353,2022-06-09,34222.82
TAX928812,USR2949,SPT1156224,2022-09-12,20349.5
TAX928813,USR4575,SPT555655,2022-08-26,46148.65
TAX928814,USR1746,SPT319461,2022-04-11,8839.36
TAX928815,USR1233,SPT1522969,2023-03-07,36093.89
TAX928816,USR314,SPT820671,2022-11-25,14811.75
TAX928817,USR5800,SPT324278,2023-05-18,21582.8
TAX928818,USR4133,SPT1823240,2023-01-25,47749.9
TAX928819,USR3035,SPT575203,2023-06-17,45585.48
TAX928820,USR4168,SPT480097,2022-03-11,9071.82
TAX928821,USR8404,SPT583079,2022-05-04,4986.87
TAX928822,USR934,SPT213210,2023-08-15,19396.24
TAX928823,USR8146,SPT1229737,2022-12-10,13823.66
TAX928824,USR2079,SPT1965825,2022-08-15,38197.66
TAX928825,USR5843,SPT1261436,2023-02-24,39398.06
TAX928826,USR3807,SPT219127,2022-09-05,1234.47
TAX928827,USR7466,SPT126697,2022-08-12,4263.52
TAX928828,USR9195,SPT244881,2022-08-11,30721.95
TAX928829,USR7187,SPT211552,2023-12-15,30158.84
TAX928830,USR9772,SPT655712,2022-04-04,46259.13
TAX928831,USR5693,SPT1115011,2023-07-10,12237.78
TAX928832,USR9007,SPT869049,2023-09-05,24405.99
TAX928833,USR4100,SPT1595031,2024-02-09,41971.85
TAX928834,USR1202,SPT1253128,2022-02-19,25129.35
TAX928835,USR6664,SPT1279419,2023-12-14,49756.3
TAX928836,USR1336,SPT1798535,2023-10-05,10386.76
TAX928837,USR2064,SPT1621010,2022-06-11,31798.63
TAX928838,USR981,SPT7554,2023-05-06,5204.2
TAX928839,USR4378,SPT1473207,2023-03-03,21990.51
TAX928840,USR9973,SPT528314,2024-01-07,11122.35
TAX928841,USR4098,SPT573241,2022-04-08,21906.25
TAX928842,USR9424,SPT236627,2022-12-28,7974.09
TAX928843,USR3066,SPT810350,2022-11-16,1375.7
TAX928844,USR3760,SPT1822878,2022-05-31,12022.84
TAX928845,USR1518,SPT682309,2023-09-22,15904.38
TAX928846,USR3411,SPT1444646,2022-07-04,11585.94
TAX928847,USR4657,SPT446067,2022-03-06,35738.82
TAX928848,USR4921,SPT755684,2022-09-23,40517.79
TAX928849,USR9911,SPT1230122,2023-11-26,26672.58
TAX928850,USR1323,SPT1195612,2023-03-01,8270.71
TAX928851,USR6481,SPT1666980,2022-06-13,25089.03
TAX928852,USR8355,SPT1683563,2023-07-03,29483.29
TAX928853,USR3441,SPT708902,2022-03-19,32647.55
TAX928854,USR7751,SPT644415,2023-11-06,29104.59
TAX928855,USR49,SPT1235142,2023-02-24,36699.58
TAX928856,USR8711,SPT1975737,2023-07-08,22125.36
TAX928857,USR1693,SPT954983,2022-11-02,5388.91
TAX928858,USR638,SPT582583,2023-04-03,48630.17
TAX928859,USR9238,SPT589,2023-05-27,34039.71
TAX928860,USR7342,SPT749964,2023-02-08,3660.14
TAX928861,USR4792,SPT1990654,2022-10-26,32965.87
TAX928862,USR8291,SPT937791,2023-09-13,41614.94
TAX928863,USR2331,SPT847014,2023-09-14,31069.12
TAX928864,USR5266,SPT214303,2023-09-26,45987.79
TAX928865,USR4832,SPT1177219,2022-12-24,40554.86
TAX928866,USR3161,SPT1200554,2023-07-18,33259.12
TAX928867,USR7266,SPT573261,2022-09-19,19032.54
TAX928868,USR5698,SPT676279,2022-11-08,28081.75
TAX928869,USR6360,SPT1700764,2022-08-20,20208.98
TAX928870,USR7220,SPT502341,2023-09-16,15459.06
TAX928871,USR3182,SPT1827164,2022-12-28,2856.32
TAX928872,USR2450,SPT752770,2023-12-24,5694.7
TAX928873,USR7093,SPT146822,2023-05-24,27210.54
TAX928874,USR3414,SPT1795155,2023-09-15,6526.97
TAX928875,USR9073,SPT1865384,2024-01-25,6564.83
TAX928876,USR2956,SPT494361,2022-08-01,12108.55
TAX928877,USR1711,SPT1135669,2022-07-18,29390.13
TAX928878,USR1514,SPT921139,2022-06-06,21266.46
TAX928879,USR3051,SPT760631,2023-08-03,42871.3
TAX928880,USR7778,SPT955635,2023-12-01,35068.31
TAX928881,USR7844,SPT1877632,2023-05-28,18051.73
TAX928882,USR2460,SPT1666954,2022-11-19,39146.94
TAX928883,USR9359,SPT24902,2022-04-17,14903.35
TAX928884,USR5842,SPT1387452,2023-05-04,3129.9
TAX928885,USR7647,SPT1139265,2023-11-07,12262.01
TAX928886,USR7198,SPT1630495,2023-01-25,21964.33
TAX928887,USR572,SPT1659794,2023-08-21,6436.04
TAX928888,USR4685,SPT1887113,2023-12-22,27523.76
TAX928889,USR4069,SPT1553513,2023-07-30,29437.0
TAX928890,USR596,SPT578296,2023-04-02,36037.02
TAX928891,USR7314,SPT1547827,2022-12-29,30821.02
TAX928892,USR9971,SPT1618001,2024-02-07,12569.36
TAX928893,USR776,SPT1206036,2023-06-13,34402.36
TAX928894,USR7503,SPT1953426,2022-10-18,44141.33
TAX928895,USR5418,SPT1727882,2023-07-31,47402.96
TAX928896,USR134,SPT1973844,2022-10-03,33159.49
TAX928897,USR4823,SPT1493229,2022-07-28,12956.4
TAX928898,USR1054,SPT1103130,2023-01-05,24674.11
TAX928899,USR7819,SPT22395,2023-02-13,19739.02
TAX928900,USR1016,SPT156582,2023-11-29,22772.64
TAX928901,USR4490,SPT1487254,2023-03-19,18501.68
TAX928902,USR6893,SPT245470,2022-04-03,4797.13
TAX928903,USR6009,SPT32212,2023-08-24,48147.75
TAX928904,USR1786,SPT52205,2022-07-22,19602.11
TAX928905,USR9547,SPT1437830,2022-08-04,46793.32
TAX928906,USR1462,SPT398646,2022-10-10,12460.55
TAX928907,USR2190,SPT1771973,2023-10-15,36001.72
TAX928908,USR3333,SPT1580989,2022-09-19,17627.16
TAX928909,USR6938,SPT1550637,2022-02-23,2768.68
TAX928910,USR4003,SPT51782,2023-08-09,1058.2
TAX928911,USR2976,SPT1700402,2023-06-10,43024.26
TAX928912,USR9159,SPT1954929,2023-03-06,26713.1
TAX928913,USR3503,SPT1102192,2022-11-20,7905.8
TAX928914,USR6517,SPT507948,2023-12-26,12063.27
TAX928915,USR3841,SPT364964,2022-05-14,37312.04
TAX928916,USR82,SPT1341932,2023-02-13,3746.92
TAX928917,USR6245,SPT1029862,2023-10-25,44485.56
TAX928918,USR1032,SPT630846,2022-08-26,27764.28
TAX928919,USR2995,SPT392200,2023-09-09,8694.03
TAX928920,USR9686,SPT682128,2023-10-11,49205.75
TAX928921,USR8437,SPT1244124,2023-06-22,23458.59
TAX928922,USR5225,SPT1932676,2022-02-20,24239.53
TAX928923,USR227,SPT1092440,2023-04-05,5461.46
TAX928924,USR5614,SPT1903853,2023-04-03,17404.88
TAX928925,USR6062,SPT763764,2023-05-05,22120.71
TAX928926,USR4045,SPT224143,2022-09-04,44400.77
TAX928927,USR3987,SPT765316,2022-12-31,19002.09
TAX928928,USR495,SPT611308,2023-11-19,36589.5
TAX928929,USR6094,SPT1549332,2023-10-04,29509.92
TAX928930,USR5573,SPT1307847,2023-12-23,1362.16
TAX928931,USR3570,SPT528991,2022-12-22,16365.19
TAX928932,USR4076,SPT442875,2023-02-17,8438.54
TAX928933,USR4526,SPT1652566,2023-04-29,46569.24
TAX928934,USR7129,SPT1460553,2023-01-30,20058.52
TAX928935,USR4058,SPT646974,2023-04-01,25864.72
TAX928936,USR1331,SPT1264319,2022-02-27,47756.63
TAX928937,USR5403,SPT480430,2023-11-23,47275.41
TAX928938,USR808,SPT1352488,2023-04-08,29337.51
TAX928939,USR818,SPT862712,2022-04-30,24451.16
TAX928940,USR4450,SPT904157,2022-10-15,38008.93
TAX928941,USR2482,SPT202866,2023-08-04,14820.47
TAX928942,USR8058,SPT1916513,2023-08-28,15242.73
TAX928943,USR6726,SPT585675,2024-01-12,33331.03
TAX928944,USR8730,SPT1023585,2023-01-11,44051.28
TAX928945,USR4825,SPT1390974,2022-08-21,16553.52
TAX928946,USR4528,SPT1674855,2022-05-17,6943.73
TAX928947,USR3883,SPT718217,2022-11-14,34448.94
TAX928948,USR423,SPT319606,2022-02-16,45176.24
TAX928949,USR528,SPT39203,2023-11-12,4792.4
TAX928950,USR1548,SPT382790,2023-08-09,6748.03
TAX928951,USR8708,SPT116598,2022-08-12,24231.71
TAX928952,USR7913,SPT1804013,2022-07-23,47803.77
TAX928953,USR5748,SPT262377,2022-08-09,21190.37
TAX928954,USR9296,SPT295356,2022-11-17,32727.51
TAX928955,USR4485,SPT1951875,2023-07-25,13685.61
TAX928956,USR6827,SPT245894,2022-11-05,37508.27
TAX928957,USR4067,SPT743728,2023-10-24,47719.5
TAX928958,USR432,SPT1491425,2023-09-30,21368.13
TAX928959,USR8334,SPT1423036,2022-05-19,11330.15
TAX928960,USR2055,SPT1891003,2022-02-11,16092.6
TAX928961,USR6879,SPT103764,2022-12-21,24220.28
TAX928962,USR4692,SPT1483510,2022-03-12,35957.02
TAX928963,USR2225,SPT98644,2023-05-19,13726.82
TAX928964,USR4737,SPT1128876,2022-08-08,34071.54
TAX928965,USR1335,SPT457083,2023-06-22,27713.02
TAX928966,USR4339,SPT134408,2024-02-09,19722.59
TAX928967,USR6613,SPT997604,2022-02-09,19840.34
TAX928968,USR2051,SPT1442027,2023-07-19,2125.42
TAX928969,USR5114,SPT347294,2022-08-15,20630.53
TAX928970,USR172,SPT376802,2022-09-22,29970.49
TAX928971,USR8047,SPT707452,2022-12-02,13935.81
TAX928972,USR4682,SPT44512,2023-03-07,44901.89
TAX928973,USR2092,SPT1013625,2023-10-05,19508.55
TAX928974,USR227,SPT383220,2024-01-30,45389.43
TAX928975,USR5433,SPT304014,2022-11-02,20566.88
TAX928976,USR9432,SPT88489,2024-01-17,35812.14
TAX928977,USR9696,SPT729280,2023-01-07,22037.93
TAX928978,USR4094,SPT649404,2022-05-24,48177.83
TAX928979,USR4923,SPT1319353,2022-08-19,29427.14
TAX928980,USR8912,SPT1012071,2023-11-02,15107.38
TAX928981,USR9395,SPT420627,2023-12-29,35498.96
TAX928982,USR7106,SPT10310,2023-10-01,4565.37
TAX928983,USR7563,SPT1351028,2022-10-31,3648.97
TAX928984,USR8217,SPT142566,2022-04-08,17213.89
TAX928985,USR242,SPT512181,2022-09-22,37444.94
TAX928986,USR2781,SPT1667905,2023-01-21,15541.73
TAX928987,USR5993,SPT513269,2023-09-22,47828.64
TAX928988,USR5587,SPT672559,2023-08-09,24108.26
TAX928989,USR4051,SPT890375,2022-12-07,4114.51
TAX928990,USR2990,SPT1208752,2022-09-27,27338.44
TAX928991,USR1600,SPT1027373,2022-03-29,17551.45
TAX928992,USR6676,SPT222888,2023-06-12,12657.67
TAX928993,USR3929,SPT1952291,2023-08-02,2901.98
TAX928994,USR6296,SPT531481,2023-02-02,36166.89
TAX928995,USR1012,SPT1611955,2023-09-14,5173.33
TAX928996,USR3698,SPT1859516,2022-06-03,41085.8
TAX928997,USR5955,SPT58200,2023-05-25,26862.44
TAX928998,USR8659,SPT1633411,2023-06-15,18181.85
TAX928999,USR1873,SPT1359917,2022-05-02,35003.38
TAX929000,USR8646,SPT1876958,2022-03-20,24635.0
TAX929001,USR5665,SPT842954,2022-07-13,1017.54
TAX929002,USR6403,SPT876741,2022-06-30,21231.08
TAX929003,USR2420,SPT1924486,2023-07-02,36554.99
TAX929004,USR8710,SPT1510600,2022-10-21,28222.76
TAX929005,USR9734,SPT630711,2023-09-19,14508.27
TAX929006,USR3277,SPT1087792,2022-04-12,17486.79
TAX929007,USR5351,SPT1216758,2023-08-06,25771.89
TAX929008,USR6099,SPT477456,2022-09-06,19086.35
TAX929009,USR5459,SPT899133,2023-09-27,26388.16
TAX929010,USR5928,SPT1533766,2022-07-27,29113.72
TAX929011,USR4902,SPT904691,2023-02-05,25984.51
TAX929012,USR8810,SPT1927287,2023-06-11,3202.02
TAX929013,USR4784,SPT559072,2023-06-18,35564.7
TAX929014,USR9,SPT119903,2023-11-06,9846.4
TAX929015,USR563,SPT1808866,2023-01-11,14981.73
TAX929016,USR2718,SPT1027531,2023-04-07,42460.18
TAX929017,USR5422,SPT1790988,2022-02-22,36715.51
TAX929018,USR9005,SPT1078231,2022-02-14,25125.1
TAX929019,USR7944,SPT1849109,2022-10-22,30270.35
TAX929020,USR1342,SPT160259,2023-10-17,46976.01
TAX929021,USR1729,SPT537369,2023-05-08,45384.24
TAX929022,USR1216,SPT1284396,2022-11-03,9873.16
TAX929023,USR3525,SPT745947,2023-09-03,4319.65
TAX929024,USR7087,SPT1188858,2023-10-22,2573.5
TAX929025,USR6906,SPT403211,2022-06-08,27077.12
TAX929026,USR9966,SPT1868611,2023-01-14,34664.71
TAX929027,USR308,SPT1691913,2023-07-10,47168.83
TAX929028,USR4516,SPT515324,2023-12-06,10171.94
TAX929029,USR1548,SPT298924,2022-05-12,1360.42
TAX929030,USR7160,SPT1322632,2023-11-04,3449.4
TAX929031,USR1552,SPT1922281,2022-07-21,37810.2
TAX929032,USR7734,SPT802564,2023-10-26,1638.34
TAX929033,USR4837,SPT1054069,2022-07-18,40316.0
TAX929034,USR6767,SPT320618,2022-08-31,25986.32
TAX929035,USR9363,SPT700530,2023-07-29,4633.56
TAX929036,USR9116,SPT1186676,2022-05-28,43529.46
TAX929037,USR8616,SPT1471548,2023-07-01,17816.61
TAX929038,USR2412,SPT1259985,2023-02-16,19925.37
TAX929039,USR2355,SPT1626286,2023-01-27,9390.44
TAX929040,USR1772,SPT1894699,2023-01-19,34205.11
TAX929041,USR2644,SPT1656161,2023-04-01,7671.12
TAX929042,USR4559,SPT959484,2023-04-08,6050.01
TAX929043,USR4183,SPT1985620,2023-03-23,42004.63
TAX929044,USR9910,SPT1620872,2023-11-14,12435.08
TAX929045,USR5678,SPT660100,2022-07-22,15375.18
TAX929046,USR6126,SPT1527224,2023-03-03,34168.5
TAX929047,USR3849,SPT819851,2024-01-15,25048.65
TAX929048,USR5943,SPT652927,2023-07-09,2861.73
TAX929049,USR7474,SPT637661,2023-04-23,46212.13
TAX929050,USR4727,SPT282904,2022-03-22,28921.08
TAX929051,USR9731,SPT1896249,2023-12-23,16810.26
TAX929052,USR518,SPT1878505,2023-10-27,35774.21
TAX929053,USR9980,SPT1949947,2023-09-06,48620.5
TAX929054,USR9999,SPT1206491,2022-10-09,44426.46
TAX929055,USR3753,SPT625042,2024-01-28,23022.91
TAX929056,USR4620,SPT1274811,2022-12-19,29005.09
TAX929057,USR6730,SPT1413045,2022-08-20,23192.25
TAX929058,USR5224,SPT1828291,2023-11-14,19299.75
TAX929059,USR4408,SPT234625,2023-05-04,24688.94
TAX929060,USR8674,SPT1307945,2022-12-20,43100.68
TAX929061,USR4904,SPT606607,2023-06-20,27381.88
TAX929062,USR378,SPT594050,2023-04-02,25028.34
TAX929063,USR5368,SPT1303237,2023-03-10,17769.85
TAX929064,USR3084,SPT26059,2022-04-06,38150.14
TAX929065,USR2728,SPT1000795,2023-02-13,30606.05
TAX929066,USR7860,SPT1623566,2023-11-14,3608.4
TAX929067,USR7485,SPT1174541,2023-07-30,11179.46
TAX929068,USR5894,SPT691573,2022-03-15,40372.37
TAX929069,USR2794,SPT493403,2024-02-02,27744.94
TAX929070,USR815,SPT302191,2022-09-15,9483.07
TAX929071,USR381,SPT303385,2023-07-23,32030.56
TAX929072,USR8130,SPT1743817,2023-02-05,44280.99
TAX929073,USR3807,SPT1950174,2023-08-23,20278.82
TAX929074,USR9478,SPT815806,2022-06-02,1579.07
TAX929075,USR4447,SPT1551571,2023-12-05,30220.2
TAX929076,USR7035,SPT1650543,2023-09-22,48913.1
TAX929077,USR139,SPT1337077,2023-11-07,49223.69
TAX929078,USR2695,SPT1304965,2022-08-25,30988.98
TAX929079,USR3034,SPT1689479,2022-04-08,12778.39
TAX929080,USR596,SPT610258,2022-09-26,18827.21
TAX929081,USR1440,SPT308672,2023-11-17,13205.51
TAX929082,USR8119,SPT1697390,2023-08-06,2173.7
TAX929083,USR9789,SPT379879,2022-08-01,46006.12
TAX929084,USR2263,SPT814560,2023-05-20,10946.71
TAX929085,USR348,SPT446278,2023-05-16,41948.3
TAX929086,USR8084,SPT368245,2023-09-02,41277.2
TAX929087,USR5880,SPT1741651,2022-12-06,37113.35
TAX929088,USR8991,SPT830613,2023-10-21,47489.09
TAX929089,USR2406,SPT1707485,2023-09-18,7354.8
TAX929090,USR6026,SPT280359,2023-02-17,27868.05
TAX929091,USR1560,SPT1631006,2024-01-21,49486.13
TAX929092,USR7868,SPT660078,2023-02-10,3597.55
TAX929093,USR6388,SPT1381511,2022-03-05,42635.76
TAX929094,USR5674,SPT1771689,2023-12-05,48337.33
TAX929095,USR5785,SPT926218,2022-06-27,4975.58
TAX929096,USR9298,SPT1877453,2023-07-12,4367.12
TAX929097,USR5009,SPT1180513,2022-04-26,20586.11
TAX929098,USR7230,SPT746335,2024-01-05,36320.06
TAX929099,USR7374,SPT1595809,2022-08-22,46435.91
TAX929100,USR3622,SPT1497162,2023-03-23,45806.9
TAX929101,USR4014,SPT209213,2023-08-21,2383.79
TAX929102,USR5819,SPT1632875,2023-09-12,48922.51
TAX929103,USR8726,SPT1239751,2022-08-28,3216.87
TAX929104,USR9312,SPT908395,2022-08-22,7570.95
TAX929105,USR1396,SPT1517349,2022-02-23,11388.24
TAX929106,USR3746,SPT50763,2023-06-02,45692.37
TAX929107,USR8761,SPT521118,2023-10-26,16773.85
TAX929108,USR7888,SPT269351,2022-12-11,48487.54
TAX929109,USR5499,SPT178933,2023-02-07,19686.42
TAX929110,USR5854,SPT936940,2023-06-05,10849.84
TAX929111,USR5253,SPT384795,2022-12-06,10990.63
TAX929112,USR5634,SPT49486,2024-01-13,20051.41
TAX929113,USR6069,SPT1184297,2024-01-19,9988.89
TAX929114,USR9415,SPT346131,2022-12-03,48586.55
TAX929115,USR1987,SPT1840547,2023-04-24,17123.71
TAX929116,USR8418,SPT404578,2022-09-05,47096.08
TAX929117,USR292,SPT559436,2022-07-09,27942.05
TAX929118,USR2388,SPT243015,2023-09-10,5741.55
TAX929119,USR9022,SPT210131,2023-03-15,24473.03
TAX929120,USR8721,SPT968760,2022-12-25,29450.86
TAX929121,USR1223,SPT482901,2023-10-19,29183.19
TAX929122,USR2354,SPT952295,2022-08-05,46116.59
TAX929123,USR9014,SPT1544776,2022-07-01,22449.24
TAX929124,USR245,SPT742464,2023-08-20,40649.38
TAX929125,USR9288,SPT1023615,2023-11-25,39755.57
TAX929126,USR4260,SPT696620,2023-05-16,10550.02
TAX929127,USR1095,SPT589572,2023-09-28,32818.14
TAX929128,USR6191,SPT714819,2022-02-24,28166.56
TAX929129,USR56,SPT1015056,2022-09-16,30197.36
TAX929130,USR2947,SPT744958,2024-01-15,38193.31
TAX929131,USR3490,SPT169794,2023-07-23,25917.01
TAX929132,USR4147,SPT126779,2023-04-28,48036.57
TAX929133,USR9391,SPT1519026,2022-04-20,45930.47
TAX929134,USR9583,SPT1983546,2022-05-24,40463.34
TAX929135,USR5863,SPT194921,2023-11-28,1888.2
TAX929136,USR140,SPT1412932,2023-06-06,44249.98
TAX929137,USR8408,SPT1219104,2023-10-24,6574.25
TAX929138,USR3837,SPT985314,2022-03-14,47715.74
TAX929139,USR2853,SPT869394,2023-03-01,49562.37
TAX929140,USR5276,SPT282616,2023-03-22,45075.65
TAX929141,USR5185,SPT803614,2022-12-30,20417.53
TAX929142,USR3423,SPT1659270,2022-02-12,25158.7
TAX929143,USR5292,SPT206566,2023-05-18,1233.02
TAX929144,USR8894,SPT541272,2023-06-24,45044.77
TAX929145,USR5580,SPT1032567,2023-05-29,9107.52
TAX929146,USR4038,SPT1362646,2024-02-07,32623.71
TAX929147,USR8178,SPT980003,2022-03-16,22099.68
TAX929148,USR6561,SPT191817,2023-09-24,5426.14
TAX929149,USR3807,SPT507877,2022-07-11,35154.47
TAX929150,USR4814,SPT911089,2023-02-10,29929.28
TAX929151,USR167,SPT1604150,2023-07-15,49516.65
TAX929152,USR6835,SPT1978182,2024-01-09,26883.15
TAX929153,USR2055,SPT162026,2023-05-15,47272.58
TAX929154,USR4597,SPT738942,2022-12-08,37193.43
TAX929155,USR1799,SPT247380,2023-01-05,44932.95
TAX929156,USR4577,SPT1248109,2023-08-07,12203.76
TAX929157,USR2220,SPT1527156,2023-01-13,27361.04
TAX929158,USR8822,SPT613580,2022-02-09,2466.57
TAX929159,USR5746,SPT376263,2023-01-21,28396.94
TAX929160,USR9382,SPT793770,2022-11-16,45088.99
TAX929161,USR7537,SPT29003,2023-10-31,33101.69
TAX929162,USR7954,SPT1788595,2022-10-09,45004.65
TAX929163,USR6302,SPT1688971,2023-07-17,26719.35
TAX929164,USR1127,SPT806006,2022-08-15,48212.57
TAX929165,USR2694,SPT1746125,2023-05-01,45808.99
TAX929166,USR2097,SPT1943757,2022-05-13,21988.26
TAX929167,USR6495,SPT1589134,2024-01-19,34252.88
TAX929168,USR2767,SPT426117,2022-08-19,11811.15
TAX929169,USR4302,SPT1159608,2022-02-28,6695.0
TAX929170,USR7202,SPT1861310,2023-08-18,21183.33
TAX929171,USR5744,SPT1040392,2022-05-14,8187.47
TAX929172,USR9538,SPT903666,2022-03-06,29868.58
TAX929173,USR7466,SPT724891,2023-05-30,24521.22
TAX929174,USR1956,SPT754302,2022-03-20,2252.93
TAX929175,USR973,SPT1599129,2023-01-06,45678.9
TAX929176,USR569,SPT1231285,2022-07-03,49294.99
TAX929177,USR696,SPT358262,2023-12-14,30629.67
TAX929178,USR1138,SPT1987115,2022-05-28,35987.52
TAX929179,USR4945,SPT1416645,2023-12-12,4473.11
TAX929180,USR5430,SPT1740311,2022-08-22,2480.15
TAX929181,USR1979,SPT844339,2023-02-19,21482.69
TAX929182,USR9794,SPT1654367,2023-12-16,47695.71
TAX929183,USR5183,SPT796798,2022-04-15,43561.4
TAX929184,USR1435,SPT1874695,2022-11-03,47615.15
TAX929185,USR3699,SPT839947,2023-07-15,43040.69
TAX929186,USR3065,SPT661642,2022-04-03,39688.48
TAX929187,USR450,SPT1916416,2022-06-12,22292.83
TAX929188,USR9814,SPT318846,2023-05-01,4155.79
TAX929189,USR2365,SPT183070,2022-02-11,26129.81
TAX929190,USR3602,SPT617825,2022-04-23,31149.06
TAX929191,USR5989,SPT111100,2022-10-21,34251.24
TAX929192,USR5079,SPT1648979,2022-03-27,16701.68
TAX929193,USR7755,SPT1091488,2023-09-12,23399.26
TAX929194,USR804,SPT1918952,2022-07-16,17907.68
TAX929195,USR1419,SPT491335,2022-09-27,3819.53
TAX929196,USR951,SPT1496359,2023-02-06,44773.74
TAX929197,USR8061,SPT602327,2022-07-29,37797.44
TAX929198,USR9005,SPT1709544,2022-11-16,32440.9
TAX929199,USR5851,SPT1529768,2023-09-17,41505.65
TAX929200,USR6374,SPT1608146,2023-09-11,40160.44
TAX929201,USR9179,SPT565142,2022-04-06,49595.47
TAX929202,USR2689,SPT644577,2022-05-05,48361.58
TAX929203,USR2800,SPT719480,2023-05-07,27137.31
TAX929204,USR4462,SPT1893690,2022-04-05,38277.54
TAX929205,USR1616,SPT489110,2023-10-01,47043.91
TAX929206,USR77,SPT1289603,2022-11-22,29888.35
TAX929207,USR2318,SPT1606411,2023-02-12,25531.93
TAX929208,USR6538,SPT1947887,2022-11-29,31645.45
TAX929209,USR1692,SPT437198,2022-09-12,34825.92
TAX929210,USR1362,SPT951432,2022-05-26,36359.99
TAX929211,USR2156,SPT1730272,2022-09-12,18994.28
TAX929212,USR2879,SPT1403728,2023-10-25,8371.33
TAX929213,USR1600,SPT413269,2023-03-05,8760.51
TAX929214,USR6013,SPT1625560,2022-05-08,26688.79
TAX929215,USR453,SPT760303,2022-02-28,13875.02
TAX929216,USR1885,SPT434023,2022-03-10,16980.03
TAX929217,USR6358,SPT285664,2022-05-26,22715.14
TAX929218,USR1850,SPT1732737,2022-09-02,39882.24
TAX929219,USR3275,SPT57128,2022-10-12,38746.42
TAX929220,USR2017,SPT1815774,2024-01-05,16886.93
TAX929221,USR6484,SPT437217,2023-10-03,29619.18
TAX929222,USR1349,SPT819930,2022-05-30,38141.89
TAX929223,USR6613,SPT417594,2023-10-21,23396.2
TAX929224,USR5792,SPT860259,2022-03-10,14713.82
TAX929225,USR4444,SPT1663763,2023-02-16,4724.66
TAX929226,USR7802,SPT1797211,2022-04-21,33502.31
TAX929227,USR3395,SPT1824763,2023-04-02,14782.0
TAX929228,USR698,SPT1540625,2023-09-30,46934.67
TAX929229,USR1164,SPT1923140,2022-12-19,15643.89
TAX929230,USR883,SPT12240,2023-10-12,33253.27
TAX929231,USR2343,SPT62519,2022-05-01,11620.4
TAX929232,USR2873,SPT1677989,2022-08-20,16486.04
TAX929233,USR8685,SPT1312403,2022-12-19,46402.27
TAX929234,USR8770,SPT709465,2024-01-26,36099.37
TAX929235,USR5217,SPT97492,2022-07-18,25150.04
TAX929236,USR1305,SPT1082878,2023-03-30,44664.02
TAX929237,USR2877,SPT1206876,2023-05-25,48705.66
TAX929238,USR7508,SPT1302012,2023-01-14,1851.47
TAX929239,USR8107,SPT856285,2023-10-13,47765.1
TAX929240,USR1020,SPT1474531,2023-10-03,4972.49
TAX929241,USR9365,SPT1797975,2022-02-26,47756.32
TAX929242,USR4626,SPT1203296,2023-01-04,41859.99
TAX929243,USR3479,SPT1688512,2022-03-02,9672.99
TAX929244,USR9897,SPT1056937,2022-06-09,1614.49
TAX929245,USR7330,SPT513608,2022-04-25,14238.14
TAX929246,USR7236,SPT1670843,2023-09-08,35926.65
TAX929247,USR3636,SPT819117,2023-06-30,43182.22
TAX929248,USR4856,SPT330452,2023-09-25,45782.41
TAX929249,USR7403,SPT1846562,2023-01-08,14573.86
TAX929250,USR8061,SPT608109,2023-06-20,39848.93
TAX929251,USR1092,SPT1312818,2023-10-30,33219.24
TAX929252,USR6409,SPT427278,2022-07-05,47723.67
TAX929253,USR3112,SPT45,2023-09-16,3781.73
TAX929254,USR1970,SPT269132,2022-09-24,23951.25
TAX929255,USR2739,SPT1951134,2023-09-04,2728.3
TAX929256,USR4172,SPT1779979,2023-03-25,2044.25
TAX929257,USR3091,SPT1176113,2022-10-07,15141.27
TAX929258,USR8280,SPT1083638,2023-01-02,46736.43
TAX929259,USR5802,SPT1789829,2022-04-06,49644.66
TAX929260,USR3338,SPT435352,2023-12-22,35836.36
TAX929261,USR3544,SPT605053,2023-06-04,19299.18
TAX929262,USR5175,SPT1003554,2023-05-06,4496.76
TAX929263,USR4677,SPT424012,2022-05-30,37746.53
TAX929264,USR4884,SPT13961,2023-11-06,19840.21
TAX929265,USR5918,SPT1550176,2023-04-20,12226.61
TAX929266,USR6238,SPT1958381,2023-05-10,5026.55
TAX929267,USR8023,SPT1157160,2023-11-04,12958.52
TAX929268,USR9229,SPT583569,2023-09-10,49912.91
TAX929269,USR2390,SPT1502984,2022-03-23,19664.62
TAX929270,USR4757,SPT775842,2022-09-11,7972.29
TAX929271,USR9890,SPT1004855,2023-04-13,28292.68
TAX929272,USR8688,SPT1039611,2024-01-15,45003.94
TAX929273,USR2584,SPT1018472,2023-01-15,49655.17
TAX929274,USR5580,SPT616084,2023-07-09,8921.05
TAX929275,USR6546,SPT314710,2023-11-23,22380.33
TAX929276,USR5256,SPT1466656,2023-07-16,37257.49
TAX929277,USR4444,SPT1011424,2023-07-28,44271.92
TAX929278,USR943,SPT1890305,2023-06-02,26987.62
TAX929279,USR4757,SPT1546443,2023-02-04,20030.89
TAX929280,USR514,SPT492640,2022-05-02,15078.63
TAX929281,USR3668,SPT833456,2023-10-22,43967.61
TAX929282,USR232,SPT1683906,2022-06-28,26094.3
TAX929283,USR7217,SPT1314982,2022-05-29,44592.62
TAX929284,USR4899,SPT1021107,2023-06-30,10678.44
TAX929285,USR7277,SPT1209943,2022-12-14,28889.98
TAX929286,USR6273,SPT170652,2022-03-04,42450.21
TAX929287,USR8371,SPT1507637,2022-11-25,48245.07
TAX929288,USR1384,SPT1567736,2023-07-13,47727.39
TAX929289,USR4510,SPT1574961,2023-06-26,42065.29
TAX929290,USR7663,SPT953025,2023-09-15,16640.59
TAX929291,USR6773,SPT1750347,2023-07-16,17686.24
TAX929292,USR2811,SPT1266034,2022-11-22,26325.28
TAX929293,USR2450,SPT1844821,2023-08-31,40999.64
TAX929294,USR5947,SPT1737414,2022-05-04,17580.27
TAX929295,USR338,SPT427739,2023-10-12,17483.99
TAX929296,USR7349,SPT1567582,2023-05-28,17579.45
TAX929297,USR1299,SPT1552901,2023-04-17,42783.28
TAX929298,USR9609,SPT1494609,2023-11-16,4041.99
TAX929299,USR304,SPT760782,2022-08-21,10848.43
TAX929300,USR3599,SPT1207568,2023-06-16,43016.23
TAX929301,USR8569,SPT398572,2022-07-09,22263.1
TAX929302,USR9036,SPT1352865,2023-04-18,22267.54
TAX929303,USR5619,SPT1536646,2023-07-08,20871.64
TAX929304,USR174,SPT331017,2022-03-18,24291.79
TAX929305,USR4565,SPT1291166,2022-10-31,48979.49
TAX929306,USR3772,SPT1217325,2023-07-21,40341.58
TAX929307,USR2560,SPT786368,2022-04-01,11258.25
TAX929308,USR3440,SPT625982,2023-07-07,35777.29
TAX929309,USR5822,SPT905167,2022-10-18,34661.62
TAX929310,USR4429,SPT1764311,2023-08-29,41916.84
TAX929311,USR2558,SPT277411,2022-08-14,21020.94
TAX929312,USR3795,SPT1952761,2022-10-10,32041.98
TAX929313,USR3339,SPT1645735,2023-04-27,21038.9
TAX929314,USR4928,SPT1720538,2023-01-22,2798.81
TAX929315,USR9759,SPT1116407,2023-06-23,33707.97
TAX929316,USR5501,SPT1839662,2022-11-12,17621.8
TAX929317,USR6550,SPT258995,2023-02-28,28876.47
TAX929318,USR590,SPT1160365,2022-05-31,42297.69
TAX929319,USR7951,SPT1258563,2022-04-04,13915.44
TAX929320,USR6431,SPT838440,2023-05-26,1201.96
TAX929321,USR2394,SPT655106,2024-02-02,41924.38
TAX929322,USR1494,SPT1304694,2024-01-06,28941.94
TAX929323,USR9767,SPT82220,2023-03-02,32772.47
TAX929324,USR7059,SPT1801615,2022-03-17,27218.15
TAX929325,USR5478,SPT1815666,2022-05-18,27610.62
TAX929326,USR640,SPT1435767,2023-09-28,45784.79
TAX929327,USR2498,SPT61236,2023-02-14,41940.77
TAX929328,USR7883,SPT86159,2022-08-23,41969.88
TAX929329,USR1792,SPT914463,2022-04-06,4721.44
TAX929330,USR5809,SPT130497,2023-10-06,42191.16
TAX929331,USR27,SPT549450,2022-09-19,34547.2
TAX929332,USR9831,SPT287535,2023-11-29,39538.28
TAX929333,USR4901,SPT146805,2022-03-03,31563.82
TAX929334,USR2003,SPT162354,2023-09-24,33402.85
TAX929335,USR7433,SPT504839,2023-07-22,41655.09
TAX929336,USR6635,SPT1856692,2023-01-01,10242.44
TAX929337,USR5604,SPT546516,2023-11-05,24813.06
TAX929338,USR119,SPT388117,2023-02-26,3281.43
TAX929339,USR7795,SPT1589372,2023-05-26,7743.39
TAX929340,USR176,SPT1585311,2022-04-22,36742.51
TAX929341,USR2009,SPT163615,2023-01-19,45523.98
TAX929342,USR4667,SPT1361481,2022-12-25,19431.18
TAX929343,USR8345,SPT1902974,2023-11-12,6933.46
TAX929344,USR4818,SPT211169,2022-10-28,26960.37
TAX929345,USR240,SPT158106,2023-02-15,39719.19
TAX929346,USR8080,SPT440971,2022-05-19,24629.65
TAX929347,USR8261,SPT235556,2022-08-11,48977.67
TAX929348,USR3523,SPT1917845,2023-07-17,16505.71
TAX929349,USR69,SPT1911289,2023-07-09,1856.14
TAX929350,USR6977,SPT691485,2023-09-02,11980.48
TAX929351,USR6249,SPT1987883,2023-03-15,30668.2
TAX929352,USR7481,SPT873112,2023-10-18,42972.0
TAX929353,USR8562,SPT181119,2022-12-31,35904.99
TAX929354,USR6649,SPT1321210,2022-12-22,17010.73
TAX929355,USR914,SPT630382,2022-04-04,20814.57
TAX929356,USR1947,SPT542773,2023-03-18,17342.74
TAX929357,USR9352,SPT1661787,2023-09-30,19867.2
TAX929358,USR8736,SPT1201481,2023-10-29,46964.58
TAX929359,USR1804,SPT433425,2023-07-06,3250.01
TAX929360,USR1325,SPT502424,2022-03-02,18179.75
TAX929361,USR2337,SPT1191701,2023-12-20,43512.82
TAX929362,USR9990,SPT840838,2022-12-15,40761.31
TAX929363,USR3856,SPT375626,2022-03-26,11189.67
TAX929364,USR6253,SPT515533,2022-05-10,23473.66
TAX929365,USR2122,SPT1981358,2022-02-11,10292.44
TAX929366,USR282,SPT737710,2023-04-22,41538.89
TAX929367,USR3455,SPT1515206,2023-06-07,20726.29
TAX929368,USR3102,SPT679659,2023-03-05,21264.56
TAX929369,USR3318,SPT620092,2022-08-18,31816.94
TAX929370,USR1306,SPT1218984,2023-06-12,28026.67
TAX929371,USR5174,SPT416947,2023-11-02,37525.54
TAX929372,USR7544,SPT1598118,2023-12-30,35321.48
TAX929373,USR9673,SPT799731,2024-02-02,6686.97
TAX929374,USR4156,SPT1355523,2023-10-09,11520.73
TAX929375,USR4695,SPT720777,2022-05-18,16627.23
TAX929376,USR820,SPT844914,2023-11-14,15427.07
TAX929377,USR1085,SPT750906,2022-04-13,16023.17
TAX929378,USR7843,SPT64488,2022-03-26,5477.81
TAX929379,USR2294,SPT1684941,2023-06-06,18791.86
TAX929380,USR1519,SPT913269,2023-07-16,35242.25
TAX929381,USR1852,SPT1006687,2022-12-25,2672.15
TAX929382,USR2375,SPT819635,2023-04-11,21823.83
TAX929383,USR2656,SPT527857,2022-10-17,15966.45
TAX929384,USR5052,SPT1853899,2022-04-09,36014.88
TAX929385,USR2222,SPT1848415,2023-03-04,19176.33
TAX929386,USR5380,SPT266276,2023-06-24,38143.56
TAX929387,USR5515,SPT1730376,2023-10-11,32587.1
TAX929388,USR3920,SPT1888221,2022-07-08,8674.36
TAX929389,USR8722,SPT834159,2022-12-20,26664.54
TAX929390,USR511,SPT613150,2022-09-23,47288.38
TAX929391,USR3298,SPT875451,2022-07-14,32578.92
TAX929392,USR2967,SPT430360,2023-11-29,28312.55
TAX929393,USR1585,SPT1937887,2022-09-09,20028.34
TAX929394,USR7428,SPT226711,2023-03-11,11202.51
TAX929395,USR1554,SPT304651,2022-02-25,33938.25
TAX929396,USR350,SPT1119002,2023-04-14,40292.69
TAX929397,USR6159,SPT1282196,2022-08-29,41928.46
TAX929398,USR1116,SPT962398,2023-11-23,18152.66
TAX929399,USR6879,SPT655197,2022-11-08,3919.56
TAX929400,USR9424,SPT1447760,2023-03-20,16908.1
TAX929401,USR9897,SPT493942,2023-01-12,18376.66
TAX929402,USR2842,SPT1634897,2022-12-23,32895.32
TAX929403,USR822,SPT134568,2022-11-05,26845.56
TAX929404,USR3759,SPT668318,2022-04-09,3305.41
TAX929405,USR4273,SPT1907360,2022-10-19,32165.0
TAX929406,USR8619,SPT56375,2023-10-31,28368.91
TAX929407,USR4658,SPT881171,2022-07-05,20158.97
TAX929408,USR5129,SPT1930622,2023-11-04,42081.19
TAX929409,USR1520,SPT1116403,2022-02-27,34693.36
TAX929410,USR2121,SPT1660965,2022-10-14,13909.76
TAX929411,USR4678,SPT613022,2023-04-16,15172.25
TAX929412,USR2729,SPT223149,2022-12-17,27532.5
TAX929413,USR4473,SPT326584,2023-10-16,22304.0
TAX929414,USR5032,SPT111312,2022-03-22,39692.66
TAX929415,USR4460,SPT1470920,2022-11-09,47412.42
TAX929416,USR2643,SPT920926,2022-03-17,40070.38
TAX929417,USR1430,SPT1113331,2023-02-05,12608.03
TAX929418,USR1240,SPT1900456,2024-02-05,12450.06
TAX929419,USR4517,SPT1071989,2022-07-07,5364.89
TAX929420,USR2721,SPT1540229,2022-11-04,15939.15
TAX929421,USR2502,SPT225268,2023-09-28,17811.45
TAX929422,USR9791,SPT1177299,2022-11-18,35274.68
TAX929423,USR7682,SPT1759431,2024-01-16,32138.75
TAX929424,USR6820,SPT491558,2022-07-03,17346.27
TAX929425,USR1557,SPT1905719,2023-07-29,22850.88
TAX929426,USR2047,SPT239929,2022-08-14,4359.05
TAX929427,USR3574,SPT1905233,2023-03-15,20436.11
TAX929428,USR1417,SPT1220552,2023-09-06,9258.34
TAX929429,USR3433,SPT384548,2024-01-09,39927.79
TAX929430,USR8483,SPT1410065,2022-08-10,21924.8
TAX929431,USR6335,SPT294098,2024-01-24,37895.49
TAX929432,USR3733,SPT500953,2023-02-16,36622.46
TAX929433,USR4535,SPT1715166,2023-09-15,12875.95
TAX929434,USR6613,SPT822825,2024-02-06,25926.02
TAX929435,USR6449,SPT1228609,2022-12-17,27794.7
TAX929436,USR5843,SPT1795525,2022-09-25,20676.07
TAX929437,USR7063,SPT280072,2022-11-18,4323.04
TAX929438,USR9949,SPT325737,2022-11-20,34421.29
TAX929439,USR3655,SPT1489392,2023-09-06,18800.05
TAX929440,USR2129,SPT962188,2022-04-15,31868.69
TAX929441,USR8965,SPT1664203,2022-10-08,13467.51
TAX929442,USR465,SPT25299,2022-06-24,43112.71
TAX929443,USR2821,SPT1069182,2023-09-21,48282.22
TAX929444,USR9875,SPT950923,2022-03-15,31903.8
TAX929445,USR997,SPT180994,2022-10-24,22518.43
TAX929446,USR8588,SPT1301339,2022-07-22,3468.68
TAX929447,USR8653,SPT285633,2022-10-16,47422.6
TAX929448,USR7568,SPT233735,2023-11-15,39869.35
TAX929449,USR1417,SPT1068785,2023-12-12,11926.51
TAX929450,USR7528,SPT1788429,2022-06-02,40541.41
TAX929451,USR354,SPT617961,2023-06-21,28531.25
TAX929452,USR2771,SPT1139895,2022-12-31,46244.67
TAX929453,USR1120,SPT109374,2022-12-08,42667.06
TAX929454,USR1153,SPT1418881,2023-05-21,22316.16
TAX929455,USR6750,SPT433925,2023-05-13,47502.62
TAX929456,USR6887,SPT1896855,2022-10-22,36793.89
TAX929457,USR5864,SPT332387,2023-01-19,41410.72
TAX929458,USR5482,SPT1526739,2022-08-27,20242.66
TAX929459,USR3237,SPT661172,2022-11-19,42514.04
TAX929460,USR8340,SPT1490018,2024-01-16,29990.89
TAX929461,USR666,SPT867003,2024-01-31,27115.47
TAX929462,USR9185,SPT10751,2023-06-02,40444.29
TAX929463,USR9646,SPT1462360,2022-09-11,37217.68
TAX929464,USR6342,SPT1351542,2022-12-09,11573.69
TAX929465,USR2432,SPT1694262,2023-08-11,15803.1
TAX929466,USR6507,SPT1487881,2023-10-05,12872.08
TAX929467,USR1464,SPT1848098,2023-11-09,9934.69
TAX929468,USR1873,SPT630271,2023-03-30,29435.35
TAX929469,USR4518,SPT1634888,2023-03-03,18153.15
TAX929470,USR9964,SPT861779,2023-11-26,32872.1
TAX929471,USR6953,SPT336670,2022-08-14,3715.39
TAX929472,USR7815,SPT1563448,2022-07-26,8562.09
TAX929473,USR8089,SPT919810,2023-04-30,25867.73
TAX929474,USR7209,SPT966438,2023-06-17,26583.51
TAX929475,USR8072,SPT4887,2023-01-06,9682.9
TAX929476,USR8085,SPT1066714,2023-03-03,7958.85
TAX929477,USR3041,SPT375496,2022-02-21,48745.6
TAX929478,USR9073,SPT422661,2023-06-10,18041.33
TAX929479,USR650,SPT43833,2023-03-30,17062.52
TAX929480,USR9469,SPT229975,2023-06-18,25546.95
TAX929481,USR7265,SPT521388,2022-08-10,18476.04
TAX929482,USR5055,SPT127181,2022-06-14,5145.06
TAX929483,USR8929,SPT1594485,2022-12-28,16643.96
TAX929484,USR9842,SPT536753,2022-06-19,15975.52
TAX929485,USR9660,SPT1031325,2022-08-11,37532.28
TAX929486,USR5445,SPT874143,2024-01-11,14772.08
TAX929487,USR222,SPT1982192,2023-02-18,1808.5
TAX929488,USR1066,SPT1155297,2023-05-22,3146.09
TAX929489,USR6493,SPT959698,2022-07-21,34479.65
TAX929490,USR2995,SPT1001875,2023-08-25,44116.97
TAX929491,USR4876,SPT358225,2022-05-17,13808.28
TAX929492,USR4268,SPT685185,2023-11-13,16792.27
TAX929493,USR4821,SPT1083784,2024-01-04,13499.36
TAX929494,USR2902,SPT1900609,2023-04-23,49802.61
TAX929495,USR6688,SPT288368,2023-01-06,28918.6
TAX929496,USR2781,SPT1112740,2023-03-17,30081.68
TAX929497,USR9395,SPT624968,2023-06-17,48024.12
TAX929498,USR516,SPT1354824,2023-10-28,19346.66
TAX929499,USR5909,SPT707656,2022-05-19,17699.51
TAX929500,USR6145,SPT382759,2022-05-16,19496.76
TAX929501,USR2040,SPT739021,2023-05-05,10794.13
TAX929502,USR9138,SPT712741,2023-05-23,47898.74
TAX929503,USR2741,SPT1544778,2023-10-31,39902.79
TAX929504,USR4105,SPT1128737,2022-11-14,24954.85
TAX929505,USR3729,SPT1828409,2023-06-07,13128.18
TAX929506,USR4536,SPT335939,2022-04-28,9801.13
TAX929507,USR8608,SPT1802757,2022-04-28,9806.43
TAX929508,USR7267,SPT1403622,2023-12-03,28192.34
TAX929509,USR2509,SPT256467,2022-09-08,19714.21
TAX929510,USR4739,SPT171095,2023-04-11,44414.55
TAX929511,USR9492,SPT1725646,2022-07-10,24617.3
TAX929512,USR3897,SPT314752,2023-02-01,12926.35
TAX929513,USR8446,SPT271317,2022-12-06,28708.38
TAX929514,USR2290,SPT451884,2022-07-26,18787.4
TAX929515,USR3845,SPT751729,2022-10-19,44541.96
TAX929516,USR3392,SPT979260,2023-10-23,9049.73
TAX929517,USR1574,SPT1259464,2023-12-04,20845.35
TAX929518,USR2921,SPT140183,2024-01-02,28863.53
TAX929519,USR4888,SPT641776,2023-03-14,2074.4
TAX929520,USR867,SPT246621,2022-03-04,3914.76
TAX929521,USR6180,SPT241378,2022-03-30,43029.12
TAX929522,USR22,SPT700917,2022-12-22,30274.89
TAX929523,USR6982,SPT689293,2023-01-28,47875.41
TAX929524,USR1267,SPT1661235,2022-03-08,34048.16
TAX929525,USR2973,SPT711828,2023-06-12,33351.1
TAX929526,USR6078,SPT1520698,2023-12-18,16656.34
TAX929527,USR9609,SPT841220,2022-10-15,45026.87
TAX929528,USR8533,SPT1740580,2023-09-14,18661.81
TAX929529,USR3744,SPT1720356,2023-04-29,32987.91
TAX929530,USR261,SPT1849188,2023-09-09,37171.22
TAX929531,USR6587,SPT864307,2023-03-09,6188.36
TAX929532,USR1536,SPT667365,2023-12-20,12295.08
TAX929533,USR8501,SPT1815398,2022-04-04,39719.63
TAX929534,USR8456,SPT521095,2023-01-20,27826.9
TAX929535,USR4230,SPT508357,2022-09-24,41137.23
TAX929536,USR194,SPT242777,2024-01-28,2925.33
TAX929537,USR5071,SPT293509,2023-11-05,34409.67
TAX929538,USR6658,SPT1839135,2022-03-04,29129.86
TAX929539,USR8805,SPT203009,2022-05-15,39265.05
TAX929540,USR5044,SPT936823,2022-10-18,1873.52
TAX929541,USR5473,SPT1843010,2022-07-17,42192.09
TAX929542,USR9633,SPT352348,2022-03-18,20386.21
TAX929543,USR1283,SPT1407496,2023-07-14,32344.07
TAX929544,USR6374,SPT806774,2022-06-23,19072.87
TAX929545,USR4353,SPT1465532,2023-01-28,16790.48
TAX929546,USR4720,SPT386852,2023-11-15,3465.29
TAX929547,USR1818,SPT670422,2023-06-01,44046.18
TAX929548,USR131,SPT1376106,2023-08-18,6557.98
TAX929549,USR4624,SPT40375,2022-08-02,45924.19
TAX929550,USR1546,SPT1043233,2022-07-05,35824.86
TAX929551,USR6695,SPT1478606,2023-04-06,19004.11
TAX929552,USR3624,SPT1679316,2022-03-29,17812.05
TAX929553,USR3115,SPT1431733,2023-10-10,45948.34
TAX929554,USR4983,SPT1822435,2022-08-22,49585.85
TAX929555,USR3752,SPT556642,2022-12-26,38934.56
TAX929556,USR1753,SPT1937910,2022-08-03,39992.25
TAX929557,USR1827,SPT712890,2023-10-10,12045.69
TAX929558,USR2577,SPT72432,2023-10-06,31852.83
TAX929559,USR5381,SPT1441168,2022-08-04,5715.07
TAX929560,USR7998,SPT387735,2023-06-25,8017.16
TAX929561,USR3443,SPT193770,2023-01-30,42753.26
TAX929562,USR2270,SPT507921,2024-01-04,31806.28
TAX929563,USR9297,SPT1566339,2023-02-14,22660.11
TAX929564,USR2197,SPT73765,2023-07-30,6297.63
TAX929565,USR8746,SPT1901071,2023-06-17,32237.7
TAX929566,USR901,SPT839915,2022-06-24,10646.75
TAX929567,USR4694,SPT337419,2024-01-28,42120.49
TAX929568,USR487,SPT576068,2023-10-21,3884.02
TAX929569,USR1619,SPT1999141,2022-12-07,36107.31
TAX929570,USR6083,SPT443089,2022-02-25,13409.94
TAX929571,USR5193,SPT930946,2022-02-23,47005.08
TAX929572,USR425,SPT1436002,2022-08-29,5648.4
TAX929573,USR1935,SPT665222,2022-12-26,14897.18
TAX929574,USR2762,SPT571877,2022-02-25,22876.86
TAX929575,USR2215,SPT1422543,2022-04-13,26264.49
TAX929576,USR1730,SPT726077,2023-12-08,34442.8
TAX929577,USR2798,SPT1420791,2023-12-13,22868.15
TAX929578,USR7386,SPT432278,2023-08-06,1141.15
TAX929579,USR4658,SPT498632,2023-11-24,46906.41
TAX929580,USR974,SPT998158,2023-03-02,25082.25
TAX929581,USR2419,SPT187172,2023-12-20,47267.69
TAX929582,USR5765,SPT501557,2023-10-21,46682.0
TAX929583,USR4246,SPT471250,2023-09-05,9370.87
TAX929584,USR6723,SPT701418,2023-05-28,42162.62
TAX929585,USR5738,SPT1507981,2023-03-07,6910.57
TAX929586,USR7029,SPT712087,2023-01-06,25430.05
TAX929587,USR1394,SPT9014,2022-04-26,20001.9
TAX929588,USR2850,SPT647223,2023-04-02,4166.5
TAX929589,USR4044,SPT1702046,2022-04-06,39809.39
TAX929590,USR4395,SPT142387,2023-12-14,13123.87
TAX929591,USR5058,SPT81864,2023-07-18,21408.16
TAX929592,USR4989,SPT1376418,2023-09-30,15820.19
TAX929593,USR5530,SPT408786,2022-11-01,43084.56
TAX929594,USR1236,SPT1012110,2023-01-03,18197.44
TAX929595,USR3109,SPT731062,2022-05-22,10116.02
TAX929596,USR2989,SPT1845104,2022-03-28,45868.41
TAX929597,USR7924,SPT1636724,2023-06-30,2988.68
TAX929598,USR3070,SPT721229,2023-04-25,4466.22
TAX929599,USR9660,SPT1037704,2022-02-11,32786.66
TAX929600,USR5315,SPT805152,2022-04-01,40460.11
TAX929601,USR2193,SPT1784851,2023-03-19,3524.56
TAX929602,USR7378,SPT46842,2023-10-13,18314.73
TAX929603,USR4710,SPT1663172,2023-02-01,36837.57
TAX929604,USR2785,SPT1909931,2022-11-18,26766.14
TAX929605,USR144,SPT1714758,2024-01-15,19363.61
TAX929606,USR3280,SPT1714134,2022-12-26,7567.24
TAX929607,USR2920,SPT1000487,2022-03-02,20101.9
TAX929608,USR8567,SPT1712029,2023-10-10,14460.91
TAX929609,USR5970,SPT370327,2023-10-31,13042.99
TAX929610,USR7823,SPT834714,2023-09-17,10996.15
TAX929611,USR6728,SPT1074709,2023-09-17,3493.58
TAX929612,USR6972,SPT629987,2022-03-18,48289.19
TAX929613,USR4693,SPT228508,2022-11-15,41916.76
TAX929614,USR9561,SPT475552,2024-01-14,1680.33
TAX929615,USR8829,SPT1393901,2023-08-29,48470.92
TAX929616,USR8977,SPT758637,2023-11-13,32461.44
TAX929617,USR9624,SPT1041003,2022-04-04,17175.01
TAX929618,USR4565,SPT648127,2023-10-09,19802.13
TAX929619,USR6836,SPT1469346,2022-11-03,21806.41
TAX929620,USR8449,SPT1468881,2024-01-11,30632.56
TAX929621,USR4612,SPT1206615,2022-07-17,47849.59
TAX929622,USR6899,SPT1537993,2022-11-17,6239.84
TAX929623,USR8162,SPT412454,2022-05-23,45733.43
TAX929624,USR6993,SPT1878145,2023-08-02,30766.12
TAX929625,USR9448,SPT1146143,2023-02-16,48276.29
TAX929626,USR6388,SPT1981134,2022-08-14,32941.32
TAX929627,USR5230,SPT663,2023-07-29,41550.54
TAX929628,USR1161,SPT1739794,2023-04-29,24457.72
TAX929629,USR1399,SPT567013,2023-06-23,3555.1
TAX929630,USR858,SPT1562865,2023-01-10,42722.36
TAX929631,USR2366,SPT1519378,2023-06-15,38174.62
TAX929632,USR2145,SPT1536639,2023-05-13,8504.99
TAX929633,USR3624,SPT487445,2022-02-17,46018.46
TAX929634,USR1943,SPT1370110,2023-03-06,26692.87
TAX929635,USR4174,SPT541677,2023-07-09,7316.76
TAX929636,USR6934,SPT727941,2024-01-10,43567.17
TAX929637,USR8454,SPT655717,2022-06-09,21479.96
TAX929638,USR4164,SPT1126952,2023-06-11,20899.13
TAX929639,USR5196,SPT9921,2022-07-24,8823.15
TAX929640,USR377,SPT656950,2022-07-06,42797.66
TAX929641,USR7915,SPT1834849,2022-10-11,46696.67
TAX929642,USR5674,SPT1189397,2023-05-16,19989.8
TAX929643,USR341,SPT548605,2023-01-12,32122.48
TAX929644,USR3599,SPT1443067,2023-09-11,13100.67
TAX929645,USR1922,SPT1158703,2022-10-09,3419.86
TAX929646,USR6466,SPT256205,2023-11-05,36694.78
TAX929647,USR6132,SPT1678837,2024-01-30,39644.36
TAX929648,USR346,SPT165951,2022-03-23,3754.17
TAX929649,USR9829,SPT1321028,2022-11-25,1416.55
TAX929650,USR2662,SPT1317839,2022-07-21,3108.68
TAX929651,USR2795,SPT1573435,2022-08-22,1765.04
TAX929652,USR9909,SPT554638,2022-05-27,22172.93
TAX929653,USR7580,SPT133155,2022-07-22,2665.39
TAX929654,USR2833,SPT1267969,2022-08-24,10011.08
TAX929655,USR2752,SPT1188878,2024-01-15,44374.69
TAX929656,USR1344,SPT1200775,2022-11-27,48476.13
TAX929657,USR572,SPT951104,2023-11-06,17960.77
TAX929658,USR3369,SPT1553662,2023-12-09,30898.8
TAX929659,USR5530,SPT1958163,2022-05-12,44646.1
TAX929660,USR4084,SPT19786,2022-12-15,2209.8
TAX929661,USR7693,SPT505393,2022-04-24,19034.8
TAX929662,USR6514,SPT363016,2022-04-16,12608.95
TAX929663,USR5245,SPT1938998,2022-04-23,34042.72
TAX929664,USR5224,SPT455879,2022-03-19,39544.1
TAX929665,USR9493,SPT226636,2023-08-18,38976.91
TAX929666,USR9482,SPT1960885,2023-10-04,11858.08
TAX929667,USR1597,SPT1290258,2023-06-08,46012.0
TAX929668,USR2514,SPT368491,2023-06-22,8136.33
TAX929669,USR690,SPT1711332,2022-05-28,18312.13
TAX929670,USR2183,SPT663270,2023-10-26,31742.39
TAX929671,USR3657,SPT1349574,2023-08-18,21085.0
TAX929672,USR4925,SPT703206,2023-04-02,12064.99
TAX929673,USR394,SPT1621525,2022-03-06,19064.83
TAX929674,USR8853,SPT1835312,2022-08-28,16324.34
TAX929675,USR5129,SPT195355,2023-11-22,23147.39
TAX929676,USR4475,SPT1023559,2022-04-09,26576.22
TAX929677,USR8724,SPT1048139,2023-10-26,15817.84
TAX929678,USR3258,SPT794279,2024-01-19,32412.91
TAX929679,USR656,SPT300617,2022-08-05,2426.28
TAX929680,USR7667,SPT1478678,2023-01-17,25052.95
TAX929681,USR3614,SPT1524346,2022-10-06,38234.92
TAX929682,USR3139,SPT1759089,2023-06-15,2712.55
TAX929683,USR684,SPT1646273,2023-06-28,30650.9
TAX929684,USR8314,SPT420768,2022-04-20,36452.87
TAX929685,USR4664,SPT183544,2023-06-24,7384.94
TAX929686,USR4658,SPT224047,2022-07-28,11549.72
TAX929687,USR5065,SPT327013,2023-03-20,13438.42
TAX929688,USR251,SPT1555200,2023-09-24,5709.52
TAX929689,USR2197,SPT192211,2023-07-03,42439.41
TAX929690,USR3709,SPT1889458,2023-03-23,29876.64
TAX929691,USR341,SPT662026,2022-02-09,33309.01
TAX929692,USR5991,SPT1750374,2022-07-18,14923.2
TAX929693,USR6905,SPT723217,2023-01-30,22306.99
TAX929694,USR5315,SPT1172533,2022-03-09,5658.42
TAX929695,USR2852,SPT993711,2022-07-22,18178.79
TAX929696,USR2474,SPT197230,2022-07-28,36469.66
TAX929697,USR4483,SPT309597,2023-12-22,39615.2
TAX929698,USR5459,SPT1514478,2022-12-30,33640.83
TAX929699,USR9031,SPT1970795,2023-08-14,32289.65
TAX929700,USR6435,SPT179278,2023-12-26,44393.33
TAX929701,USR9729,SPT696842,2023-02-01,9226.56
TAX929702,USR4360,SPT804160,2023-06-14,48855.4
TAX929703,USR769,SPT196654,2023-07-21,24832.93
TAX929704,USR6685,SPT1354789,2022-11-23,34477.36
TAX929705,USR5410,SPT1429985,2022-11-19,22645.71
TAX929706,USR613,SPT201650,2024-01-09,37712.09
TAX929707,USR8390,SPT1842332,2023-08-28,48704.1
TAX929708,USR3703,SPT1533836,2023-04-20,41141.73
TAX929709,USR7780,SPT1030769,2022-10-27,14169.09
TAX929710,USR5380,SPT1539721,2023-12-30,7824.83
TAX929711,USR6954,SPT844695,2022-03-11,48764.52
TAX929712,USR9089,SPT904562,2023-08-22,34434.81
TAX929713,USR5968,SPT1146267,2023-03-18,39402.96
TAX929714,USR2493,SPT158509,2022-05-01,13357.44
TAX929715,USR250,SPT1068115,2022-06-28,25441.39
TAX929716,USR6666,SPT893106,2023-03-06,49408.31
TAX929717,USR5575,SPT762334,2023-03-20,10414.8
TAX929718,USR9488,SPT1515160,2023-12-27,17039.24
TAX929719,USR9388,SPT208521,2023-12-11,1819.94
TAX929720,USR2672,SPT1768080,2023-01-19,32767.64
TAX929721,USR8964,SPT1252808,2022-12-29,36801.72
TAX929722,USR7511,SPT1097370,2023-09-11,23161.06
TAX929723,USR2171,SPT1937283,2022-12-23,43756.05
TAX929724,USR6264,SPT1678361,2023-12-07,7486.01
TAX929725,USR572,SPT1761404,2023-11-23,41814.65
TAX929726,USR7327,SPT1892139,2023-08-02,14949.95
TAX929727,USR1748,SPT1997056,2023-04-09,7102.02
TAX929728,USR9308,SPT199840,2022-05-23,7745.75
TAX929729,USR520,SPT1671011,2022-02-14,32625.72
TAX929730,USR330,SPT1658686,2022-05-13,49112.88
TAX929731,USR2570,SPT1819288,2022-03-24,31257.92
TAX929732,USR5985,SPT1344654,2022-09-24,7792.64
TAX929733,USR7781,SPT1036082,2023-01-10,44416.23
TAX929734,USR9013,SPT93174,2023-02-14,36788.08
TAX929735,USR4734,SPT899275,2023-02-03,9734.96
TAX929736,USR96,SPT1822923,2023-10-29,15645.15
TAX929737,USR2297,SPT1930674,2022-11-10,4380.18
TAX929738,USR8699,SPT1424320,2022-12-17,34830.97
TAX929739,USR4836,SPT542799,2023-07-23,38811.58
TAX929740,USR5137,SPT1350930,2022-06-03,1365.57
TAX929741,USR50,SPT1320605,2023-02-01,13069.02
TAX929742,USR5594,SPT1525246,2022-07-31,26986.03
TAX929743,USR2080,SPT142201,2023-06-02,48665.11
TAX929744,USR5123,SPT1077941,2023-11-19,42179.98
TAX929745,USR8972,SPT1467074,2022-10-06,18821.33
TAX929746,USR9600,SPT1451271,2022-04-17,6260.5
TAX929747,USR4639,SPT396256,2024-01-14,21525.56
TAX929748,USR7808,SPT1844754,2023-09-15,36980.75
TAX929749,USR2215,SPT1892551,2022-04-04,39496.7
TAX929750,USR1642,SPT330389,2023-02-25,28253.01
TAX929751,USR7026,SPT394564,2023-04-11,8338.14
TAX929752,USR9647,SPT1531116,2024-01-20,29608.26
TAX929753,USR8226,SPT903266,2023-12-18,39945.8
TAX929754,USR2760,SPT274601,2022-11-21,15752.74
TAX929755,USR4124,SPT80573,2022-04-24,19980.82
TAX929756,USR2558,SPT992341,2022-05-16,32282.23
TAX929757,USR990,SPT1844535,2022-12-02,13379.73
TAX929758,USR8875,SPT251466,2023-03-04,27118.78
TAX929759,USR8052,SPT1971938,2023-11-16,24852.11
TAX929760,USR1597,SPT322589,2022-10-26,48246.52
TAX929761,USR7667,SPT1583315,2024-02-03,28993.62
TAX929762,USR7813,SPT184511,2023-08-29,15733.08
TAX929763,USR8361,SPT989945,2022-05-01,37409.33
TAX929764,USR399,SPT1212745,2022-02-09,27338.48
TAX929765,USR9838,SPT1063646,2022-08-24,26702.96
TAX929766,USR8419,SPT731235,2022-06-03,22950.79
TAX929767,USR5638,SPT312039,2022-09-28,27979.56
TAX929768,USR9087,SPT1603796,2023-08-21,13999.89
TAX929769,USR8005,SPT1371179,2023-10-13,17122.67
TAX929770,USR5715,SPT1834308,2022-04-14,43942.44
TAX929771,USR2239,SPT1558058,2022-04-30,35565.83
TAX929772,USR4390,SPT494038,2022-04-07,30205.8
TAX929773,USR5428,SPT836282,2023-10-21,11982.39
TAX929774,USR4642,SPT1751851,2023-05-01,47244.44
TAX929775,USR8123,SPT1172624,2023-10-11,39199.19
TAX929776,USR2594,SPT325018,2024-02-01,12280.84
TAX929777,USR3006,SPT503598,2022-08-21,31708.64
TAX929778,USR5880,SPT126391,2022-05-02,19159.3
TAX929779,USR1011,SPT624096,2022-08-06,31800.58
TAX929780,USR7399,SPT1208902,2023-11-23,37806.88
TAX929781,USR1722,SPT1497969,2023-06-14,19082.79
TAX929782,USR8075,SPT936626,2023-12-27,42493.38
TAX929783,USR3623,SPT249029,2022-04-18,34051.1
TAX929784,USR9196,SPT1896451,2022-03-24,20011.28
TAX929785,USR6322,SPT1279947,2023-02-15,29935.88
TAX929786,USR5406,SPT444392,2023-11-11,13361.21
TAX929787,USR3680,SPT61442,2022-11-09,25782.29
TAX929788,USR5645,SPT10552,2023-08-03,22436.11
TAX929789,USR5209,SPT927139,2023-05-27,18242.45
TAX929790,USR7687,SPT1145393,2023-12-12,47601.57
TAX929791,USR290,SPT423595,2022-09-04,2366.25
TAX929792,USR1007,SPT1873966,2023-03-14,14877.48
TAX929793,USR3558,SPT506536,2022-08-05,23720.55
TAX929794,USR7490,SPT1465321,2023-06-19,40256.73
TAX929795,USR3237,SPT875501,2022-11-19,9922.57
TAX929796,USR8029,SPT723166,2022-08-25,11111.59
TAX929797,USR7899,SPT135661,2023-03-21,12849.83
TAX929798,USR911,SPT730716,2022-10-08,41509.58
TAX929799,USR6221,SPT378188,2022-09-03,33700.49
TAX929800,USR9794,SPT978088,2022-10-12,19767.08
TAX929801,USR1833,SPT212621,2022-07-27,33521.97
TAX929802,USR3763,SPT1408218,2022-06-25,42661.64
TAX929803,USR203,SPT1931650,2022-07-25,12720.93
TAX929804,USR4299,SPT1567639,2022-07-06,18892.6
TAX929805,USR2376,SPT1962765,2023-04-05,18457.11
TAX929806,USR2222,SPT1374042,2022-08-21,42225.1
TAX929807,USR8795,SPT550666,2022-04-18,31609.43
TAX929808,USR6423,SPT570643,2023-09-21,37858.98
TAX929809,USR4969,SPT33169,2022-12-08,38389.45
TAX929810,USR4009,SPT1835155,2023-05-22,17842.73
TAX929811,USR1597,SPT1209443,2023-02-02,2460.36
TAX929812,USR2347,SPT436006,2023-03-03,5568.1
TAX929813,USR9468,SPT842211,2022-07-24,8948.34
TAX929814,USR5906,SPT1241661,2023-05-11,32962.36
TAX929815,USR9897,SPT1147566,2023-09-27,17858.09
TAX929816,USR8534,SPT588392,2022-11-09,16873.68
TAX929817,USR8481,SPT406089,2023-09-26,10910.65
TAX929818,USR9439,SPT1797486,2022-04-22,11075.4
TAX929819,USR5134,SPT849598,2023-02-01,26007.24
TAX929820,USR7755,SPT141616,2022-07-26,13513.86
TAX929821,USR6147,SPT598137,2023-09-24,2113.57
TAX929822,USR4253,SPT365903,2022-12-26,30388.72
TAX929823,USR6993,SPT1543768,2023-03-23,30213.54
TAX929824,USR4652,SPT826922,2023-02-08,31350.66
TAX929825,USR9108,SPT1395090,2022-06-20,35361.69
TAX929826,USR8445,SPT1213448,2023-03-08,7451.52
TAX929827,USR2181,SPT1784686,2022-06-04,43735.21
TAX929828,USR5357,SPT1135193,2023-09-20,15621.7
TAX929829,USR9669,SPT620414,2022-09-13,45883.72
TAX929830,USR6800,SPT1357343,2023-12-04,9486.17
TAX929831,USR3405,SPT370609,2023-05-23,33673.43
TAX929832,USR619,SPT1256278,2023-05-14,28260.8
TAX929833,USR6787,SPT1343380,2023-10-04,49028.11
TAX929834,USR5581,SPT428073,2022-06-04,3077.5
TAX929835,USR5107,SPT11082,2023-06-20,17395.06
TAX929836,USR7336,SPT168853,2023-03-23,45078.48
TAX929837,USR3061,SPT1902525,2022-09-25,29636.37
TAX929838,USR5453,SPT1343981,2023-01-21,4943.02
TAX929839,USR8874,SPT56100,2023-05-31,34975.73
TAX929840,USR7447,SPT803253,2022-12-09,39890.61
TAX929841,USR6890,SPT1937767,2023-07-22,46141.58
TAX929842,USR4370,SPT1782667,2023-01-03,2501.27
TAX929843,USR280,SPT1824803,2023-07-05,46776.18
TAX929844,USR2047,SPT1840373,2023-04-17,5142.99
TAX929845,USR2525,SPT507140,2022-10-31,30336.87
TAX929846,USR3566,SPT278068,2022-05-29,30437.4
TAX929847,USR5575,SPT1219065,2023-05-14,38216.07
TAX929848,USR4125,SPT869934,2022-09-26,39192.91
TAX929849,USR1273,SPT1215879,2022-10-11,47540.55
TAX929850,USR7273,SPT506389,2022-03-12,41273.98
TAX929851,USR7070,SPT502766,2022-09-15,27506.1
TAX929852,USR2540,SPT913361,2022-11-22,41351.94
TAX929853,USR3234,SPT875857,2022-03-15,29035.35
TAX929854,USR3314,SPT1520502,2022-06-07,4304.72
TAX929855,USR4087,SPT567180,2022-07-28,38509.87
TAX929856,USR3617,SPT1252337,2023-04-28,45114.23
TAX929857,USR6744,SPT1659549,2022-03-04,6031.44
TAX929858,USR9060,SPT45662,2023-12-27,32512.37
TAX929859,USR2379,SPT71089,2022-11-30,31498.5
TAX929860,USR7884,SPT917211,2023-06-09,36899.32
TAX929861,USR8750,SPT1017551,2023-01-12,11279.27
TAX929862,USR4078,SPT815594,2022-06-18,3304.01
TAX929863,USR3849,SPT1212357,2023-12-07,18609.67
TAX929864,USR1811,SPT404801,2022-04-08,22553.66
TAX929865,USR7981,SPT1977255,2023-02-25,16453.9
TAX929866,USR5367,SPT1253895,2022-04-09,49126.69
TAX929867,USR1900,SPT36791,2023-01-22,43201.32
TAX929868,USR7494,SPT920954,2023-01-24,37199.54
TAX929869,USR4733,SPT1498596,2023-02-28,15896.46
TAX929870,USR299,SPT1925656,2023-04-27,3514.62
TAX929871,USR3524,SPT1174012,2022-10-30,3326.09
TAX929872,USR676,SPT1636349,2022-07-05,2730.34
TAX929873,USR7686,SPT1517510,2022-10-19,10309.84
TAX929874,USR1491,SPT1369399,2022-04-03,11008.36
TAX929875,USR9383,SPT941437,2022-04-02,45812.9
TAX929876,USR5085,SPT154219,2023-02-10,48896.36
TAX929877,USR6669,SPT717336,2023-08-03,37722.61
TAX929878,USR6638,SPT1274775,2022-10-02,13112.69
TAX929879,USR6358,SPT1240606,2023-02-12,36645.25
TAX929880,USR6320,SPT751994,2023-12-30,2786.03
TAX929881,USR1060,SPT196977,2023-07-04,35089.94
TAX929882,USR4471,SPT1071500,2022-05-12,27078.69
TAX929883,USR2994,SPT1989408,2023-11-09,46949.21
TAX929884,USR2475,SPT755871,2022-02-28,35750.98
TAX929885,USR1282,SPT26181,2023-12-27,20242.8
TAX929886,USR686,SPT1728559,2022-08-27,15626.43
TAX929887,USR5360,SPT908478,2022-10-29,29432.95
TAX929888,USR605,SPT475804,2023-02-02,4915.02
TAX929889,USR4481,SPT590651,2023-03-15,27608.26
TAX929890,USR8782,SPT267853,2022-10-22,19364.35
TAX929891,USR9106,SPT1353352,2023-02-01,41045.18
TAX929892,USR2959,SPT1978406,2023-01-14,17900.99
TAX929893,USR6644,SPT1180651,2023-08-19,13388.35
TAX929894,USR2507,SPT1088179,2022-08-08,47907.95
TAX929895,USR5394,SPT1196313,2023-03-04,47432.78
TAX929896,USR6468,SPT370198,2023-04-11,10391.63
TAX929897,USR4117,SPT767048,2023-02-07,33290.36
TAX929898,USR313,SPT960188,2022-10-31,31470.81
TAX929899,USR6282,SPT1518228,2023-04-26,43003.18
TAX929900,USR6769,SPT884268,2022-11-15,30397.09
TAX929901,USR168,SPT393699,2023-12-09,18936.99
TAX929902,USR9034,SPT794021,2023-01-30,45292.62
TAX929903,USR6397,SPT1552503,2023-06-13,39573.79
TAX929904,USR7736,SPT1827322,2023-06-19,35789.38
TAX929905,USR3976,SPT1196243,2023-12-21,3592.06
TAX929906,USR3519,SPT973181,2022-05-18,48729.69
TAX929907,USR9129,SPT1775670,2022-12-15,41922.87
TAX929908,USR2984,SPT1423934,2022-11-19,16216.09
TAX929909,USR2075,SPT338275,2023-08-15,23236.2
TAX929910,USR411,SPT595744,2023-09-01,29937.75
TAX929911,USR9920,SPT1475186,2024-01-23,3061.57
TAX929912,USR7928,SPT703880,2022-03-21,45886.0
TAX929913,USR1090,SPT1354892,2023-10-22,16172.73
TAX929914,USR7762,SPT1335809,2023-08-31,32671.51
TAX929915,USR6723,SPT1365460,2023-06-21,1967.46
TAX929916,USR1116,SPT172225,2023-07-30,3649.07
TAX929917,USR7617,SPT866411,2023-02-10,21745.07
TAX929918,USR1207,SPT1107216,2024-01-31,11042.73
TAX929919,USR4932,SPT618448,2023-02-28,6731.52
TAX929920,USR6630,SPT781245,2023-06-26,35312.52
TAX929921,USR1481,SPT803354,2022-05-04,21475.7
TAX929922,USR8615,SPT560024,2024-01-21,10133.09
TAX929923,USR8333,SPT975791,2022-12-26,36651.66
TAX929924,USR7634,SPT177874,2023-05-16,33496.3
TAX929925,USR1681,SPT312556,2023-08-28,49367.59
TAX929926,USR6513,SPT1507289,2023-02-07,42380.22
TAX929927,USR5457,SPT1214502,2022-07-06,13260.75
TAX929928,USR2176,SPT744837,2023-08-15,29846.98
TAX929929,USR6719,SPT901847,2022-12-05,4490.41
TAX929930,USR9028,SPT280347,2022-09-01,46187.49
TAX929931,USR1366,SPT25110,2022-07-10,49060.94
TAX929932,USR5482,SPT10419,2022-12-22,38211.74
TAX929933,USR5405,SPT559228,2022-08-21,37664.77
TAX929934,USR3924,SPT1198825,2023-09-25,40648.96
TAX929935,USR6760,SPT5103,2023-02-15,47249.46
TAX929936,USR1835,SPT119100,2023-05-09,24042.27
TAX929937,USR258,SPT137919,2022-04-02,47224.99
TAX929938,USR3432,SPT581709,2024-01-04,21832.5
TAX929939,USR2212,SPT1633205,2022-05-15,49760.83
TAX929940,USR3528,SPT430015,2022-07-04,9527.38
TAX929941,USR7832,SPT921397,2023-10-28,27818.78
TAX929942,USR8406,SPT509899,2023-01-10,22830.65
TAX929943,USR6698,SPT71805,2022-09-10,13112.24
TAX929944,USR4684,SPT1661217,2022-03-04,29821.0
TAX929945,USR5212,SPT1187457,2023-10-27,25353.03
TAX929946,USR6972,SPT1820714,2023-04-03,17644.15
TAX929947,USR7236,SPT1175898,2023-03-21,45069.91
TAX929948,USR7768,SPT795735,2023-10-10,23555.05
TAX929949,USR9810,SPT1728920,2022-09-06,45652.09
TAX929950,USR8009,SPT1765742,2022-02-26,2136.86
TAX929951,USR5237,SPT495167,2022-08-25,1033.25
TAX929952,USR6358,SPT1724041,2023-10-19,38843.87
TAX929953,USR6163,SPT1756959,2022-12-04,29415.36
TAX929954,USR1124,SPT713347,2022-08-08,36619.98
TAX929955,USR9333,SPT926022,2022-10-09,35018.3
TAX929956,USR1730,SPT6899,2023-11-18,44581.37
TAX929957,USR8781,SPT497275,2022-06-10,5018.87
TAX929958,USR5130,SPT309651,2023-06-19,34881.14
TAX929959,USR1830,SPT303601,2023-01-08,10336.65
TAX929960,USR786,SPT1539624,2023-04-02,10668.84
TAX929961,USR6170,SPT851403,2022-09-13,45567.51
TAX929962,USR3554,SPT1213430,2023-12-27,30332.7
TAX929963,USR4577,SPT1929233,2022-06-10,37146.36
TAX929964,USR6536,SPT1710468,2023-03-05,7952.85
TAX929965,USR5449,SPT1730898,2023-11-07,7926.38
TAX929966,USR5421,SPT1781242,2023-10-15,31001.41
TAX929967,USR797,SPT136740,2023-04-07,3388.23
TAX929968,USR1152,SPT673145,2024-01-11,21750.47
TAX929969,USR6119,SPT633527,2023-03-14,41664.1
TAX929970,USR8532,SPT999384,2023-02-16,38907.27
TAX929971,USR3985,SPT1859546,2023-08-04,9445.43
TAX929972,USR4473,SPT8410,2023-10-01,5726.76
TAX929973,USR8563,SPT484184,2023-05-31,9445.88
TAX929974,USR2234,SPT1414634,2023-07-05,18722.85
TAX929975,USR3105,SPT303640,2023-06-08,38540.41
TAX929976,USR3849,SPT90840,2024-01-01,27665.8
TAX929977,USR3876,SPT1509849,2023-10-20,6629.5
TAX929978,USR9532,SPT930708,2024-01-26,22873.67
TAX929979,USR1154,SPT1582135,2023-08-28,6582.13
TAX929980,USR4347,SPT284455,2023-10-20,45681.24
TAX929981,USR6918,SPT1649062,2022-08-21,9398.14
TAX929982,USR1770,SPT180512,2023-01-22,16558.5
TAX929983,USR3617,SPT1350421,2023-06-23,43953.9
TAX929984,USR8537,SPT691149,2023-04-27,22822.89
TAX929985,USR2576,SPT1355032,2023-07-26,20219.78
TAX929986,USR1298,SPT826113,2022-10-08,8340.31
TAX929987,USR5381,SPT1278733,2022-03-12,20887.77
TAX929988,USR6170,SPT327078,2022-10-18,44949.25
TAX929989,USR9963,SPT1937775,2022-10-29,6924.99
TAX929990,USR1173,SPT802095,2023-11-29,47380.9
TAX929991,USR6957,SPT1354908,2023-04-04,26551.97
TAX929992,USR9470,SPT1372992,2022-12-16,14755.94
TAX929993,USR4645,SPT1255179,2022-11-16,27311.76
TAX929994,USR7897,SPT193378,2023-09-21,45487.34
TAX929995,USR2531,SPT473221,2023-12-19,12224.58
TAX929996,USR1674,SPT1433994,2022-07-27,3421.99
TAX929997,USR5832,SPT1048074,2023-07-26,9487.57
TAX929998,USR4567,SPT1146656,2022-12-05,44350.61
TAX929999,USR3980,SPT46827,2022-12-27,19884.74
TAX930000,USR1716,SPT273966,2022-03-08,10824.01
TAX930001,USR8235,SPT621555,2022-05-08,46179.71
TAX930002,USR4486,SPT1963570,2024-02-01,32267.8
TAX930003,USR3226,SPT1618868,2023-07-23,14141.95
TAX930004,USR7733,SPT76077,2023-01-24,3358.89
TAX930005,USR6034,SPT1766585,2023-01-17,33154.17
TAX930006,USR2097,SPT476056,2022-04-12,13404.56
TAX930007,USR8377,SPT446731,2022-09-13,46135.11
TAX930008,USR7646,SPT943963,2022-03-19,28366.08
TAX930009,USR4173,SPT1610061,2023-11-05,1450.48
TAX930010,USR1531,SPT433638,2023-02-08,25083.18
TAX930011,USR4425,SPT561741,2022-10-02,13444.61
TAX930012,USR4408,SPT755445,2022-05-04,4093.77
TAX930013,USR4966,SPT1101896,2022-05-15,21569.4
TAX930014,USR7457,SPT550531,2022-11-29,47566.25
TAX930015,USR7119,SPT439816,2023-08-20,47252.62
TAX930016,USR2274,SPT202384,2023-02-06,11491.6
TAX930017,USR2017,SPT1780145,2023-06-20,28664.77
TAX930018,USR1631,SPT1128087,2022-12-12,39673.06
TAX930019,USR926,SPT1675017,2022-06-11,17455.15
TAX930020,USR8330,SPT475914,2022-02-17,45013.99
TAX930021,USR7395,SPT824913,2023-07-26,9817.28
TAX930022,USR5559,SPT1431591,2023-02-18,27556.86
TAX930023,USR513,SPT297256,2022-04-24,23338.7
TAX930024,USR4286,SPT401832,2022-09-26,32627.27
TAX930025,USR1136,SPT1565485,2022-08-25,9043.17
TAX930026,USR1210,SPT1824108,2023-05-15,37337.17
TAX930027,USR7156,SPT156989,2022-07-30,18845.2
TAX930028,USR7204,SPT1029431,2023-02-22,32184.36
TAX930029,USR4237,SPT1948547,2024-02-06,32119.91
TAX930030,USR1437,SPT1622746,2023-02-04,48369.1
TAX930031,USR900,SPT1221410,2022-06-06,36478.64
TAX930032,USR341,SPT664624,2023-10-05,23144.38
TAX930033,USR6250,SPT884992,2024-01-21,38781.67
TAX930034,USR1586,SPT1992848,2023-10-19,24878.07
TAX930035,USR7091,SPT576011,2023-01-13,41933.31
TAX930036,USR3078,SPT1629641,2022-06-03,49827.09
TAX930037,USR7569,SPT1769304,2023-03-19,28138.44
TAX930038,USR9767,SPT1105576,2022-08-23,13507.69
TAX930039,USR5200,SPT344751,2023-04-04,21892.97
TAX930040,USR8898,SPT1270040,2022-06-17,28083.86
TAX930041,USR7079,SPT1084970,2022-07-26,8885.24
TAX930042,USR652,SPT1506894,2023-10-16,44070.99
TAX930043,USR8521,SPT1968325,2022-12-07,24490.36
TAX930044,USR1659,SPT889427,2022-12-15,18459.68
TAX930045,USR5240,SPT1355711,2023-12-07,47747.2
TAX930046,USR7774,SPT216779,2023-11-27,5486.5
TAX930047,USR4752,SPT1291911,2023-03-16,34033.21
TAX930048,USR9484,SPT648546,2023-12-14,32303.35
TAX930049,USR3813,SPT1451718,2023-03-30,23144.7
TAX930050,USR6514,SPT1514025,2023-07-02,29692.39
TAX930051,USR4977,SPT1622954,2022-10-30,45964.43
TAX930052,USR2913,SPT312753,2023-02-11,20405.77
TAX930053,USR5396,SPT1276323,2022-09-15,3507.85
TAX930054,USR7025,SPT1908750,2023-10-08,24760.59
TAX930055,USR662,SPT11646,2023-11-12,45469.3
TAX930056,USR837,SPT225026,2022-05-22,19539.9
TAX930057,USR7182,SPT975899,2023-07-31,13834.21
TAX930058,USR1871,SPT689214,2023-06-11,47489.8
TAX930059,USR1326,SPT559704,2022-03-25,8117.21
TAX930060,USR3824,SPT349142,2023-04-23,1635.57
TAX930061,USR8166,SPT52896,2023-04-12,6744.8
TAX930062,USR912,SPT1736321,2023-03-13,7675.79
TAX930063,USR3712,SPT1735032,2022-05-29,13912.72
TAX930064,USR3871,SPT1747304,2023-06-21,47988.92
TAX930065,USR2153,SPT1948871,2023-04-10,37931.39
TAX930066,USR6417,SPT1672193,2023-01-19,36136.78
TAX930067,USR9142,SPT330623,2024-01-27,47475.33
TAX930068,USR438,SPT1233822,2022-06-18,23511.24
TAX930069,USR7152,SPT962003,2022-08-31,23174.99
TAX930070,USR6896,SPT1176569,2022-02-18,37140.16
TAX930071,USR3417,SPT1227643,2022-11-15,39877.38
TAX930072,USR350,SPT1937448,2023-01-19,10797.55
TAX930073,USR1985,SPT267232,2022-09-18,32792.55
TAX930074,USR6172,SPT1404076,2024-02-07,16726.26
TAX930075,USR213,SPT633974,2022-12-20,34124.2
TAX930076,USR4085,SPT1467446,2023-12-24,26581.73
TAX930077,USR8582,SPT735063,2023-02-07,13210.86
TAX930078,USR3605,SPT817860,2023-03-07,3495.39
TAX930079,USR3146,SPT141383,2024-01-13,24608.21
TAX930080,USR238,SPT375077,2022-12-22,12723.65
TAX930081,USR7408,SPT1224943,2023-09-03,3227.34
TAX930082,USR179,SPT1420714,2022-04-15,1014.77
TAX930083,USR5956,SPT1836507,2023-10-08,21198.61
TAX930084,USR2003,SPT154204,2022-02-17,29758.72
TAX930085,USR6091,SPT1510339,2022-09-15,14966.19
TAX930086,USR2597,SPT1792330,2024-01-08,47886.71
TAX930087,USR7854,SPT478168,2023-11-02,10522.75
TAX930088,USR4848,SPT1686017,2022-06-15,45626.59
TAX930089,USR3025,SPT788706,2022-04-02,41254.66
TAX930090,USR4644,SPT929024,2023-09-10,38040.6
TAX930091,USR6233,SPT895674,2023-12-06,13504.6
TAX930092,USR6575,SPT1585888,2022-10-09,12185.22
TAX930093,USR5832,SPT706129,2022-06-18,14144.94
TAX930094,USR6437,SPT1499555,2024-02-06,28666.3
TAX930095,USR3925,SPT571414,2023-09-21,6886.78
TAX930096,USR6774,SPT1840559,2022-09-08,26266.27
TAX930097,USR8609,SPT584192,2022-10-19,24212.67
TAX930098,USR917,SPT1608565,2022-02-14,1009.4
TAX930099,USR2175,SPT322471,2023-02-28,5383.48
TAX930100,USR61,SPT1223576,2022-03-07,3178.19
TAX930101,USR5667,SPT935681,2023-06-12,5383.1
TAX930102,USR3232,SPT593395,2022-11-17,8799.64
TAX930103,USR5338,SPT1782722,2022-03-23,23812.79
TAX930104,USR4668,SPT142165,2023-01-06,28827.17
TAX930105,USR3545,SPT804964,2022-09-08,38868.56
TAX930106,USR4420,SPT821717,2024-02-09,11004.17
TAX930107,USR7762,SPT188790,2022-02-13,31706.98
TAX930108,USR726,SPT699389,2023-04-01,28952.85
TAX930109,USR4852,SPT767575,2023-09-06,43156.67
TAX930110,USR3759,SPT740862,2022-12-28,4406.3
TAX930111,USR1022,SPT19313,2023-11-19,42505.48
TAX930112,USR2943,SPT1495639,2022-04-27,16429.31
TAX930113,USR9683,SPT81181,2023-07-17,48302.68
TAX930114,USR7555,SPT932936,2023-01-03,17399.98
TAX930115,USR5856,SPT491718,2023-10-08,18635.44
TAX930116,USR5999,SPT1795813,2022-10-21,24098.81
TAX930117,USR8772,SPT1483676,2022-08-11,49219.05
TAX930118,USR92,SPT1769429,2023-01-24,24336.46
TAX930119,USR7640,SPT1406402,2023-12-18,34594.86
TAX930120,USR5432,SPT1465237,2023-06-03,39023.67
TAX930121,USR3230,SPT1185983,2023-03-23,3020.62
TAX930122,USR4625,SPT662059,2023-04-19,12469.83
TAX930123,USR1175,SPT1080990,2023-03-29,42186.45
TAX930124,USR4202,SPT1137106,2022-02-23,13434.24
TAX930125,USR5888,SPT174659,2023-08-07,36631.84
TAX930126,USR452,SPT1416656,2022-12-25,39445.47
TAX930127,USR6942,SPT1822459,2023-05-01,24285.5
TAX930128,USR8045,SPT1884039,2023-05-20,22247.92
TAX930129,USR9824,SPT541348,2023-03-08,3325.96
TAX930130,USR6141,SPT1211964,2022-12-17,18672.47
TAX930131,USR6066,SPT1187907,2023-07-13,41460.27
TAX930132,USR4119,SPT1897578,2022-10-27,11054.19
TAX930133,USR6150,SPT1079184,2023-10-21,28541.86
TAX930134,USR7574,SPT1331543,2023-05-14,9694.94
TAX930135,USR9775,SPT504120,2022-06-06,4968.36
TAX930136,USR9542,SPT64592,2022-04-19,3148.75
TAX930137,USR9366,SPT1547872,2023-01-09,12837.99
TAX930138,USR6579,SPT919421,2022-10-18,1727.55
TAX930139,USR1187,SPT1045946,2023-04-14,26130.77
TAX930140,USR5567,SPT1690238,2023-01-11,4061.75
TAX930141,USR661,SPT1727271,2023-06-28,29347.66
TAX930142,USR5808,SPT1407253,2024-02-04,8835.73
TAX930143,USR1621,SPT1752226,2023-03-18,4640.85
TAX930144,USR5007,SPT786,2024-01-31,21320.69
TAX930145,USR4690,SPT714749,2023-06-15,33350.02
TAX930146,USR1958,SPT825400,2023-10-03,30813.22
TAX930147,USR7116,SPT1097341,2023-06-29,20493.5
TAX930148,USR8538,SPT777301,2023-10-07,33856.33
TAX930149,USR7569,SPT1779569,2023-06-29,11240.5
TAX930150,USR7432,SPT1460680,2023-04-29,5919.25
TAX930151,USR4759,SPT505355,2023-05-27,20781.13
TAX930152,USR7957,SPT422217,2022-12-23,13537.07
TAX930153,USR2469,SPT1958110,2023-12-25,6179.23
TAX930154,USR6489,SPT1853097,2022-10-07,25860.56
TAX930155,USR3001,SPT758730,2023-05-08,45167.96
TAX930156,USR7735,SPT557555,2022-08-23,23766.89
TAX930157,USR5533,SPT1237389,2022-09-26,14504.46
TAX930158,USR3443,SPT1591349,2023-09-21,43795.19
TAX930159,USR4846,SPT1661579,2023-09-30,43606.42
TAX930160,USR2328,SPT669568,2023-06-21,27580.26
TAX930161,USR6426,SPT870264,2022-03-12,45940.26
TAX930162,USR2070,SPT286724,2022-09-23,32774.29
TAX930163,USR2100,SPT876513,2023-02-09,10329.83
TAX930164,USR3086,SPT1337049,2023-11-04,35577.05
TAX930165,USR1529,SPT1486887,2022-07-04,21587.65
TAX930166,USR6113,SPT375143,2024-02-09,22092.16
TAX930167,USR6639,SPT466272,2022-07-21,34333.31
TAX930168,USR6952,SPT564256,2022-06-11,47183.54
TAX930169,USR2132,SPT1254609,2022-08-13,23981.91
TAX930170,USR2126,SPT1147852,2022-05-25,17272.26
TAX930171,USR1193,SPT143613,2023-05-30,27027.94
TAX930172,USR5661,SPT1602500,2024-01-16,28326.75
TAX930173,USR9891,SPT781805,2023-04-26,25186.2
TAX930174,USR1828,SPT956693,2023-07-02,48908.58
TAX930175,USR301,SPT639068,2023-03-15,6340.93
TAX930176,USR2863,SPT799748,2022-12-14,37597.37
TAX930177,USR5372,SPT1150809,2023-06-20,7491.64
TAX930178,USR2272,SPT1052650,2022-12-26,17156.8
TAX930179,USR7709,SPT119802,2022-08-11,12615.66
TAX930180,USR7604,SPT708066,2022-05-20,5385.55
TAX930181,USR9561,SPT1528050,2022-07-24,17714.52
TAX930182,USR7861,SPT74511,2022-03-01,32723.1
TAX930183,USR7428,SPT1333221,2023-01-10,9077.83
TAX930184,USR7934,SPT1768319,2023-03-26,32819.66
TAX930185,USR8562,SPT250858,2023-12-14,44874.98
TAX930186,USR2045,SPT1103343,2023-01-03,42291.33
TAX930187,USR5257,SPT4458,2022-11-24,45998.35
TAX930188,USR9462,SPT1970401,2022-12-11,6580.74
TAX930189,USR8997,SPT1795730,2023-07-18,13405.8
TAX930190,USR8707,SPT338944,2022-08-08,49158.4
TAX930191,USR3469,SPT1738000,2023-06-04,34315.06
TAX930192,USR7929,SPT432440,2022-05-24,35163.81
TAX930193,USR8797,SPT739136,2023-06-22,10869.11
TAX930194,USR1781,SPT592710,2023-04-17,37978.31
TAX930195,USR4745,SPT380827,2023-06-23,6418.3
TAX930196,USR8930,SPT160295,2022-11-02,26043.11
TAX930197,USR1626,SPT1329277,2023-10-13,49260.84
TAX930198,USR3160,SPT350098,2022-08-26,22681.5
TAX930199,USR8351,SPT1100819,2022-09-24,8341.37
TAX930200,USR6645,SPT795351,2023-03-01,39167.98
TAX930201,USR2835,SPT1160065,2023-02-08,17175.61
TAX930202,USR9898,SPT383567,2023-05-03,3182.92
TAX930203,USR3261,SPT1643406,2023-06-18,36994.47
TAX930204,USR3205,SPT1576671,2022-06-15,45007.23
TAX930205,USR1902,SPT103993,2023-08-04,23462.66
TAX930206,USR6261,SPT258123,2022-10-21,48189.83
TAX930207,USR1768,SPT1159606,2022-07-14,25637.33
TAX930208,USR9221,SPT30105,2023-03-10,43160.34
TAX930209,USR9483,SPT484069,2023-11-03,11157.67
TAX930210,USR5245,SPT299490,2022-08-02,45457.33
TAX930211,USR3267,SPT726656,2023-08-07,1488.35
TAX930212,USR4154,SPT1052888,2023-10-27,48681.82
TAX930213,USR8765,SPT1324457,2023-01-25,37740.09
TAX930214,USR2825,SPT686158,2022-12-25,39985.35
TAX930215,USR9119,SPT1983836,2022-06-29,29470.87
TAX930216,USR237,SPT130276,2022-03-30,15398.11
TAX930217,USR1040,SPT403585,2023-01-29,15219.92
TAX930218,USR622,SPT711359,2023-10-13,28053.3
TAX930219,USR8630,SPT830161,2022-05-26,47496.45
TAX930220,USR1191,SPT1727664,2023-09-27,13856.88
TAX930221,USR3721,SPT498331,2023-05-12,47415.52
TAX930222,USR1511,SPT535399,2022-10-14,16554.29
TAX930223,USR3521,SPT622745,2023-10-25,5961.72
TAX930224,USR5142,SPT1453857,2022-10-09,5498.23
TAX930225,USR5920,SPT1467037,2023-02-09,42007.24
TAX930226,USR7165,SPT1504568,2022-06-21,7497.52
TAX930227,USR1444,SPT1415425,2022-02-28,3591.33
TAX930228,USR358,SPT1039619,2022-02-12,46867.48
TAX930229,USR5882,SPT1797336,2023-07-28,36638.37
TAX930230,USR2676,SPT198544,2022-03-18,10680.76
TAX930231,USR2166,SPT737063,2022-02-21,10213.52
TAX930232,USR6012,SPT1903571,2023-12-17,40158.77
TAX930233,USR7136,SPT1118362,2022-07-24,5647.09
TAX930234,USR3266,SPT1650989,2023-03-26,15623.31
TAX930235,USR4515,SPT1170854,2023-02-07,36773.33
TAX930236,USR8235,SPT220417,2022-05-15,13164.48
TAX930237,USR9825,SPT1876773,2022-04-04,24899.97
TAX930238,USR9904,SPT312233,2023-02-28,24694.49
TAX930239,USR6363,SPT1176315,2022-12-11,12852.91
TAX930240,USR9428,SPT1509547,2022-06-13,43744.08
TAX930241,USR3453,SPT372466,2023-03-31,23079.26
TAX930242,USR3982,SPT899467,2023-11-13,26737.68
TAX930243,USR1315,SPT1472027,2023-05-07,5541.12
TAX930244,USR9879,SPT1376270,2022-06-16,13553.39
TAX930245,USR1538,SPT46072,2022-05-22,2171.2
TAX930246,USR5525,SPT1801199,2022-12-10,43372.4
TAX930247,USR7123,SPT1320210,2023-07-21,26427.18
TAX930248,USR9495,SPT1098993,2022-04-08,28624.77
TAX930249,USR5112,SPT89998,2022-05-11,6745.68
TAX930250,USR5426,SPT1891980,2022-10-28,2285.72
TAX930251,USR9767,SPT95116,2023-05-29,42954.53
TAX930252,USR4053,SPT1262799,2023-10-31,36987.37
TAX930253,USR2749,SPT300755,2023-09-09,36053.55
TAX930254,USR7178,SPT7170,2022-10-01,29879.89
TAX930255,USR9861,SPT1400385,2023-11-24,48463.56
TAX930256,USR1012,SPT266739,2023-11-09,15973.4
TAX930257,USR2478,SPT964014,2023-06-20,15985.29
TAX930258,USR3241,SPT1773552,2023-02-03,28647.25
TAX930259,USR7834,SPT939735,2022-06-13,6360.24
TAX930260,USR4131,SPT810946,2022-03-28,23649.03
TAX930261,USR9891,SPT1313841,2023-02-06,48137.95
TAX930262,USR1684,SPT28166,2022-11-08,13805.3
TAX930263,USR7335,SPT938916,2023-06-20,43956.49
TAX930264,USR2369,SPT1614214,2023-04-10,30057.42
TAX930265,USR7304,SPT338071,2023-05-01,41416.48
TAX930266,USR1335,SPT1896231,2022-02-19,9437.16
TAX930267,USR4386,SPT922961,2023-04-08,18812.7
TAX930268,USR2769,SPT1159041,2022-09-27,8402.86
TAX930269,USR7699,SPT757684,2022-02-27,38203.37
TAX930270,USR9966,SPT1290747,2023-11-15,17277.78
TAX930271,USR7921,SPT568372,2023-12-29,22047.57
TAX930272,USR3847,SPT1450676,2024-01-30,10327.03
TAX930273,USR9064,SPT1332931,2023-04-16,29104.32
TAX930274,USR3355,SPT1236531,2023-01-19,13566.7
TAX930275,USR4297,SPT618275,2022-03-14,35135.96
TAX930276,USR9720,SPT662460,2024-01-04,2335.43
TAX930277,USR6166,SPT1711733,2023-07-04,48767.41
TAX930278,USR6767,SPT103340,2023-09-12,29122.72
TAX930279,USR165,SPT845437,2023-10-30,9926.8
TAX930280,USR8442,SPT366252,2022-08-06,2420.1
TAX930281,USR2102,SPT1356433,2023-01-02,44270.92
TAX930282,USR3241,SPT1832303,2022-10-07,12680.93
TAX930283,USR8803,SPT806515,2022-03-17,27877.73
TAX930284,USR6722,SPT352860,2023-12-13,41723.43
TAX930285,USR7277,SPT426352,2022-06-18,13771.82
TAX930286,USR5041,SPT183198,2022-10-04,41044.85
TAX930287,USR9901,SPT821412,2023-12-16,8221.03
TAX930288,USR8615,SPT1328405,2022-06-06,18041.75
TAX930289,USR7830,SPT1134393,2023-10-01,2115.64
TAX930290,USR993,SPT1039920,2023-08-10,1984.75
TAX930291,USR5583,SPT1403084,2022-03-09,41750.49
TAX930292,USR9725,SPT1824742,2022-07-06,13792.2
TAX930293,USR2437,SPT1086163,2022-10-23,25527.68
TAX930294,USR2984,SPT1004894,2023-12-07,20561.01
TAX930295,USR8128,SPT239794,2022-08-13,7948.77
TAX930296,USR4190,SPT1719512,2022-11-21,4755.81
TAX930297,USR4051,SPT798338,2022-12-29,47950.15
TAX930298,USR9583,SPT1472012,2022-05-29,30285.8
TAX930299,USR2153,SPT1566754,2023-12-11,44263.7
TAX930300,USR5839,SPT1448089,2022-03-03,25563.45
TAX930301,USR4148,SPT1782525,2022-02-15,22889.3
TAX930302,USR8543,SPT1812065,2022-02-22,37634.09
TAX930303,USR8156,SPT1785195,2022-02-18,9454.0
TAX930304,USR7757,SPT209313,2023-10-26,17001.2
TAX930305,USR5987,SPT440277,2023-07-09,13722.99
TAX930306,USR137,SPT1826191,2023-06-24,20596.38
TAX930307,USR9410,SPT1444655,2023-05-01,10064.18
TAX930308,USR236,SPT1464014,2022-12-29,34007.1
TAX930309,USR3834,SPT250500,2023-08-22,40941.67
TAX930310,USR9939,SPT1583371,2023-01-21,15366.73
TAX930311,USR9690,SPT894104,2022-09-13,42588.85
TAX930312,USR9872,SPT1925463,2024-01-25,7041.39
TAX930313,USR7974,SPT1815701,2022-02-13,7715.76
TAX930314,USR8223,SPT1505491,2022-03-23,41600.6
TAX930315,USR5590,SPT640732,2023-12-12,23027.0
TAX930316,USR5859,SPT369165,2024-01-27,4022.63
TAX930317,USR4457,SPT1237868,2022-06-30,15374.24
TAX930318,USR9313,SPT1609527,2022-12-03,20136.35
TAX930319,USR4261,SPT956265,2023-06-08,10507.92
TAX930320,USR5508,SPT151853,2024-01-18,18865.52
TAX930321,USR239,SPT1120900,2023-07-26,7507.62
TAX930322,USR330,SPT1066740,2022-06-04,6851.16
TAX930323,USR1751,SPT498389,2023-12-17,46414.52
TAX930324,USR2321,SPT1525171,2023-01-18,7159.96
TAX930325,USR6958,SPT1992316,2023-04-10,13363.87
TAX930326,USR6795,SPT1298613,2023-09-05,30262.39
TAX930327,USR1429,SPT924805,2023-02-23,19082.61
TAX930328,USR9032,SPT1571503,2023-01-02,24352.16
TAX930329,USR4032,SPT250361,2023-11-28,46794.6
TAX930330,USR3672,SPT676536,2022-09-05,29637.26
TAX930331,USR2715,SPT1907720,2023-07-22,28957.19
TAX930332,USR9115,SPT1977249,2023-04-30,46251.17
TAX930333,USR5131,SPT849004,2023-12-17,45180.0
TAX930334,USR3712,SPT277881,2022-04-16,31638.47
TAX930335,USR3265,SPT680486,2022-03-06,9543.89
TAX930336,USR2539,SPT1106343,2022-02-28,33958.29
TAX930337,USR6788,SPT892118,2023-08-07,12551.42
TAX930338,USR4268,SPT1899228,2022-09-02,14320.0
TAX930339,USR8943,SPT611279,2022-12-02,16133.06
TAX930340,USR2129,SPT306896,2023-05-05,17114.24
TAX930341,USR830,SPT191334,2022-12-13,6783.34
TAX930342,USR1605,SPT1720521,2022-12-07,45626.51
TAX930343,USR5290,SPT1780004,2023-01-23,12194.26
TAX930344,USR3012,SPT1802038,2023-11-18,49279.9
TAX930345,USR9267,SPT290007,2023-04-23,24110.81
TAX930346,USR2311,SPT536064,2022-10-30,31348.71
TAX930347,USR1471,SPT1041308,2023-06-16,12061.1
TAX930348,USR7489,SPT1057172,2023-08-18,14370.64
TAX930349,USR3918,SPT1035865,2022-02-13,9687.97
TAX930350,USR7222,SPT8085,2023-05-10,24634.34
TAX930351,USR4120,SPT1982504,2023-10-22,36805.95
TAX930352,USR8613,SPT848508,2023-10-07,37478.95
TAX930353,USR5703,SPT928777,2023-06-16,25948.27
TAX930354,USR4764,SPT263259,2022-06-19,27660.44
TAX930355,USR7894,SPT1320217,2024-01-28,37809.44
TAX930356,USR4510,SPT915417,2022-03-22,42037.5
TAX930357,USR3592,SPT660764,2023-07-04,23434.15
TAX930358,USR7528,SPT1579761,2022-11-15,10784.54
TAX930359,USR4297,SPT900423,2023-04-10,33367.49
TAX930360,USR7564,SPT1994581,2023-06-16,9306.67
TAX930361,USR6819,SPT1748886,2023-01-30,35550.43
TAX930362,USR7038,SPT786795,2022-06-02,6671.31
TAX930363,USR9180,SPT1033555,2022-09-18,48530.96
TAX930364,USR5116,SPT1143957,2023-10-22,9211.99
TAX930365,USR5235,SPT874465,2023-02-11,25378.68
TAX930366,USR1921,SPT1506924,2023-06-13,8105.72
TAX930367,USR9427,SPT728433,2022-06-17,2322.13
TAX930368,USR8443,SPT1218233,2023-08-24,19652.56
TAX930369,USR5315,SPT1738141,2023-06-20,11250.14
TAX930370,USR2750,SPT143402,2023-11-19,12054.49
TAX930371,USR1586,SPT706738,2023-06-21,32158.46
TAX930372,USR5962,SPT564317,2024-01-14,47436.19
TAX930373,USR3378,SPT1686619,2022-11-28,15319.33
TAX930374,USR726,SPT830314,2023-10-16,22235.5
TAX930375,USR6783,SPT1688734,2023-12-30,45069.19
TAX930376,USR2701,SPT379788,2024-01-22,49902.44
TAX930377,USR456,SPT1662731,2022-05-13,13445.01
TAX930378,USR4754,SPT1765477,2023-07-28,31496.4
TAX930379,USR1730,SPT1691031,2022-10-18,11313.05
TAX930380,USR5576,SPT776601,2022-11-21,37131.89
TAX930381,USR3565,SPT1780793,2023-10-30,28688.08
TAX930382,USR7438,SPT207377,2022-07-23,27470.91
TAX930383,USR6385,SPT881280,2022-05-13,14668.26
TAX930384,USR194,SPT1787270,2022-07-28,8228.33
TAX930385,USR4939,SPT484430,2023-05-18,43610.33
TAX930386,USR6807,SPT1885927,2022-05-02,24841.47
TAX930387,USR4122,SPT989686,2023-11-30,3147.61
TAX930388,USR2464,SPT782412,2023-04-13,3546.34
TAX930389,USR524,SPT1758182,2023-04-06,30797.34
TAX930390,USR6041,SPT1865601,2022-06-30,44366.96
TAX930391,USR6744,SPT750635,2022-11-27,22445.96
TAX930392,USR1724,SPT1594366,2022-11-03,20252.31
TAX930393,USR6834,SPT697836,2022-11-11,9139.63
TAX930394,USR7086,SPT1505950,2022-05-25,10379.92
TAX930395,USR209,SPT886945,2022-02-27,13151.14
TAX930396,USR3862,SPT929748,2023-06-14,9305.01
TAX930397,USR132,SPT745800,2022-11-07,22295.9
TAX930398,USR9408,SPT1802275,2023-08-18,2678.89
TAX930399,USR7579,SPT1898977,2022-08-09,40109.54
TAX930400,USR5969,SPT1924340,2022-08-06,38532.85
TAX930401,USR8426,SPT1855568,2023-03-12,46343.63
TAX930402,USR7342,SPT1735521,2022-12-25,11954.43
TAX930403,USR2526,SPT468007,2023-10-24,31207.49
TAX930404,USR7326,SPT371805,2024-02-01,22334.18
TAX930405,USR1695,SPT1427352,2023-09-23,35365.29
TAX930406,USR2478,SPT1832856,2022-05-11,26315.58
TAX930407,USR8281,SPT78237,2022-03-07,4804.09
TAX930408,USR2701,SPT1663580,2023-08-14,41810.63
TAX930409,USR7381,SPT1817073,2023-12-21,14631.52
TAX930410,USR2949,SPT168380,2023-02-20,19221.7
TAX930411,USR9290,SPT1276597,2023-10-28,21120.75
TAX930412,USR7154,SPT240593,2024-01-08,48276.2
TAX930413,USR3184,SPT171569,2023-08-04,44045.96
TAX930414,USR3460,SPT1846602,2022-06-27,30689.19
TAX930415,USR3167,SPT1211820,2023-11-08,22598.59
TAX930416,USR1277,SPT641534,2023-01-07,38068.54
TAX930417,USR186,SPT1601008,2023-05-24,40961.86
TAX930418,USR4311,SPT1492660,2022-10-10,36647.87
TAX930419,USR3861,SPT1061919,2022-05-07,22148.01
TAX930420,USR7662,SPT649473,2024-01-25,47815.45
TAX930421,USR2551,SPT1314099,2023-09-07,37639.03
TAX930422,USR4190,SPT625494,2022-11-23,34812.42
TAX930423,USR4785,SPT798591,2023-06-14,48001.59
TAX930424,USR5863,SPT843506,2022-10-18,22469.14
TAX930425,USR5767,SPT1062201,2023-06-11,47209.02
TAX930426,USR1883,SPT1857722,2022-07-26,17884.36
TAX930427,USR9459,SPT1055438,2023-08-08,28122.99
TAX930428,USR7278,SPT465013,2023-04-21,28438.78
TAX930429,USR3587,SPT1877979,2022-11-04,28067.46
TAX930430,USR2914,SPT455369,2022-09-30,45794.8
TAX930431,USR3262,SPT1368323,2023-10-29,4672.29
TAX930432,USR3938,SPT1616242,2022-09-22,46031.97
TAX930433,USR2455,SPT969330,2023-01-09,40784.28
TAX930434,USR9181,SPT974516,2022-08-05,7008.39
TAX930435,USR6531,SPT32045,2023-07-23,25706.94
TAX930436,USR1062,SPT1911499,2023-02-24,39867.64
TAX930437,USR2199,SPT842714,2022-07-15,8346.9
TAX930438,USR7157,SPT361560,2022-11-22,22001.36
TAX930439,USR9993,SPT1052313,2022-12-23,2103.93
TAX930440,USR7045,SPT1004639,2023-11-15,20874.39
TAX930441,USR3353,SPT959379,2022-05-04,2641.49
TAX930442,USR6731,SPT558578,2022-09-08,21745.43
TAX930443,USR2892,SPT1012687,2023-05-06,3292.68
TAX930444,USR4255,SPT263299,2022-02-16,17876.46
TAX930445,USR3784,SPT1968535,2023-10-07,11779.31
TAX930446,USR7965,SPT1698828,2022-02-23,29284.84
TAX930447,USR6352,SPT277604,2024-02-02,36884.46
TAX930448,USR9425,SPT1074492,2022-02-15,7159.82
TAX930449,USR6846,SPT1062795,2023-09-24,20856.98
TAX930450,USR9925,SPT1587499,2022-04-21,34572.26
TAX930451,USR998,SPT889075,2023-08-09,7754.73
TAX930452,USR7478,SPT1150441,2022-08-13,11077.58
TAX930453,USR9426,SPT811627,2022-05-20,26413.06
TAX930454,USR9728,SPT1292646,2022-10-12,45369.99
TAX930455,USR1689,SPT1826146,2022-03-25,22714.85
TAX930456,USR2702,SPT87381,2023-04-30,17547.91
TAX930457,USR8287,SPT1400474,2023-01-09,4676.98
TAX930458,USR6608,SPT1584745,2022-03-30,1650.07
TAX930459,USR8473,SPT383539,2023-07-03,17027.43
TAX930460,USR6914,SPT214218,2023-06-17,46877.12
TAX930461,USR5085,SPT1975391,2023-04-13,12515.1
TAX930462,USR7112,SPT1497410,2023-03-09,5309.27
TAX930463,USR1526,SPT749686,2024-02-06,15550.86
TAX930464,USR9996,SPT356065,2023-03-26,41089.78
TAX930465,USR6697,SPT1854237,2023-01-23,46560.02
TAX930466,USR6887,SPT1968788,2023-08-08,13098.18
TAX930467,USR6719,SPT84004,2022-05-23,19666.04
TAX930468,USR7280,SPT468149,2023-06-25,25429.61
TAX930469,USR7905,SPT1310019,2022-12-14,17950.69
TAX930470,USR4430,SPT468388,2022-07-06,38033.84
TAX930471,USR7675,SPT1638794,2023-05-22,45513.39
TAX930472,USR8350,SPT84635,2022-10-22,42717.51
TAX930473,USR589,SPT625675,2023-08-03,47594.96
TAX930474,USR939,SPT1010428,2023-10-17,39382.07
TAX930475,USR7472,SPT1970122,2023-06-26,31387.5
TAX930476,USR238,SPT1292075,2022-04-17,5589.2
TAX930477,USR2063,SPT609516,2023-07-05,44616.34
TAX930478,USR9528,SPT1540737,2022-07-22,32087.37
TAX930479,USR1537,SPT118542,2023-04-25,33695.17
TAX930480,USR4722,SPT646271,2022-02-14,37971.34
TAX930481,USR6358,SPT1235057,2022-09-11,15819.93
TAX930482,USR5518,SPT701482,2023-02-06,12846.49
TAX930483,USR8528,SPT64957,2022-10-04,3225.98
TAX930484,USR688,SPT1646321,2022-09-08,6014.54
TAX930485,USR6796,SPT671721,2022-07-29,25689.85
TAX930486,USR9336,SPT1262816,2022-08-29,1453.05
TAX930487,USR8197,SPT644051,2023-12-04,31820.03
TAX930488,USR3656,SPT1120372,2022-05-01,8135.67
TAX930489,USR9914,SPT1918521,2023-09-24,21965.56
TAX930490,USR7321,SPT246185,2023-04-12,35844.6
TAX930491,USR5117,SPT1619143,2023-04-24,34337.85
TAX930492,USR4564,SPT744715,2023-10-04,25626.33
TAX930493,USR3699,SPT1360084,2022-10-26,34512.19
TAX930494,USR1561,SPT66171,2022-09-27,21558.33
TAX930495,USR8929,SPT1517165,2023-02-04,32638.44
TAX930496,USR2253,SPT1104399,2022-07-08,30000.82
TAX930497,USR6623,SPT538622,2023-07-24,49501.71
TAX930498,USR2938,SPT503842,2022-12-25,28214.18
TAX930499,USR9281,SPT1219878,2022-07-26,45424.59
TAX930500,USR7855,SPT1965629,2023-03-03,27738.49
TAX930501,USR4033,SPT574476,2022-07-09,20873.79
TAX930502,USR4947,SPT986210,2023-08-10,40986.76
TAX930503,USR1425,SPT48003,2022-08-27,33587.3
TAX930504,USR4386,SPT1128971,2022-05-10,2205.13
TAX930505,USR3917,SPT1724021,2023-10-16,4313.71
TAX930506,USR6695,SPT220663,2024-01-10,32443.79
TAX930507,USR2402,SPT1673582,2023-01-10,17742.47
TAX930508,USR1580,SPT1651158,2022-04-13,43815.67
TAX930509,USR9497,SPT841101,2023-09-16,34547.03
TAX930510,USR157,SPT1343990,2022-09-12,45725.3
TAX930511,USR6070,SPT862098,2023-06-15,29816.02
TAX930512,USR6052,SPT1058061,2023-03-19,30318.16
TAX930513,USR1287,SPT33254,2022-10-05,23993.44
TAX930514,USR2937,SPT1548441,2022-09-02,31696.26
TAX930515,USR4341,SPT1521861,2022-04-15,3110.49
TAX930516,USR7609,SPT889555,2022-08-08,18828.07
TAX930517,USR2809,SPT607291,2023-11-06,39312.67
TAX930518,USR2393,SPT1709097,2023-03-06,35278.94
TAX930519,USR6843,SPT676955,2024-02-05,7605.67
TAX930520,USR9983,SPT540277,2023-07-03,27566.64
TAX930521,USR4318,SPT564935,2022-04-21,21314.13
TAX930522,USR4182,SPT496115,2023-07-27,37151.35
TAX930523,USR9715,SPT663445,2022-05-07,39459.84
TAX930524,USR6802,SPT1869169,2023-11-27,34790.04
TAX930525,USR9861,SPT917567,2023-03-24,19028.76
TAX930526,USR2759,SPT377461,2022-12-08,48960.4
TAX930527,USR9044,SPT1165925,2023-05-25,26682.97
TAX930528,USR882,SPT1560926,2023-01-22,26764.16
TAX930529,USR9752,SPT1839873,2023-11-06,1363.23
TAX930530,USR1015,SPT1344134,2023-08-23,26118.79
TAX930531,USR194,SPT545914,2023-07-11,43423.72
TAX930532,USR9738,SPT1874009,2023-07-12,23087.88
TAX930533,USR2715,SPT959050,2023-07-14,36453.68
TAX930534,USR4606,SPT287432,2022-07-19,39023.6
TAX930535,USR1089,SPT228142,2023-05-07,14834.47
TAX930536,USR2851,SPT1013887,2023-11-17,46287.39
TAX930537,USR3856,SPT1602162,2023-02-14,40046.52
TAX930538,USR1079,SPT814803,2022-05-02,12036.94
TAX930539,USR5484,SPT1659487,2022-04-08,9960.5
TAX930540,USR7843,SPT1572417,2023-07-01,29336.58
TAX930541,USR5385,SPT1650838,2023-06-25,4119.35
TAX930542,USR3188,SPT176971,2023-10-15,15337.76
TAX930543,USR3653,SPT617965,2023-03-01,23521.87
TAX930544,USR1478,SPT1962473,2023-12-06,46222.92
TAX930545,USR3334,SPT798676,2023-03-11,47375.62
TAX930546,USR9827,SPT1510438,2023-06-26,2842.49
TAX930547,USR4097,SPT1551131,2022-09-22,37200.53
TAX930548,USR2129,SPT1875604,2022-12-25,39350.42
TAX930549,USR5466,SPT116253,2022-04-15,1366.14
TAX930550,USR7744,SPT903270,2022-12-19,3420.52
TAX930551,USR8828,SPT1933758,2022-04-07,30640.57
TAX930552,USR948,SPT1027108,2022-06-20,48222.35
TAX930553,USR8011,SPT490178,2022-06-18,1361.52
TAX930554,USR768,SPT175295,2023-01-16,15055.4
TAX930555,USR7289,SPT82908,2022-03-15,23630.54
TAX930556,USR2025,SPT1989831,2023-03-15,49735.68
TAX930557,USR2019,SPT491586,2022-04-23,14780.59
TAX930558,USR8436,SPT296932,2023-05-16,5016.6
TAX930559,USR3798,SPT1508128,2023-10-06,32320.97
TAX930560,USR1276,SPT899379,2022-09-18,10503.54
TAX930561,USR9314,SPT1235138,2023-05-25,1099.52
TAX930562,USR7350,SPT942231,2022-05-26,35051.12
TAX930563,USR1423,SPT1649606,2023-08-27,36871.63
TAX930564,USR8751,SPT1687012,2022-10-17,32998.87
TAX930565,USR9138,SPT327494,2023-09-12,48791.99
TAX930566,USR3879,SPT630574,2023-06-02,41720.62
TAX930567,USR2690,SPT66244,2022-09-12,7906.71
TAX930568,USR9424,SPT532532,2022-09-21,25896.98
TAX930569,USR7593,SPT1940222,2022-04-19,38104.78
TAX930570,USR4144,SPT1096502,2022-11-17,40948.67
TAX930571,USR9635,SPT1639220,2023-09-03,34626.39
TAX930572,USR6576,SPT1595332,2023-01-04,28307.65
TAX930573,USR8233,SPT1988191,2023-02-13,44677.88
TAX930574,USR2392,SPT549220,2023-12-23,7361.44
TAX930575,USR2292,SPT792695,2023-09-18,4249.25
TAX930576,USR9458,SPT363883,2024-01-07,49669.28
TAX930577,USR5767,SPT846554,2023-07-22,10965.31
TAX930578,USR9552,SPT867513,2023-09-14,46183.67
TAX930579,USR1560,SPT753196,2023-04-14,30941.09
TAX930580,USR9053,SPT1024041,2022-03-16,27342.33
TAX930581,USR7209,SPT1288278,2022-10-20,42137.57
TAX930582,USR1120,SPT1637546,2022-07-24,44533.63
TAX930583,USR1399,SPT1947015,2023-11-20,36892.28
TAX930584,USR5569,SPT1948912,2023-08-05,43314.01
TAX930585,USR8728,SPT1147862,2023-12-07,6674.86
TAX930586,USR660,SPT1987330,2023-10-01,9524.21
TAX930587,USR2452,SPT1118151,2023-10-02,18483.15
TAX930588,USR3,SPT1185168,2023-06-03,25360.5
TAX930589,USR8447,SPT1193305,2022-03-18,37916.5
TAX930590,USR8910,SPT940895,2023-08-05,48770.61
TAX930591,USR4505,SPT42307,2023-11-26,37117.25
TAX930592,USR3277,SPT793603,2023-05-24,5797.18
TAX930593,USR2483,SPT1079187,2022-04-24,22280.52
TAX930594,USR4964,SPT867508,2022-05-17,5815.99
TAX930595,USR3486,SPT159131,2023-08-09,16499.68
TAX930596,USR1843,SPT173189,2023-09-29,3497.73
TAX930597,USR5763,SPT1834277,2022-09-21,35301.4
TAX930598,USR2763,SPT947796,2023-09-17,12473.44
TAX930599,USR7396,SPT297454,2022-03-22,31508.76
TAX930600,USR4988,SPT690547,2023-07-01,22253.12
TAX930601,USR1741,SPT1021662,2022-12-31,39712.63
TAX930602,USR9597,SPT158503,2022-02-28,42451.07
TAX930603,USR6853,SPT312176,2022-12-08,12056.18
TAX930604,USR1532,SPT1825220,2022-09-29,12107.75
TAX930605,USR1693,SPT829632,2023-02-21,19999.23
TAX930606,USR6048,SPT1556815,2023-04-20,28473.68
TAX930607,USR1961,SPT197256,2023-07-28,41535.89
TAX930608,USR4429,SPT88951,2023-10-27,29968.55
TAX930609,USR1203,SPT1914624,2022-12-28,20967.15
TAX930610,USR5005,SPT1283351,2023-02-13,45843.1
TAX930611,USR7629,SPT741729,2022-05-02,35298.14
TAX930612,USR9411,SPT1970595,2022-02-21,18099.8
TAX930613,USR593,SPT135487,2023-12-09,27054.32
TAX930614,USR7952,SPT1255239,2023-01-28,29431.17
TAX930615,USR6918,SPT309902,2023-01-18,47410.82
TAX930616,USR1013,SPT1098015,2023-04-27,4841.69
TAX930617,USR9135,SPT379573,2022-09-20,27503.04
TAX930618,USR4045,SPT417330,2022-09-30,22154.47
TAX930619,USR1833,SPT1836957,2022-10-06,11427.14
TAX930620,USR1320,SPT1745648,2023-08-23,39192.88
TAX930621,USR1305,SPT859298,2022-12-24,40508.9
TAX930622,USR4938,SPT322735,2022-12-22,14702.35
TAX930623,USR8296,SPT319636,2022-07-04,40919.8
TAX930624,USR8653,SPT1485427,2023-12-30,10458.72
TAX930625,USR9570,SPT89817,2023-11-03,8037.42
TAX930626,USR7730,SPT1410649,2023-05-26,25231.45
TAX930627,USR3514,SPT894423,2022-12-11,48688.11
TAX930628,USR7169,SPT1149696,2023-04-20,21001.03
TAX930629,USR2592,SPT1631379,2022-09-25,10841.78
TAX930630,USR863,SPT1264855,2023-04-10,10074.79
TAX930631,USR9952,SPT1432498,2022-02-23,11202.16
TAX930632,USR1739,SPT1443980,2023-11-17,38020.94
TAX930633,USR5240,SPT1246104,2022-09-08,12541.96
TAX930634,USR6384,SPT325777,2024-02-09,6631.91
TAX930635,USR456,SPT378015,2023-03-18,10970.27
TAX930636,USR6969,SPT539525,2022-06-04,6453.79
TAX930637,USR7088,SPT641739,2024-01-06,10774.48
TAX930638,USR7761,SPT901246,2022-03-12,31887.26
TAX930639,USR5129,SPT723366,2024-01-16,35345.38
TAX930640,USR9951,SPT463801,2022-04-11,40091.18
TAX930641,USR6912,SPT782079,2023-06-28,34038.61
TAX930642,USR5602,SPT1972145,2023-07-23,19191.4
TAX930643,USR3311,SPT381549,2024-01-04,43887.75
TAX930644,USR782,SPT757246,2024-02-07,38415.54
TAX930645,USR3349,SPT433732,2023-08-29,3937.03
TAX930646,USR5020,SPT261788,2022-02-20,37065.82
TAX930647,USR4408,SPT1780723,2022-02-09,23686.62
TAX930648,USR4473,SPT1068796,2022-08-15,7467.97
TAX930649,USR5370,SPT1035970,2022-11-30,43192.72
TAX930650,USR6201,SPT1422271,2023-08-16,25652.68
TAX930651,USR1038,SPT1253377,2022-08-20,18063.09
TAX930652,USR93,SPT1361156,2022-11-24,9972.33
TAX930653,USR3990,SPT64870,2023-05-09,46321.27
TAX930654,USR5343,SPT108094,2023-11-08,29246.86
TAX930655,USR1920,SPT342732,2023-06-04,38080.94
TAX930656,USR5177,SPT352883,2023-08-21,9882.36
TAX930657,USR8947,SPT715685,2023-09-11,41201.58
TAX930658,USR2920,SPT1087409,2023-06-07,43029.92
TAX930659,USR7261,SPT115927,2022-09-20,41986.03
TAX930660,USR6505,SPT648071,2022-08-31,7561.13
TAX930661,USR7258,SPT592065,2023-02-21,21896.47
TAX930662,USR4902,SPT1647544,2022-10-13,38306.27
TAX930663,USR5650,SPT1672742,2022-08-20,21952.83
TAX930664,USR3172,SPT1079831,2022-06-06,21318.41
TAX930665,USR725,SPT750844,2022-04-06,33491.86
TAX930666,USR974,SPT75151,2023-02-27,30119.1
TAX930667,USR1842,SPT1278274,2022-02-18,28278.54
TAX930668,USR7912,SPT1438130,2023-09-22,46509.98
TAX930669,USR4658,SPT1591459,2023-02-06,32436.12
TAX930670,USR5336,SPT1270060,2024-02-07,42144.22
TAX930671,USR6223,SPT1751920,2023-07-05,42575.06
TAX930672,USR5564,SPT1740589,2023-03-14,24095.91
TAX930673,USR9820,SPT553010,2022-02-23,5506.56
TAX930674,USR2292,SPT579145,2022-06-13,31300.46
TAX930675,USR9294,SPT1080992,2023-08-19,37709.87
TAX930676,USR1559,SPT1992900,2022-10-14,19652.29
TAX930677,USR614,SPT490523,2022-05-17,44075.44
TAX930678,USR5569,SPT1977074,2023-08-04,1140.1
TAX930679,USR4981,SPT1683874,2022-06-05,48860.71
TAX930680,USR1825,SPT623721,2023-07-03,15205.57
TAX930681,USR1162,SPT1508732,2023-10-17,23000.14
TAX930682,USR6055,SPT1134858,2022-10-27,33698.0
TAX930683,USR396,SPT1554609,2023-05-07,46391.99
TAX930684,USR5999,SPT1213612,2022-11-24,43428.4
TAX930685,USR2204,SPT747422,2022-10-14,21276.79
TAX930686,USR6718,SPT77506,2022-12-29,43095.8
TAX930687,USR130,SPT205631,2023-12-09,32827.19
TAX930688,USR6539,SPT536535,2022-09-08,35017.88
TAX930689,USR5747,SPT1659836,2022-11-04,22185.37
TAX930690,USR4741,SPT1931606,2022-06-12,31501.21
TAX930691,USR4205,SPT896758,2023-12-16,35725.16
TAX930692,USR8544,SPT313606,2022-07-12,8633.67
TAX930693,USR660,SPT1690387,2023-07-16,21487.17
TAX930694,USR9069,SPT23788,2023-09-23,27574.75
TAX930695,USR5754,SPT1532444,2023-12-25,2279.58
TAX930696,USR2969,SPT910848,2022-12-20,28560.72
TAX930697,USR4017,SPT219721,2023-10-09,3547.23
TAX930698,USR6660,SPT999905,2022-11-19,6326.56
TAX930699,USR3704,SPT1089166,2023-11-04,41369.92
TAX930700,USR7500,SPT1613300,2023-01-31,17531.23
TAX930701,USR5999,SPT1874354,2023-03-31,27874.03
TAX930702,USR9707,SPT1317918,2022-09-10,38184.22
TAX930703,USR8995,SPT773827,2023-09-15,34813.49
TAX930704,USR1858,SPT1790173,2023-05-01,3349.48
TAX930705,USR2441,SPT1723104,2023-05-22,46945.57
TAX930706,USR489,SPT547874,2022-06-01,25730.19
TAX930707,USR243,SPT1691262,2023-04-29,27355.66
TAX930708,USR3311,SPT968355,2023-08-28,23360.46
TAX930709,USR2980,SPT383917,2023-09-11,11025.59
TAX930710,USR5308,SPT1250515,2022-05-03,21495.2
TAX930711,USR2604,SPT986683,2023-04-16,18326.69
TAX930712,USR3058,SPT331466,2022-09-27,15815.67
TAX930713,USR3501,SPT1333781,2023-10-26,48102.35
TAX930714,USR739,SPT941939,2023-06-07,20949.32
TAX930715,USR872,SPT1419871,2023-10-28,9858.92
TAX930716,USR897,SPT797472,2022-08-10,14273.0
TAX930717,USR6138,SPT317991,2023-08-05,11977.16
TAX930718,USR1135,SPT1694538,2022-03-26,29351.54
TAX930719,USR3552,SPT1919279,2023-04-01,18776.4
TAX930720,USR7948,SPT1458209,2023-12-03,13510.89
TAX930721,USR4063,SPT1229034,2023-10-31,4017.73
TAX930722,USR6828,SPT1939816,2023-08-30,43747.57
TAX930723,USR5889,SPT705264,2023-07-25,3461.74
TAX930724,USR358,SPT1393639,2023-05-10,34645.65
TAX930725,USR3487,SPT832673,2022-04-11,39067.79
TAX930726,USR908,SPT1806809,2022-11-22,5110.68
TAX930727,USR6989,SPT909347,2023-06-28,9150.04
TAX930728,USR1859,SPT1194684,2023-11-26,19607.23
TAX930729,USR7674,SPT1399482,2022-10-15,32409.03
TAX930730,USR9207,SPT1504143,2022-12-22,13193.94
TAX930731,USR4595,SPT1003440,2022-08-19,42185.55
TAX930732,USR9486,SPT1898750,2022-08-05,24104.37
TAX930733,USR7882,SPT1749304,2024-02-01,49633.4
TAX930734,USR4695,SPT1093431,2023-12-18,7478.73
TAX930735,USR5670,SPT1744833,2022-06-19,4637.52
TAX930736,USR1278,SPT755327,2022-11-17,34087.29
TAX930737,USR9691,SPT222153,2023-07-12,2535.99
TAX930738,USR4079,SPT1145383,2022-05-31,4160.9
TAX930739,USR2855,SPT309864,2022-08-11,35597.51
TAX930740,USR8227,SPT1736756,2023-09-04,33483.79
TAX930741,USR6438,SPT1486035,2023-09-14,49706.66
TAX930742,USR7947,SPT1212188,2023-04-21,41606.54
TAX930743,USR2269,SPT399341,2022-03-14,12031.44
TAX930744,USR1560,SPT356395,2022-09-02,21727.21
TAX930745,USR6314,SPT1966207,2022-03-04,48205.92
TAX930746,USR6216,SPT164671,2023-12-27,4597.67
TAX930747,USR4286,SPT1967098,2023-11-04,49548.8
TAX930748,USR9907,SPT521770,2023-11-12,5381.11
TAX930749,USR2275,SPT47954,2022-03-06,36197.8
TAX930750,USR2778,SPT519805,2022-08-27,34842.08
TAX930751,USR8361,SPT391400,2023-04-23,12106.45
TAX930752,USR1575,SPT64943,2024-01-28,10043.39
TAX930753,USR3645,SPT1577660,2023-05-25,30540.16
TAX930754,USR5697,SPT1562428,2023-08-08,43153.06
TAX930755,USR7438,SPT1168608,2023-10-17,28226.64
TAX930756,USR2907,SPT1049099,2024-01-10,37991.48
TAX930757,USR6604,SPT601827,2022-10-21,11929.7
TAX930758,USR2797,SPT597435,2023-12-09,9924.45
TAX930759,USR2468,SPT1355327,2022-06-24,17391.69
TAX930760,USR1264,SPT1104679,2023-03-12,18042.59
TAX930761,USR953,SPT867539,2023-08-07,33629.11
TAX930762,USR619,SPT705733,2023-06-06,40390.75
TAX930763,USR5590,SPT814753,2023-08-12,15229.86
TAX930764,USR3624,SPT588427,2023-11-03,25818.77
TAX930765,USR2132,SPT307802,2023-02-06,8347.09
TAX930766,USR6838,SPT4599,2024-01-17,49442.15
TAX930767,USR7014,SPT1978571,2023-11-01,13679.33
TAX930768,USR8299,SPT1917341,2023-08-08,18595.8
TAX930769,USR6964,SPT1216574,2023-09-26,43278.13
TAX930770,USR459,SPT746038,2024-01-09,2557.72
TAX930771,USR1247,SPT1131317,2023-02-15,30544.32
TAX930772,USR2208,SPT1169640,2023-10-08,4367.63
TAX930773,USR3237,SPT1817935,2023-12-06,49904.65
TAX930774,USR7050,SPT242824,2022-09-21,15610.07
TAX930775,USR8859,SPT1387154,2022-08-05,43011.73
TAX930776,USR5030,SPT1369322,2024-01-13,34636.29
TAX930777,USR5264,SPT1106392,2023-02-14,17666.92
TAX930778,USR5332,SPT894419,2022-08-30,2218.14
TAX930779,USR8378,SPT1753136,2022-04-07,26458.11
TAX930780,USR8500,SPT1940509,2023-06-14,13276.52
TAX930781,USR5465,SPT1477353,2022-03-20,18969.31
TAX930782,USR2621,SPT834058,2023-05-21,34482.05
TAX930783,USR7190,SPT1562750,2023-08-08,21522.36
TAX930784,USR4144,SPT1590783,2023-07-21,19686.45
TAX930785,USR4452,SPT1213248,2023-12-01,36717.04
TAX930786,USR5662,SPT1134355,2022-10-16,34747.52
TAX930787,USR7638,SPT1015978,2023-03-22,4676.57
TAX930788,USR8061,SPT330517,2023-08-18,20780.69
TAX930789,USR2889,SPT1205779,2023-06-15,36749.31
TAX930790,USR1342,SPT107480,2022-03-13,1837.48
TAX930791,USR8291,SPT119356,2023-12-17,9140.33
TAX930792,USR6110,SPT17261,2022-07-31,28262.96
TAX930793,USR7885,SPT1458123,2022-05-10,39675.77
TAX930794,USR8508,SPT808175,2024-02-01,11640.4
TAX930795,USR5751,SPT1310892,2023-12-09,41383.42
TAX930796,USR943,SPT1427415,2022-03-10,33242.65
TAX930797,USR3240,SPT1975816,2023-07-13,12478.31
TAX930798,USR7820,SPT1111834,2023-04-03,1544.84
TAX930799,USR4931,SPT1167726,2022-08-02,7130.35
TAX930800,USR1444,SPT203900,2023-01-17,38168.52
TAX930801,USR1593,SPT581026,2022-11-02,23080.07
TAX930802,USR7795,SPT1257149,2023-06-06,20970.88
TAX930803,USR8137,SPT1828304,2023-01-24,20563.37
TAX930804,USR5305,SPT691718,2023-10-06,49006.67
TAX930805,USR8888,SPT309235,2022-02-15,21019.58
TAX930806,USR236,SPT706929,2024-01-12,14948.01
TAX930807,USR7366,SPT290825,2023-10-15,8942.12
TAX930808,USR4054,SPT725813,2022-03-10,5599.75
TAX930809,USR3286,SPT1523924,2022-10-15,48544.33
TAX930810,USR3224,SPT1560558,2023-10-22,25845.72
TAX930811,USR550,SPT1158745,2022-12-07,37716.3
TAX930812,USR2889,SPT121285,2023-08-17,47911.26
TAX930813,USR8436,SPT1569878,2022-05-21,20869.1
TAX930814,USR5709,SPT1217517,2022-11-02,47271.62
TAX930815,USR3664,SPT1659140,2022-11-22,38144.22
TAX930816,USR3058,SPT715826,2023-08-19,4833.33
TAX930817,USR9160,SPT835164,2023-05-21,12812.44
TAX930818,USR9537,SPT1497645,2023-11-22,20451.83
TAX930819,USR9159,SPT129466,2023-12-26,40182.77
TAX930820,USR360,SPT1366867,2024-01-30,34132.13
TAX930821,USR5415,SPT536298,2022-11-21,14962.36
TAX930822,USR6221,SPT1743106,2022-11-09,32041.17
TAX930823,USR3510,SPT1043659,2022-03-05,31901.64
TAX930824,USR7840,SPT1825857,2022-06-15,16573.8
TAX930825,USR4172,SPT517717,2023-03-09,20721.3
TAX930826,USR4400,SPT189545,2023-11-13,3510.28
TAX930827,USR5347,SPT1014475,2022-07-29,2837.38
TAX930828,USR2306,SPT960806,2022-03-08,11931.52
TAX930829,USR749,SPT876801,2023-11-19,39118.63
TAX930830,USR4538,SPT311501,2023-10-28,2968.25
TAX930831,USR6593,SPT435502,2022-08-30,18157.3
TAX930832,USR1703,SPT1398447,2023-08-26,7522.09
TAX930833,USR3441,SPT1028021,2024-02-03,39825.14
TAX930834,USR6197,SPT841517,2022-12-30,13950.16
TAX930835,USR3144,SPT244809,2023-11-25,7093.86
TAX930836,USR6972,SPT111065,2023-10-06,15264.69
TAX930837,USR657,SPT1562344,2022-12-31,44734.01
TAX930838,USR6349,SPT802283,2023-10-05,26572.04
TAX930839,USR2949,SPT1899501,2022-06-20,10838.35
TAX930840,USR964,SPT1997276,2022-12-04,11264.22
TAX930841,USR4567,SPT1989154,2023-04-16,21692.14
TAX930842,USR9616,SPT139476,2022-06-15,2554.47
TAX930843,USR3927,SPT565970,2023-08-02,24570.15
TAX930844,USR2273,SPT1694753,2023-03-26,14583.94
TAX930845,USR7091,SPT629454,2023-10-19,6225.12
TAX930846,USR5680,SPT1356133,2023-08-27,35563.44
TAX930847,USR8826,SPT1137171,2023-10-26,32610.86
TAX930848,USR538,SPT1175872,2023-06-08,1594.2
TAX930849,USR7091,SPT787941,2023-03-27,13127.38
TAX930850,USR4797,SPT1917948,2023-06-06,49137.84
TAX930851,USR9020,SPT691043,2022-04-15,34501.81
TAX930852,USR7636,SPT1576123,2023-05-10,10544.21
TAX930853,USR7081,SPT1336639,2022-12-04,38560.17
TAX930854,USR6779,SPT1661690,2023-09-22,6900.8
TAX930855,USR4593,SPT1477000,2022-05-07,8519.04
TAX930856,USR3592,SPT1013174,2024-01-30,2414.44
TAX930857,USR8228,SPT355463,2023-07-23,16446.02
TAX930858,USR9687,SPT25158,2023-02-24,2964.26
TAX930859,USR2112,SPT1514288,2024-01-16,40392.58
TAX930860,USR5545,SPT1559628,2023-03-06,23189.38
TAX930861,USR8273,SPT1061900,2022-04-20,42386.42
TAX930862,USR7325,SPT1823783,2023-09-29,4264.03
TAX930863,USR8304,SPT1995374,2023-02-17,16862.93
TAX930864,USR4469,SPT1003669,2023-02-18,27737.36
TAX930865,USR6539,SPT1630188,2023-02-27,4898.02
TAX930866,USR7947,SPT1568681,2023-04-28,49150.66
TAX930867,USR5778,SPT1878918,2022-09-29,10934.46
TAX930868,USR7906,SPT925948,2023-06-11,26008.56
TAX930869,USR8377,SPT32679,2022-12-31,14885.19
TAX930870,USR2392,SPT776848,2023-04-05,27541.17
TAX930871,USR5744,SPT1648890,2023-01-30,31124.92
TAX930872,USR7794,SPT1807626,2023-11-20,9178.22
TAX930873,USR2153,SPT1578360,2023-02-27,34288.5
TAX930874,USR1145,SPT932076,2022-04-25,22797.35
TAX930875,USR803,SPT1371763,2022-08-28,43987.72
TAX930876,USR1664,SPT1662956,2022-02-21,40893.92
TAX930877,USR9697,SPT994733,2022-09-05,43002.16
TAX930878,USR4449,SPT1565959,2022-09-03,2038.22
TAX930879,USR500,SPT175114,2023-03-26,7498.81
TAX930880,USR3841,SPT830788,2023-10-15,49881.02
TAX930881,USR732,SPT1578113,2023-04-08,33032.93
TAX930882,USR5233,SPT1037124,2024-01-07,32509.51
TAX930883,USR2966,SPT935086,2022-06-11,19647.68
TAX930884,USR5626,SPT58034,2023-02-02,8290.79
TAX930885,USR8700,SPT653096,2023-08-05,29046.62
TAX930886,USR1414,SPT1766222,2023-07-01,15313.11
TAX930887,USR5902,SPT1006294,2022-07-29,16919.64
TAX930888,USR684,SPT1411745,2022-03-08,44204.47
TAX930889,USR2007,SPT387468,2023-02-12,37683.57
TAX930890,USR8431,SPT97725,2023-08-10,30691.04
TAX930891,USR2228,SPT1133537,2023-10-03,43866.71
TAX930892,USR6043,SPT1778244,2023-04-01,21966.38
TAX930893,USR1508,SPT1153555,2023-10-08,14837.21
TAX930894,USR1890,SPT587398,2022-03-06,29626.56
TAX930895,USR6287,SPT1047555,2022-12-09,33290.88
TAX930896,USR2875,SPT1852205,2022-06-18,26709.33
TAX930897,USR494,SPT1955687,2023-02-02,18491.23
TAX930898,USR1253,SPT1033389,2023-12-15,5770.28
TAX930899,USR8156,SPT99538,2023-08-17,12705.53
TAX930900,USR6445,SPT1546583,2023-05-28,16999.94
TAX930901,USR1140,SPT1102717,2023-07-02,27520.38
TAX930902,USR437,SPT1767286,2023-03-22,40276.8
TAX930903,USR537,SPT596076,2022-04-23,44464.47
TAX930904,USR5759,SPT1677882,2022-03-13,3469.82
TAX930905,USR7470,SPT1507401,2022-11-25,5027.23
TAX930906,USR3532,SPT1782225,2023-03-22,33300.51
TAX930907,USR3940,SPT1446971,2022-06-30,7847.47
TAX930908,USR818,SPT14656,2022-07-07,3063.76
TAX930909,USR5404,SPT1366935,2023-12-26,21685.79
TAX930910,USR789,SPT1365735,2023-01-10,18917.6
TAX930911,USR4488,SPT1387540,2022-06-14,16243.82
TAX930912,USR7263,SPT616074,2022-03-30,39339.48
TAX930913,USR579,SPT1589890,2022-11-22,49593.86
TAX930914,USR6904,SPT1945984,2022-11-08,10595.85
TAX930915,USR273,SPT1732224,2023-12-09,13647.53
TAX930916,USR7795,SPT1612762,2022-12-19,21132.12
TAX930917,USR461,SPT1976066,2022-05-13,7305.99
TAX930918,USR957,SPT1541061,2023-05-13,4361.63
TAX930919,USR6564,SPT1884648,2024-02-07,46381.74
TAX930920,USR3493,SPT223533,2022-07-19,42956.36
TAX930921,USR8330,SPT648841,2023-12-20,28953.07
TAX930922,USR8281,SPT804207,2023-08-15,34896.03
TAX930923,USR8156,SPT711937,2023-05-28,5340.88
TAX930924,USR4801,SPT254923,2022-04-14,14071.71
TAX930925,USR587,SPT1807867,2022-12-07,45183.71
TAX930926,USR6094,SPT1462026,2024-01-11,6777.76
TAX930927,USR5155,SPT1588837,2023-05-11,12996.95
TAX930928,USR5904,SPT1677633,2023-01-31,2734.17
TAX930929,USR7296,SPT1119700,2023-04-20,28991.8
TAX930930,USR9712,SPT1762953,2023-03-23,49594.6
TAX930931,USR3062,SPT1478856,2022-07-11,18390.81
TAX930932,USR1875,SPT179611,2022-04-11,7755.91
TAX930933,USR210,SPT1968318,2023-12-04,33525.68
TAX930934,USR2055,SPT1514241,2023-04-06,49898.9
TAX930935,USR7560,SPT1460424,2023-09-08,28135.39
TAX930936,USR6403,SPT1524437,2022-10-27,40770.13
TAX930937,USR3542,SPT79166,2023-02-19,47035.16
TAX930938,USR4371,SPT320443,2022-04-22,26818.97
TAX930939,USR2533,SPT939186,2023-07-14,16202.92
TAX930940,USR1633,SPT770796,2023-06-21,32905.32
TAX930941,USR7944,SPT1300083,2022-03-24,23795.53
TAX930942,USR3075,SPT323124,2023-07-25,36263.12
TAX930943,USR7369,SPT418570,2022-03-15,35066.49
TAX930944,USR5559,SPT1900142,2024-02-01,24793.39
TAX930945,USR6484,SPT1936543,2023-03-02,21083.91
TAX930946,USR8262,SPT1826871,2023-07-16,49504.44
TAX930947,USR1794,SPT1544419,2023-04-04,45338.76
TAX930948,USR2409,SPT1439519,2022-06-29,29680.61
TAX930949,USR1443,SPT543353,2022-09-14,9225.45
TAX930950,USR3672,SPT671943,2023-12-16,35527.57
TAX930951,USR6184,SPT1724023,2023-08-13,43053.4
TAX930952,USR8276,SPT952826,2022-10-02,45655.52
TAX930953,USR143,SPT1851906,2022-08-14,6295.01
TAX930954,USR8127,SPT626548,2023-02-06,18699.88
TAX930955,USR973,SPT850558,2023-07-16,15750.48
TAX930956,USR3102,SPT369117,2022-06-02,29116.54
TAX930957,USR78,SPT1291465,2023-07-14,22912.51
TAX930958,USR445,SPT1595369,2023-02-08,41673.63
TAX930959,USR8023,SPT730051,2023-11-28,29365.06
TAX930960,USR5270,SPT877270,2024-02-05,21441.95
TAX930961,USR3894,SPT445639,2023-04-03,49270.17
TAX930962,USR3510,SPT1847369,2023-07-03,14574.22
TAX930963,USR2693,SPT166983,2023-10-15,40107.92
TAX930964,USR1397,SPT1365485,2024-02-07,25361.9
TAX930965,USR3092,SPT1560625,2022-11-23,15125.52
TAX930966,USR5445,SPT1853878,2023-06-07,20560.34
TAX930967,USR9148,SPT203251,2023-08-11,35761.46
TAX930968,USR3054,SPT301359,2022-05-02,49769.58
TAX930969,USR2113,SPT617344,2022-09-02,47777.94
TAX930970,USR5895,SPT1907473,2023-04-04,26267.25
TAX930971,USR1896,SPT1766259,2022-04-02,45234.34
TAX930972,USR8380,SPT1646829,2024-01-15,33259.13
TAX930973,USR9440,SPT572541,2022-09-16,21696.01
TAX930974,USR7418,SPT89144,2023-04-06,42836.9
TAX930975,USR1541,SPT924446,2022-10-09,9402.07
TAX930976,USR2010,SPT634827,2022-09-16,20573.66
TAX930977,USR6817,SPT1734421,2024-01-21,11052.74
TAX930978,USR6310,SPT1438116,2022-04-21,29078.14
TAX930979,USR165,SPT1754788,2023-10-12,48190.97
TAX930980,USR5337,SPT817404,2023-07-16,1515.62
TAX930981,USR4289,SPT1270567,2024-01-05,41975.75
TAX930982,USR995,SPT1020023,2023-09-17,19354.49
TAX930983,USR7313,SPT1810396,2022-07-22,44749.06
TAX930984,USR8320,SPT1473972,2023-11-28,29015.05
TAX930985,USR6924,SPT985548,2022-12-31,30511.7
TAX930986,USR4863,SPT1575664,2023-01-08,2678.33
TAX930987,USR3351,SPT1112440,2022-06-18,22733.95
TAX930988,USR7438,SPT950284,2023-05-18,29964.27
TAX930989,USR116,SPT946901,2023-09-21,20919.06
TAX930990,USR6557,SPT256287,2023-01-29,36736.09
TAX930991,USR2084,SPT422181,2023-09-03,39813.67
TAX930992,USR5820,SPT389840,2023-02-10,21296.25
TAX930993,USR8389,SPT609124,2022-06-12,20158.24
TAX930994,USR7690,SPT2163,2023-04-08,20293.26
TAX930995,USR9946,SPT1305448,2022-07-02,37692.11
TAX930996,USR1280,SPT1647574,2023-04-20,8782.54
TAX930997,USR7066,SPT1419760,2022-06-10,4265.16
TAX930998,USR2893,SPT618172,2023-07-20,49577.39
TAX930999,USR8073,SPT1126601,2023-05-24,24374.35
TAX931000,USR5256,SPT737156,2022-03-24,47965.21
TAX931001,USR8047,SPT1458385,2023-03-31,21806.17
TAX931002,USR7053,SPT956522,2023-03-24,15167.25
TAX931003,USR5972,SPT291145,2023-03-01,14177.22
TAX931004,USR7381,SPT1116477,2022-04-30,44469.03
TAX931005,USR8096,SPT1700712,2023-11-10,31882.47
TAX931006,USR9655,SPT977378,2023-11-12,11053.11
TAX931007,USR6710,SPT181843,2022-06-19,49476.25
TAX931008,USR8909,SPT698649,2022-06-06,2686.14
TAX931009,USR1299,SPT147107,2024-01-07,8767.48
TAX931010,USR7555,SPT1072822,2022-10-18,6113.83
TAX931011,USR5927,SPT1025055,2022-12-03,17537.72
TAX931012,USR568,SPT1733409,2022-05-26,2904.38
TAX931013,USR6579,SPT418315,2022-11-20,17439.07
TAX931014,USR7634,SPT1549179,2023-12-15,21406.64
TAX931015,USR605,SPT210846,2024-01-03,31528.55
TAX931016,USR904,SPT176713,2023-01-19,1631.88
TAX931017,USR3660,SPT1689668,2023-07-07,49122.4
TAX931018,USR1144,SPT1272243,2022-12-02,41676.94
TAX931019,USR6430,SPT1485065,2023-11-22,22005.5
TAX931020,USR8787,SPT421285,2023-01-09,27644.76
TAX931021,USR5551,SPT1021704,2022-07-21,38419.18
TAX931022,USR5613,SPT1203274,2022-06-28,5959.39
TAX931023,USR6475,SPT185138,2022-10-11,38714.17
TAX931024,USR8575,SPT690045,2023-03-08,36649.55
TAX931025,USR7188,SPT1201349,2022-07-19,18221.88
TAX931026,USR3387,SPT410004,2022-03-07,12508.18
TAX931027,USR4393,SPT1938475,2022-09-16,14126.91
TAX931028,USR3608,SPT1633742,2022-10-17,30880.26
TAX931029,USR3676,SPT1691985,2022-10-01,10432.82
TAX931030,USR851,SPT21035,2022-12-22,31758.03
TAX931031,USR3013,SPT1235763,2023-11-15,20570.29
TAX931032,USR981,SPT642006,2022-10-11,26387.35
TAX931033,USR9971,SPT1856472,2022-12-02,20693.3
TAX931034,USR9107,SPT1051560,2022-05-02,4731.08
TAX931035,USR5239,SPT13508,2022-02-28,9632.41
TAX931036,USR9446,SPT904833,2023-02-28,9484.7
TAX931037,USR6826,SPT1302552,2022-07-09,40613.78
TAX931038,USR2207,SPT385868,2023-06-05,27440.76
TAX931039,USR1677,SPT1184130,2022-03-14,27512.95
TAX931040,USR1353,SPT284128,2022-05-25,22540.28
TAX931041,USR6942,SPT1156262,2023-02-05,38734.33
TAX931042,USR7390,SPT84612,2023-09-07,35159.05
TAX931043,USR5145,SPT1105607,2023-03-17,19288.82
TAX931044,USR7668,SPT603579,2022-02-11,15552.65
TAX931045,USR631,SPT48400,2023-12-01,16685.39
TAX931046,USR8781,SPT415442,2023-02-09,34193.94
TAX931047,USR8594,SPT1643093,2022-12-31,40877.34
TAX931048,USR7396,SPT1877906,2023-10-14,8683.28
TAX931049,USR1931,SPT1645053,2022-03-25,42774.09
TAX931050,USR1619,SPT1708421,2023-01-03,34993.29
TAX931051,USR4428,SPT34625,2023-07-20,4171.73
TAX931052,USR291,SPT1114977,2023-05-16,38047.19
TAX931053,USR1179,SPT381906,2023-07-16,44823.24
TAX931054,USR4390,SPT127353,2024-02-04,1411.23
TAX931055,USR275,SPT677729,2023-04-02,9997.2
TAX931056,USR806,SPT700831,2022-11-05,2230.15
TAX931057,USR7215,SPT1432682,2023-01-07,34625.08
TAX931058,USR3817,SPT853453,2023-09-29,30535.87
TAX931059,USR3013,SPT146400,2022-12-12,44247.14
TAX931060,USR3417,SPT1545062,2022-08-16,36509.75
TAX931061,USR912,SPT1735115,2022-04-12,2892.2
TAX931062,USR5788,SPT437140,2022-12-02,2768.67
TAX931063,USR6971,SPT770383,2023-10-16,11343.98
TAX931064,USR2664,SPT1919411,2022-04-22,20132.44
TAX931065,USR6786,SPT119364,2023-03-04,21741.17
TAX931066,USR276,SPT575578,2022-04-08,20797.03
TAX931067,USR2846,SPT1967846,2022-08-04,10835.46
TAX931068,USR6678,SPT1398259,2022-12-22,9266.15
TAX931069,USR2936,SPT1080799,2022-07-13,32081.64
TAX931070,USR3633,SPT518628,2023-03-29,9683.45
TAX931071,USR365,SPT957648,2023-03-27,42456.13
TAX931072,USR8337,SPT1668159,2023-03-28,24705.31
TAX931073,USR895,SPT1250965,2023-11-04,45095.69
TAX931074,USR3529,SPT65620,2023-06-23,18974.72
TAX931075,USR7322,SPT1780596,2023-03-27,1840.92
TAX931076,USR6877,SPT1155199,2022-04-25,44954.35
TAX931077,USR3986,SPT1448134,2022-08-18,6268.88
TAX931078,USR6342,SPT1758133,2023-08-19,32542.87
TAX931079,USR7070,SPT77029,2023-03-06,19650.54
TAX931080,USR6949,SPT1118691,2023-07-11,42197.56
TAX931081,USR9840,SPT1191420,2022-08-08,39830.64
TAX931082,USR4403,SPT734787,2022-09-22,31451.98
TAX931083,USR5849,SPT1728559,2023-01-15,49786.68
TAX931084,USR9874,SPT1278023,2023-07-30,36526.91
TAX931085,USR5720,SPT704010,2024-01-10,20451.15
TAX931086,USR14,SPT1199646,2022-04-03,10989.19
TAX931087,USR3175,SPT81424,2023-12-11,10239.22
TAX931088,USR8069,SPT1970423,2023-05-09,17549.7
TAX931089,USR5960,SPT1403421,2024-01-15,45987.02
TAX931090,USR5394,SPT96048,2023-03-10,8512.13
TAX931091,USR9409,SPT1419032,2022-04-16,16592.42
TAX931092,USR7403,SPT1942458,2023-09-22,22104.41
TAX931093,USR2871,SPT1832772,2023-11-25,8061.33
TAX931094,USR9755,SPT1261060,2022-06-12,22376.44
TAX931095,USR3591,SPT1485100,2023-11-13,20548.84
TAX931096,USR9780,SPT412953,2022-07-13,8634.25
TAX931097,USR8610,SPT1467467,2022-10-08,29207.15
TAX931098,USR9681,SPT1580393,2024-02-03,3141.01
TAX931099,USR3650,SPT597895,2023-08-14,35049.64
TAX931100,USR9924,SPT1086486,2023-01-06,43249.86
TAX931101,USR3905,SPT947448,2022-03-10,35730.64
TAX931102,USR2384,SPT847875,2022-09-24,26898.69
TAX931103,USR8216,SPT1916292,2022-09-23,30236.28
TAX931104,USR7603,SPT403226,2022-04-21,28759.59
TAX931105,USR3029,SPT196154,2023-09-09,19942.56
TAX931106,USR7418,SPT642323,2022-10-03,14776.2
TAX931107,USR7142,SPT1607686,2023-12-15,12230.93
TAX931108,USR6521,SPT192278,2023-06-24,30412.95
TAX931109,USR3269,SPT1736686,2023-02-02,48315.04
TAX931110,USR569,SPT1189040,2023-11-05,31205.13
TAX931111,USR2922,SPT895646,2022-08-31,7895.36
TAX931112,USR8948,SPT407178,2023-07-19,11186.42
TAX931113,USR3113,SPT1241128,2023-09-26,10484.7
TAX931114,USR9537,SPT831076,2022-08-12,44943.78
TAX931115,USR5819,SPT1747080,2022-10-16,46325.95
TAX931116,USR6634,SPT47402,2023-11-07,5755.77
TAX931117,USR667,SPT730236,2022-11-03,20757.46
TAX931118,USR8663,SPT1507593,2023-08-04,47389.25
TAX931119,USR765,SPT1143703,2023-07-14,40168.35
TAX931120,USR8348,SPT356421,2023-04-21,37853.18
TAX931121,USR1366,SPT90422,2023-08-04,31869.11
TAX931122,USR7758,SPT839056,2023-04-28,17334.48
TAX931123,USR5668,SPT1857602,2022-12-20,18753.22
TAX931124,USR5156,SPT1603811,2023-04-13,37573.71
TAX931125,USR1483,SPT166652,2022-11-12,47071.09
TAX931126,USR9473,SPT1425904,2022-06-06,11705.64
TAX931127,USR9557,SPT1077851,2022-04-06,3083.46
TAX931128,USR7209,SPT41414,2023-02-15,35331.51
TAX931129,USR1389,SPT992894,2022-12-08,48782.61
TAX931130,USR4098,SPT821574,2022-12-22,12179.86
TAX931131,USR7379,SPT1951940,2023-08-23,46659.94
TAX931132,USR631,SPT633846,2023-09-01,44829.01
TAX931133,USR8857,SPT1143033,2023-08-19,6521.56
TAX931134,USR9626,SPT1787077,2023-07-03,4806.8
TAX931135,USR4597,SPT1765730,2022-02-12,25966.56
TAX931136,USR9994,SPT806118,2022-02-19,40764.98
TAX931137,USR8646,SPT370961,2023-09-23,8705.18
TAX931138,USR8397,SPT80400,2023-12-30,23441.46
TAX931139,USR916,SPT1073082,2023-12-16,19612.29
TAX931140,USR1906,SPT1819136,2022-07-03,34798.8
TAX931141,USR169,SPT1135287,2023-04-12,34621.17
TAX931142,USR9197,SPT792161,2022-09-04,34884.25
TAX931143,USR5600,SPT262159,2023-08-21,37545.1
TAX931144,USR8655,SPT12489,2023-07-22,7460.7
TAX931145,USR4870,SPT1131607,2022-06-29,41078.65
TAX931146,USR1218,SPT1872647,2023-11-10,31799.82
TAX931147,USR6786,SPT1125596,2022-05-16,8650.19
TAX931148,USR3644,SPT1716004,2023-10-25,5266.83
TAX931149,USR3427,SPT1719862,2023-08-11,6213.14
TAX931150,USR1645,SPT1272371,2023-03-06,5334.14
TAX931151,USR6765,SPT1214436,2023-03-22,2571.72
TAX931152,USR5306,SPT836147,2023-06-22,14837.37
TAX931153,USR9265,SPT315151,2022-12-10,17241.65
TAX931154,USR3330,SPT1435362,2023-12-10,19698.98
TAX931155,USR1115,SPT1290959,2023-03-30,38545.27
TAX931156,USR5638,SPT203645,2023-01-11,15780.93
TAX931157,USR572,SPT727792,2022-12-28,7284.2
TAX931158,USR2298,SPT112946,2023-10-31,19691.59
TAX931159,USR3222,SPT845183,2023-03-11,24739.6
TAX931160,USR7320,SPT1283766,2023-04-16,23967.49
TAX931161,USR7196,SPT748831,2022-07-22,22840.56
TAX931162,USR6662,SPT1062145,2023-06-26,33221.73
TAX931163,USR9125,SPT1021377,2022-07-12,34748.51
TAX931164,USR4795,SPT1422712,2022-09-26,38832.51
TAX931165,USR3145,SPT1249,2022-06-04,17772.9
TAX931166,USR3481,SPT337501,2022-03-29,31571.41
TAX931167,USR7252,SPT911161,2023-07-26,4029.87
TAX931168,USR2348,SPT1966403,2022-07-01,29906.28
TAX931169,USR4364,SPT727895,2022-03-28,12886.44
TAX931170,USR1176,SPT1495141,2023-05-20,20651.19
TAX931171,USR2007,SPT818056,2022-06-25,35636.05
TAX931172,USR8045,SPT1676231,2022-02-15,13212.37
TAX931173,USR1028,SPT605509,2022-05-19,2113.87
TAX931174,USR8926,SPT814755,2024-01-11,14118.07
TAX931175,USR6279,SPT1155163,2023-03-30,38430.89
TAX931176,USR3332,SPT1180010,2023-10-28,6612.4
TAX931177,USR997,SPT651395,2022-03-28,39095.74
TAX931178,USR5701,SPT523760,2023-03-03,30551.54
TAX931179,USR4467,SPT1331855,2024-01-11,7781.12
TAX931180,USR8546,SPT111387,2022-03-06,26045.82
TAX931181,USR3367,SPT500828,2023-05-08,35192.89
TAX931182,USR1560,SPT1090532,2023-01-11,25921.93
TAX931183,USR4024,SPT880468,2023-05-21,3019.55
TAX931184,USR101,SPT1204701,2023-03-23,29180.05
TAX931185,USR1598,SPT214626,2022-06-05,16165.45
TAX931186,USR7283,SPT1182197,2022-10-07,20767.94
TAX931187,USR3031,SPT1641395,2023-12-25,27530.26
TAX931188,USR7154,SPT1239959,2023-04-16,37673.47
TAX931189,USR8832,SPT582807,2022-11-21,27218.36
TAX931190,USR9895,SPT511149,2023-11-03,29633.75
TAX931191,USR6811,SPT655244,2023-05-26,34529.08
TAX931192,USR491,SPT1713366,2023-09-19,48620.08
TAX931193,USR4002,SPT1408953,2022-12-14,49740.54
TAX931194,USR6163,SPT1378875,2022-02-21,12474.66
TAX931195,USR7249,SPT450879,2022-07-22,35491.27
TAX931196,USR398,SPT615928,2022-12-28,34988.42
TAX931197,USR9631,SPT1911333,2023-10-05,20231.51
TAX931198,USR9190,SPT454836,2022-10-08,4612.08
TAX931199,USR6902,SPT1572322,2023-05-04,36686.9
TAX931200,USR2126,SPT1654043,2023-07-04,28223.37
TAX931201,USR9271,SPT1346371,2023-12-19,28334.99
TAX931202,USR1296,SPT128692,2022-04-28,37889.99
TAX931203,USR9494,SPT637581,2023-05-22,18861.12
TAX931204,USR2359,SPT1037606,2022-06-26,18102.25
TAX931205,USR2114,SPT1006455,2022-02-12,20678.3
TAX931206,USR7094,SPT1473855,2023-10-08,47770.69
TAX931207,USR5490,SPT1998091,2022-10-26,15117.24
TAX931208,USR4004,SPT946566,2022-02-15,28091.08
TAX931209,USR3796,SPT538258,2023-12-29,40713.29
TAX931210,USR2508,SPT1977438,2023-12-29,34335.57
TAX931211,USR5516,SPT1910080,2023-07-19,13330.69
TAX931212,USR9794,SPT1945466,2023-12-25,12017.13
TAX931213,USR223,SPT588364,2024-01-10,30356.34
TAX931214,USR355,SPT1521215,2022-03-07,3854.12
TAX931215,USR6381,SPT1139169,2023-08-31,28545.54
TAX931216,USR3836,SPT1425981,2022-10-18,7166.29
TAX931217,USR1638,SPT115759,2023-02-01,17518.76
TAX931218,USR6351,SPT1774848,2022-08-19,5744.96
TAX931219,USR2137,SPT545991,2023-04-06,15461.39
TAX931220,USR7038,SPT531603,2023-01-20,25398.78
TAX931221,USR1188,SPT223548,2022-05-18,49077.75
TAX931222,USR7170,SPT1368878,2023-11-17,48283.26
TAX931223,USR2214,SPT333378,2023-02-20,10413.23
TAX931224,USR5555,SPT1272437,2023-08-05,47472.47
TAX931225,USR1269,SPT1826995,2023-04-05,48372.24
TAX931226,USR5886,SPT878946,2022-12-13,36063.29
TAX931227,USR1727,SPT1710787,2022-03-17,18724.29
TAX931228,USR3491,SPT115065,2023-04-11,49552.23
TAX931229,USR4645,SPT1423517,2022-10-13,32862.94
TAX931230,USR5037,SPT904937,2024-02-06,3138.04
TAX931231,USR4117,SPT1366130,2022-07-08,17900.75
TAX931232,USR9204,SPT1219123,2022-08-02,47498.71
TAX931233,USR7871,SPT194195,2023-10-11,29176.19
TAX931234,USR5631,SPT293559,2022-04-05,37499.0
TAX931235,USR5872,SPT1507534,2023-04-12,37229.33
TAX931236,USR4213,SPT943721,2022-08-07,42457.79
TAX931237,USR2358,SPT1888398,2024-02-07,22517.5
TAX931238,USR2039,SPT1550705,2023-02-09,48781.35
TAX931239,USR1495,SPT907522,2022-10-17,31361.73
TAX931240,USR2624,SPT180242,2022-10-05,43175.61
TAX931241,USR775,SPT891386,2023-05-29,32460.65
TAX931242,USR4709,SPT1793523,2023-04-18,20830.51
TAX931243,USR8770,SPT52081,2024-02-09,32248.25
TAX931244,USR7777,SPT862134,2022-10-26,44127.21
TAX931245,USR9239,SPT868104,2022-11-04,33299.42
TAX931246,USR6070,SPT51301,2022-11-20,48557.72
TAX931247,USR7730,SPT1512547,2022-08-06,42270.81
TAX931248,USR3809,SPT1130715,2022-04-12,8611.54
TAX931249,USR2979,SPT1120284,2024-02-06,12575.74
TAX931250,USR5758,SPT1739036,2024-01-02,4022.8
TAX931251,USR7658,SPT1378169,2022-02-12,2904.89
TAX931252,USR127,SPT1182,2023-03-03,9688.15
TAX931253,USR9890,SPT696078,2022-12-15,21774.02
TAX931254,USR5704,SPT1710807,2022-09-04,10477.8
TAX931255,USR4798,SPT1729419,2023-10-16,13594.35
TAX931256,USR3290,SPT1356592,2022-10-24,1117.46
TAX931257,USR1003,SPT1909764,2023-04-16,38626.74
TAX931258,USR9383,SPT1403118,2022-04-12,27746.4
TAX931259,USR8724,SPT1596922,2023-08-13,49131.64
TAX931260,USR2755,SPT147078,2024-01-15,14555.77
TAX931261,USR7781,SPT1066691,2023-08-14,19075.97
TAX931262,USR8098,SPT1185870,2023-03-12,32814.24
TAX931263,USR8334,SPT219052,2023-01-19,36574.2
TAX931264,USR3694,SPT744456,2022-12-13,10367.4
TAX931265,USR7089,SPT1853139,2023-01-03,6128.43
TAX931266,USR5949,SPT150898,2022-08-19,21593.17
TAX931267,USR4471,SPT1046746,2024-01-26,15321.22
TAX931268,USR6389,SPT1805681,2023-03-05,23876.54
TAX931269,USR8165,SPT1647670,2022-06-15,2639.04
TAX931270,USR8955,SPT1229549,2022-08-16,1297.81
TAX931271,USR1625,SPT733122,2022-11-04,20645.73
TAX931272,USR1179,SPT1317061,2022-07-07,22396.86
TAX931273,USR5275,SPT1513670,2023-08-17,8361.88
TAX931274,USR9428,SPT656535,2023-11-19,17047.49
TAX931275,USR215,SPT1636199,2022-03-14,18863.01
TAX931276,USR1489,SPT364912,2023-05-02,22272.47
TAX931277,USR8314,SPT1713549,2022-11-30,36751.83
TAX931278,USR638,SPT286248,2022-09-09,32333.7
TAX931279,USR8706,SPT1062452,2023-08-21,44974.74
TAX931280,USR1118,SPT469104,2023-03-15,17497.04
TAX931281,USR6464,SPT1806951,2022-05-13,38902.79
TAX931282,USR6782,SPT11618,2022-10-02,45188.67
TAX931283,USR724,SPT1017700,2023-07-23,41590.45
TAX931284,USR1902,SPT1943748,2024-01-26,5427.75
TAX931285,USR5192,SPT785676,2023-08-14,24903.04
TAX931286,USR3309,SPT1735333,2022-03-24,22336.54
TAX931287,USR3504,SPT595972,2023-04-14,15783.01
TAX931288,USR9270,SPT679114,2023-05-24,26963.04
TAX931289,USR6943,SPT1106863,2023-12-16,7994.84
TAX931290,USR5962,SPT1553001,2022-10-20,36403.79
TAX931291,USR3903,SPT829492,2022-08-06,42010.63
TAX931292,USR3206,SPT1570464,2023-12-16,3829.84
TAX931293,USR5750,SPT1279894,2023-11-28,15781.02
TAX931294,USR3511,SPT769603,2023-01-27,8695.25
TAX931295,USR1736,SPT284813,2023-10-04,10041.09
TAX931296,USR9452,SPT575577,2023-04-07,21781.3
TAX931297,USR1817,SPT1750381,2022-03-24,18463.17
TAX931298,USR2960,SPT637561,2022-05-09,37540.71
TAX931299,USR8820,SPT1930248,2023-07-15,30723.4
TAX931300,USR3834,SPT91099,2024-01-14,37568.06
TAX931301,USR1689,SPT356842,2022-10-23,13021.7
TAX931302,USR3967,SPT1479627,2023-10-09,32819.99
TAX931303,USR9224,SPT1945631,2022-07-11,10672.83
TAX931304,USR6915,SPT719321,2022-12-08,42769.53
TAX931305,USR4014,SPT1277754,2024-01-14,21290.44
TAX931306,USR6648,SPT720496,2024-01-01,42010.39
TAX931307,USR1572,SPT564174,2022-05-22,2235.16
TAX931308,USR5242,SPT301472,2023-03-17,13573.42
TAX931309,USR3381,SPT1352016,2022-06-27,23083.76
TAX931310,USR4493,SPT517172,2022-07-24,15373.55
TAX931311,USR1859,SPT1957208,2022-06-19,17850.8
TAX931312,USR10000,SPT1013906,2022-05-08,47738.12
TAX931313,USR8081,SPT618899,2022-08-09,25977.64
TAX931314,USR6520,SPT1422436,2023-11-03,14635.09
TAX931315,USR4390,SPT324383,2022-12-28,49034.13
TAX931316,USR3881,SPT504569,2023-02-02,5311.56
TAX931317,USR7649,SPT1580213,2022-11-23,18851.83
TAX931318,USR3369,SPT603390,2023-02-10,2799.24
TAX931319,USR3963,SPT1637266,2022-09-13,10093.29
TAX931320,USR2970,SPT395573,2023-11-04,6262.89
TAX931321,USR8284,SPT163367,2022-10-18,25237.97
TAX931322,USR6934,SPT1771593,2023-10-10,7820.99
TAX931323,USR8629,SPT206501,2023-10-15,4839.35
TAX931324,USR3196,SPT1894935,2023-02-05,3898.96
TAX931325,USR6087,SPT1176154,2022-05-22,43378.22
TAX931326,USR2125,SPT264816,2023-12-22,38768.49
TAX931327,USR6270,SPT474005,2024-01-03,44622.04
TAX931328,USR2292,SPT67399,2022-10-20,15535.47
TAX931329,USR4966,SPT771149,2022-03-08,20123.36
TAX931330,USR9459,SPT704927,2023-05-05,3792.57
TAX931331,USR6025,SPT138365,2024-01-16,19193.82
TAX931332,USR6837,SPT423547,2022-08-13,36233.89
TAX931333,USR8798,SPT1407913,2023-01-26,36280.43
TAX931334,USR4249,SPT1997071,2023-09-19,25618.37
TAX931335,USR3763,SPT1873515,2022-07-18,34849.79
TAX931336,USR3356,SPT1808707,2023-10-22,25370.81
TAX931337,USR2127,SPT1999037,2022-06-13,30234.91
TAX931338,USR9289,SPT1831854,2024-01-14,1088.37
TAX931339,USR6810,SPT1082082,2022-07-30,29727.13
TAX931340,USR1117,SPT850117,2022-02-10,36634.78
TAX931341,USR4101,SPT168299,2023-06-18,26213.62
TAX931342,USR863,SPT434306,2022-12-31,43891.87
TAX931343,USR6171,SPT3202,2022-05-15,45272.54
TAX931344,USR5537,SPT55291,2023-05-17,37090.59
TAX931345,USR825,SPT705796,2023-12-27,12963.98
TAX931346,USR918,SPT1162863,2023-12-07,12728.64
TAX931347,USR1529,SPT735676,2024-02-03,13935.56
TAX931348,USR431,SPT247633,2023-01-07,29144.97
TAX931349,USR2434,SPT480187,2023-03-01,20129.53
TAX931350,USR4367,SPT595166,2022-04-21,30786.3
TAX931351,USR5601,SPT574986,2022-05-29,3380.22
TAX931352,USR1767,SPT1762314,2023-10-02,28079.37
TAX931353,USR1883,SPT1707431,2022-08-08,4483.01
TAX931354,USR9768,SPT982870,2022-09-20,46900.96
TAX931355,USR91,SPT367286,2023-11-01,49323.92
TAX931356,USR9558,SPT1904629,2023-04-22,13777.75
TAX931357,USR9955,SPT879500,2023-12-25,3383.94
TAX931358,USR6015,SPT1300941,2023-09-29,43709.08
TAX931359,USR1866,SPT1548849,2023-07-28,26463.89
TAX931360,USR470,SPT1962337,2023-02-08,33175.52
TAX931361,USR2064,SPT1413162,2022-09-23,45882.88
TAX931362,USR1887,SPT1572476,2022-03-30,13452.01
TAX931363,USR7049,SPT191063,2022-08-23,23548.76
TAX931364,USR174,SPT465432,2023-08-12,17208.83
TAX931365,USR1796,SPT789287,2023-05-19,3228.36
TAX931366,USR453,SPT805585,2023-04-22,42604.46
TAX931367,USR2886,SPT1611428,2022-06-01,10290.25
TAX931368,USR4528,SPT1421197,2022-11-02,1485.39
TAX931369,USR5611,SPT1019121,2022-09-07,37700.28
TAX931370,USR2081,SPT1377223,2022-10-19,17961.12
TAX931371,USR8943,SPT1645393,2022-11-13,12579.97
TAX931372,USR9788,SPT231322,2023-12-09,8433.44
TAX931373,USR8709,SPT1404110,2022-04-21,37631.48
TAX931374,USR8993,SPT880846,2023-01-13,17822.88
TAX931375,USR439,SPT950413,2023-08-21,12157.64
TAX931376,USR9506,SPT1930543,2022-11-29,8417.52
TAX931377,USR16,SPT613384,2023-12-06,1604.58
TAX931378,USR4508,SPT731472,2022-10-13,31071.27
TAX931379,USR1828,SPT1123859,2022-06-14,11964.72
TAX931380,USR1844,SPT397569,2023-07-03,35722.57
TAX931381,USR9825,SPT254609,2023-12-17,15443.37
TAX931382,USR7238,SPT465122,2022-03-28,47424.04
TAX931383,USR2988,SPT1054575,2022-11-22,21141.91
TAX931384,USR6357,SPT437057,2023-02-04,18335.68
TAX931385,USR4305,SPT1623562,2022-08-27,13055.65
TAX931386,USR2567,SPT1360485,2023-06-20,3538.67
TAX931387,USR7105,SPT809445,2022-07-15,40310.18
TAX931388,USR5746,SPT1419323,2022-03-23,46936.59
TAX931389,USR3846,SPT1792991,2023-08-14,46804.32
TAX931390,USR7550,SPT693479,2023-10-13,21983.43
TAX931391,USR8026,SPT1744999,2023-08-13,40282.17
TAX931392,USR3033,SPT932214,2022-03-29,31775.83
TAX931393,USR5151,SPT1632633,2023-12-16,28566.46
TAX931394,USR4920,SPT834859,2022-07-31,24319.14
TAX931395,USR8755,SPT597914,2023-08-29,17156.02
TAX931396,USR6378,SPT1573010,2023-10-25,1355.81
TAX931397,USR2966,SPT169946,2023-11-14,36714.87
TAX931398,USR2619,SPT1208406,2023-12-16,11942.76
TAX931399,USR1770,SPT1783155,2022-03-15,30211.25
TAX931400,USR1901,SPT892732,2023-11-20,12990.98
TAX931401,USR3519,SPT298148,2022-11-19,36668.81
TAX931402,USR5229,SPT465684,2023-12-18,26913.06
TAX931403,USR9785,SPT1200957,2023-08-24,19274.59
TAX931404,USR3601,SPT1560809,2023-11-12,32873.37
TAX931405,USR5354,SPT449094,2023-03-16,44099.17
TAX931406,USR3033,SPT618755,2022-09-21,49545.56
TAX931407,USR2229,SPT1140477,2022-10-05,29166.16
TAX931408,USR2203,SPT357789,2022-10-23,32696.56
TAX931409,USR8614,SPT472896,2024-01-01,40189.01
TAX931410,USR1820,SPT385723,2022-11-12,7262.99
TAX931411,USR1388,SPT587958,2022-03-05,10361.36
TAX931412,USR572,SPT1159656,2022-05-07,14037.42
TAX931413,USR739,SPT1358168,2023-04-29,6470.8
TAX931414,USR89,SPT1370194,2023-03-02,48080.48
TAX931415,USR8449,SPT790047,2023-12-30,43169.53
TAX931416,USR2904,SPT1861409,2023-06-09,42645.18
TAX931417,USR4851,SPT1951236,2023-08-10,19455.85
TAX931418,USR5787,SPT647854,2022-07-21,48857.33
TAX931419,USR1176,SPT841884,2023-02-26,12689.23
TAX931420,USR7853,SPT130748,2022-10-28,17225.78
TAX931421,USR9255,SPT613030,2022-11-02,38831.76
TAX931422,USR2100,SPT419682,2023-07-25,46662.76
TAX931423,USR1670,SPT783427,2022-11-20,47556.27
TAX931424,USR9025,SPT335587,2022-09-11,30330.18
TAX931425,USR2943,SPT343166,2022-10-28,40987.21
TAX931426,USR5303,SPT720174,2023-10-14,5811.2
TAX931427,USR8454,SPT1525043,2023-02-23,3759.74
TAX931428,USR878,SPT685089,2022-08-16,25233.39
TAX931429,USR5565,SPT1719960,2022-02-23,8193.53
TAX931430,USR2647,SPT1717806,2023-04-07,2024.64
TAX931431,USR9499,SPT1678367,2024-01-16,42040.01
TAX931432,USR8290,SPT440615,2023-04-01,46800.51
TAX931433,USR3841,SPT845504,2022-10-17,39523.39
TAX931434,USR8836,SPT3257,2023-07-25,2954.29
TAX931435,USR1925,SPT132286,2023-06-04,30329.62
TAX931436,USR5173,SPT615988,2023-06-27,47295.09
TAX931437,USR7910,SPT1894473,2022-11-02,27580.71
TAX931438,USR9516,SPT673888,2024-02-08,26252.21
TAX931439,USR8648,SPT1247822,2022-02-26,5700.29
TAX931440,USR8090,SPT499360,2022-06-17,21129.92
TAX931441,USR4832,SPT340730,2024-01-16,22803.17
TAX931442,USR645,SPT453552,2023-12-28,23197.93
TAX931443,USR7018,SPT108320,2023-02-06,3295.1
TAX931444,USR6629,SPT1143486,2022-10-19,29259.1
TAX931445,USR7231,SPT1798486,2023-10-06,40038.61
TAX931446,USR25,SPT1548850,2023-11-26,11828.74
TAX931447,USR3366,SPT681224,2022-10-07,34903.36
TAX931448,USR4688,SPT1939696,2023-06-19,13659.81
TAX931449,USR6189,SPT1902194,2022-09-21,32103.63
TAX931450,USR1092,SPT889112,2024-01-26,25500.97
TAX931451,USR9447,SPT129103,2023-06-14,44845.81
TAX931452,USR6166,SPT1127903,2023-02-05,24307.13
TAX931453,USR5843,SPT802607,2023-09-22,1425.38
TAX931454,USR9837,SPT860540,2023-11-15,24324.75
TAX931455,USR7320,SPT65634,2023-03-12,40763.22
TAX931456,USR4923,SPT756749,2023-02-07,24864.12
TAX931457,USR1801,SPT433569,2023-05-06,23343.39
TAX931458,USR6974,SPT398395,2022-08-06,31735.87
TAX931459,USR7395,SPT1321696,2022-04-22,36809.42
TAX931460,USR5445,SPT1424664,2022-04-02,1838.92
TAX931461,USR3244,SPT1431825,2022-03-03,47949.47
TAX931462,USR5151,SPT1891694,2022-07-17,27915.63
TAX931463,USR3101,SPT1211592,2022-05-17,27301.04
TAX931464,USR5116,SPT523924,2022-06-27,47030.86
TAX931465,USR6325,SPT516315,2023-03-01,22416.74
TAX931466,USR8938,SPT1982297,2022-07-18,21846.71
TAX931467,USR2112,SPT800056,2023-03-08,35318.98
TAX931468,USR1630,SPT1385694,2023-08-18,12153.94
TAX931469,USR9212,SPT765956,2022-09-02,46074.63
TAX931470,USR2950,SPT59643,2022-02-12,45089.38
TAX931471,USR2405,SPT1501809,2022-07-28,1429.93
TAX931472,USR4266,SPT223413,2023-05-25,48573.85
TAX931473,USR6300,SPT1666270,2022-12-05,36315.02
TAX931474,USR4486,SPT1289293,2023-05-02,49089.37
TAX931475,USR6885,SPT86302,2023-10-14,13012.41
TAX931476,USR2940,SPT1420481,2023-04-21,28808.48
TAX931477,USR9029,SPT210710,2023-12-13,43398.36
TAX931478,USR8268,SPT1037509,2022-07-22,16428.16
TAX931479,USR4594,SPT1654563,2023-12-26,36969.52
TAX931480,USR6126,SPT1767463,2023-01-07,10351.23
TAX931481,USR4578,SPT755280,2023-11-13,29907.19
TAX931482,USR3295,SPT498084,2023-12-13,21072.82
TAX931483,USR5210,SPT1187879,2022-06-16,32223.23
TAX931484,USR6952,SPT438937,2024-02-09,14345.29
TAX931485,USR9831,SPT372496,2023-11-23,3050.7
TAX931486,USR7536,SPT774346,2023-07-03,38476.42
TAX931487,USR4914,SPT624958,2022-11-26,32215.86
TAX931488,USR1299,SPT1838597,2022-08-11,46356.92
TAX931489,USR4359,SPT1229725,2022-07-30,27962.19
TAX931490,USR1913,SPT24684,2023-05-28,27988.41
TAX931491,USR1082,SPT285287,2022-08-29,17425.69
TAX931492,USR5271,SPT388890,2022-02-17,48598.83
TAX931493,USR1588,SPT868260,2024-01-30,33136.5
TAX931494,USR9476,SPT1088690,2022-04-30,47713.87
TAX931495,USR5339,SPT1303471,2022-09-15,49840.42
TAX931496,USR8621,SPT84424,2022-11-13,14052.41
TAX931497,USR5035,SPT347102,2022-05-26,20965.4
TAX931498,USR2311,SPT825673,2023-10-07,13179.29
TAX931499,USR7831,SPT1802051,2022-07-27,35515.33
TAX931500,USR8659,SPT302335,2023-01-26,10823.52
TAX931501,USR7837,SPT478759,2023-04-08,37187.37
TAX931502,USR159,SPT1089067,2022-11-15,35759.64
TAX931503,USR1647,SPT435980,2022-03-26,2273.42
TAX931504,USR6239,SPT974743,2023-08-22,40816.77
TAX931505,USR6813,SPT1480754,2022-10-08,20604.9
TAX931506,USR9359,SPT1468934,2022-07-04,36646.39
TAX931507,USR7287,SPT1373853,2022-11-19,31279.3
TAX931508,USR3628,SPT404900,2023-06-24,16061.65
TAX931509,USR4240,SPT1146150,2023-01-02,20423.87
TAX931510,USR1079,SPT1245739,2023-05-06,9327.13
TAX931511,USR5068,SPT1982773,2022-02-25,32459.93
TAX931512,USR8322,SPT142803,2023-10-20,46240.4
TAX931513,USR1773,SPT1643145,2022-08-13,16680.93
TAX931514,USR413,SPT1716361,2022-03-08,7226.05
TAX931515,USR9670,SPT1920515,2023-09-12,30145.26
TAX931516,USR8960,SPT283323,2024-01-22,13472.53
TAX931517,USR2817,SPT700848,2022-02-09,27410.09
TAX931518,USR6372,SPT596893,2023-07-15,31949.62
TAX931519,USR5531,SPT1669137,2023-01-20,34890.99
TAX931520,USR7629,SPT1341961,2023-04-01,1534.07
TAX931521,USR652,SPT413159,2022-09-19,20289.73
TAX931522,USR4469,SPT1005607,2022-12-18,42563.55
TAX931523,USR4815,SPT1965868,2023-05-22,28484.55
TAX931524,USR5980,SPT441431,2023-05-05,5315.58
TAX931525,USR1025,SPT1032690,2022-04-08,31644.2
TAX931526,USR1089,SPT488671,2023-10-21,3749.48
TAX931527,USR6313,SPT218148,2023-06-28,26399.93
TAX931528,USR6709,SPT1748214,2023-02-02,41286.59
TAX931529,USR115,SPT327749,2022-10-30,3625.87
TAX931530,USR4135,SPT635788,2022-09-15,3520.66
TAX931531,USR1820,SPT120835,2022-12-14,20840.09
TAX931532,USR2711,SPT669034,2023-06-02,49179.66
TAX931533,USR9095,SPT831804,2022-09-19,33753.23
TAX931534,USR9327,SPT410324,2023-11-13,11042.28
TAX931535,USR3469,SPT665332,2023-01-17,15988.37
TAX931536,USR243,SPT1607726,2023-11-18,38055.84
TAX931537,USR5722,SPT1096734,2022-07-24,46638.27
TAX931538,USR7172,SPT1572680,2022-06-12,36912.76
TAX931539,USR4219,SPT412306,2023-08-26,5668.81
TAX931540,USR5594,SPT564271,2024-02-04,4307.71
TAX931541,USR1094,SPT537548,2022-04-14,28678.72
TAX931542,USR4682,SPT534108,2022-03-19,39484.28
TAX931543,USR1507,SPT14066,2023-12-14,33865.15
TAX931544,USR669,SPT1434070,2022-07-15,9639.09
TAX931545,USR5,SPT1097766,2023-05-05,24898.37
TAX931546,USR5460,SPT374912,2024-02-03,16053.21
TAX931547,USR1696,SPT1134901,2023-04-15,35932.58
TAX931548,USR8006,SPT1052466,2022-02-19,35437.95
TAX931549,USR5204,SPT508270,2023-09-12,43876.17
TAX931550,USR7414,SPT1713890,2023-06-16,10705.04
TAX931551,USR9151,SPT265673,2022-11-30,14484.31
TAX931552,USR3270,SPT471980,2022-07-30,45553.79
TAX931553,USR8239,SPT1639666,2023-09-13,41531.44
TAX931554,USR5160,SPT805998,2022-11-06,38400.56
TAX931555,USR3288,SPT1617374,2023-03-23,11800.82
TAX931556,USR7089,SPT1084194,2023-02-17,21771.84
TAX931557,USR7960,SPT1742912,2022-08-10,47694.89
TAX931558,USR3965,SPT82193,2022-09-28,19637.33
TAX931559,USR2406,SPT1656119,2023-04-08,8766.47
TAX931560,USR4938,SPT1183894,2024-01-11,41669.59
TAX931561,USR9644,SPT1331774,2023-11-05,41855.96
TAX931562,USR6175,SPT571056,2024-01-14,49076.14
TAX931563,USR674,SPT962807,2023-07-15,5737.49
TAX931564,USR7468,SPT1904960,2022-02-19,26091.42
TAX931565,USR3365,SPT1113538,2022-09-23,19179.64
TAX931566,USR1777,SPT1589779,2023-06-18,2977.24
TAX931567,USR6240,SPT1197568,2022-08-06,16143.24
TAX931568,USR8965,SPT727751,2022-04-06,14867.22
TAX931569,USR6730,SPT1314313,2023-05-04,9389.54
TAX931570,USR3895,SPT454461,2023-06-02,40006.95
TAX931571,USR6479,SPT1135121,2023-10-04,35495.79
TAX931572,USR786,SPT241672,2022-06-27,42462.29
TAX931573,USR21,SPT1734453,2024-01-17,4028.13
TAX931574,USR2483,SPT891824,2023-12-04,8905.39
TAX931575,USR5132,SPT566352,2023-03-18,42730.5
TAX931576,USR3951,SPT519925,2022-11-07,31369.09
TAX931577,USR1709,SPT75130,2023-03-06,39805.63
TAX931578,USR9638,SPT1812388,2023-01-24,30012.14
TAX931579,USR7124,SPT1703757,2023-05-09,18007.46
TAX931580,USR9037,SPT1570445,2023-03-28,49515.88
TAX931581,USR8474,SPT1151067,2024-01-27,1857.01
TAX931582,USR9347,SPT187157,2023-02-22,46383.85
TAX931583,USR2022,SPT215177,2023-02-28,40776.02
TAX931584,USR7949,SPT349993,2023-03-08,5417.75
TAX931585,USR437,SPT167689,2022-07-14,3465.26
TAX931586,USR8461,SPT93991,2023-10-10,11249.3
TAX931587,USR7245,SPT1447403,2022-02-22,39013.61
TAX931588,USR9724,SPT1596013,2023-12-02,34486.67
TAX931589,USR8631,SPT1600723,2023-03-21,19049.01
TAX931590,USR1641,SPT616449,2022-08-01,37680.09
TAX931591,USR6527,SPT1007432,2022-04-22,23526.28
TAX931592,USR661,SPT1405442,2022-03-24,33015.49
TAX931593,USR6554,SPT799063,2023-10-22,20745.93
TAX931594,USR3018,SPT530580,2022-03-01,16061.01
TAX931595,USR7633,SPT1799098,2023-07-22,3521.38
TAX931596,USR7172,SPT755459,2023-10-28,23963.29
TAX931597,USR3122,SPT1684369,2023-12-03,11367.54
TAX931598,USR9707,SPT503390,2022-06-28,42660.06
TAX931599,USR8379,SPT1655433,2023-12-07,3798.17
TAX931600,USR2431,SPT805826,2022-05-20,33989.64
TAX931601,USR5575,SPT160736,2022-11-13,29690.77
TAX931602,USR6514,SPT173776,2022-04-25,34588.19
TAX931603,USR2590,SPT1567261,2022-09-05,13881.81
TAX931604,USR5055,SPT877528,2023-10-03,15976.15
TAX931605,USR8846,SPT1325342,2023-07-28,2374.15
TAX931606,USR2807,SPT1431205,2022-05-10,48309.76
TAX931607,USR3928,SPT212633,2023-04-10,3572.69
TAX931608,USR7675,SPT1806903,2023-05-18,30780.8
TAX931609,USR3026,SPT1537623,2022-10-20,19103.71
TAX931610,USR5766,SPT248397,2022-11-29,34648.46
TAX931611,USR7270,SPT1428180,2022-10-20,24709.19
TAX931612,USR6406,SPT916030,2023-12-22,28021.35
TAX931613,USR4133,SPT163137,2022-04-17,8499.27
TAX931614,USR2666,SPT424148,2023-03-31,23215.35
TAX931615,USR2899,SPT509868,2023-12-06,19040.1
TAX931616,USR4781,SPT1053232,2023-08-14,35750.19
TAX931617,USR3684,SPT786153,2023-02-21,16432.84
TAX931618,USR8190,SPT423541,2022-10-31,5868.1
TAX931619,USR7477,SPT1395066,2022-06-24,47724.7
TAX931620,USR3106,SPT1629768,2022-05-03,16746.1
TAX931621,USR8567,SPT471403,2022-12-24,44207.87
TAX931622,USR8710,SPT570434,2023-05-05,17736.74
TAX931623,USR9663,SPT348731,2023-05-22,28175.19
TAX931624,USR9372,SPT412847,2023-01-20,29278.52
TAX931625,USR7042,SPT147695,2023-10-25,24112.93
TAX931626,USR2228,SPT1831098,2022-02-27,3334.9
TAX931627,USR4775,SPT1102236,2023-03-25,39122.7
TAX931628,USR9023,SPT1285957,2023-07-08,10976.72
TAX931629,USR7891,SPT1854473,2024-01-25,31581.28
TAX931630,USR4461,SPT1001706,2023-10-19,10258.64
TAX931631,USR72,SPT1881009,2022-07-28,33168.75
TAX931632,USR7019,SPT1750719,2022-02-26,39692.1
TAX931633,USR2953,SPT1806301,2022-03-31,26671.99
TAX931634,USR426,SPT1674924,2023-12-16,47928.83
TAX931635,USR4655,SPT1005647,2022-05-22,43420.91
TAX931636,USR603,SPT1326375,2023-04-19,2832.4
TAX931637,USR729,SPT1355157,2023-07-10,42886.31
TAX931638,USR6044,SPT963217,2022-09-30,20214.01
TAX931639,USR60,SPT1590754,2024-02-03,15195.79
TAX931640,USR2152,SPT1984143,2022-09-30,12349.31
TAX931641,USR6209,SPT1788133,2023-06-25,45069.79
TAX931642,USR4418,SPT1898639,2022-03-07,10100.63
TAX931643,USR2343,SPT32907,2022-03-27,48327.86
TAX931644,USR8515,SPT876492,2022-07-24,33016.07
TAX931645,USR9353,SPT1345735,2023-04-09,32812.85
TAX931646,USR5990,SPT1044399,2022-03-19,14821.69
TAX931647,USR4672,SPT1910256,2022-10-26,19288.82
TAX931648,USR3911,SPT1517064,2023-11-14,23825.39
TAX931649,USR6208,SPT262828,2022-05-02,38363.05
TAX931650,USR5780,SPT1596009,2022-08-06,33807.96
TAX931651,USR6106,SPT1268489,2023-06-12,2595.31
TAX931652,USR7075,SPT981515,2023-10-08,2498.03
TAX931653,USR1549,SPT304845,2023-09-10,35268.32
TAX931654,USR1301,SPT911753,2022-08-27,7368.13
TAX931655,USR8896,SPT1150246,2022-11-10,9410.37
TAX931656,USR8584,SPT1187565,2023-06-05,44834.56
TAX931657,USR4805,SPT1873177,2022-06-04,42310.7
TAX931658,USR57,SPT1120832,2023-01-20,45356.67
TAX931659,USR9017,SPT974682,2023-06-10,16116.39
TAX931660,USR6624,SPT1537840,2023-06-22,48223.89
TAX931661,USR374,SPT1659194,2023-08-01,3646.19
TAX931662,USR7767,SPT635979,2023-12-24,9534.44
TAX931663,USR2620,SPT1301539,2022-03-18,12765.08
TAX931664,USR7704,SPT1431276,2022-08-29,22114.84
TAX931665,USR1070,SPT945600,2023-12-10,40166.99
TAX931666,USR1478,SPT1892062,2023-01-08,22129.49
TAX931667,USR4800,SPT625487,2022-04-16,29580.39
TAX931668,USR4564,SPT1348678,2022-08-02,12473.09
TAX931669,USR4185,SPT1647149,2024-01-14,40911.43
TAX931670,USR6915,SPT1164678,2022-10-15,48277.86
TAX931671,USR7796,SPT1482952,2023-01-31,48859.35
TAX931672,USR9301,SPT1768653,2023-09-18,11928.06
TAX931673,USR6275,SPT1985708,2023-01-03,36414.91
TAX931674,USR4042,SPT969936,2022-03-06,48701.6
TAX931675,USR3829,SPT824938,2023-05-04,37555.18
TAX931676,USR8193,SPT245960,2022-08-20,22880.37
TAX931677,USR9721,SPT1874157,2022-10-26,37334.73
TAX931678,USR8182,SPT1748608,2023-05-01,30587.92
TAX931679,USR6942,SPT598912,2023-11-30,48717.72
TAX931680,USR3671,SPT1519063,2022-04-14,8353.64
TAX931681,USR5474,SPT1015250,2022-03-26,33773.71
TAX931682,USR3461,SPT406034,2023-11-07,33308.91
TAX931683,USR6772,SPT85868,2023-08-19,49014.28
TAX931684,USR1095,SPT410708,2023-03-26,8288.69
TAX931685,USR9992,SPT1266128,2023-08-30,47270.02
TAX931686,USR5706,SPT1468044,2023-06-29,7696.38
TAX931687,USR344,SPT1175535,2023-03-09,36586.22
TAX931688,USR5563,SPT943993,2022-08-03,37347.08
TAX931689,USR7863,SPT1262860,2023-06-23,10663.82
TAX931690,USR6615,SPT1961278,2022-02-11,36519.26
TAX931691,USR1703,SPT1880223,2022-12-20,40662.14
TAX931692,USR7165,SPT163370,2023-05-12,42485.23
TAX931693,USR2116,SPT749890,2022-03-08,16064.56
TAX931694,USR8276,SPT1994220,2023-09-16,14891.7
TAX931695,USR173,SPT1477384,2024-01-03,4060.86
TAX931696,USR5863,SPT536568,2022-02-13,34456.09
TAX931697,USR6301,SPT462420,2022-09-09,21988.25
TAX931698,USR5474,SPT22406,2023-07-23,15629.44
TAX931699,USR4163,SPT480918,2023-11-20,10015.16
TAX931700,USR2045,SPT242352,2022-04-06,6052.51
TAX931701,USR282,SPT956517,2022-10-05,12317.13
TAX931702,USR2247,SPT461511,2022-11-01,3910.63
TAX931703,USR4106,SPT1108964,2023-09-19,41033.21
TAX931704,USR547,SPT672766,2022-08-12,22013.59
TAX931705,USR5857,SPT475723,2022-12-01,48322.93
TAX931706,USR7942,SPT1237295,2023-04-13,25234.86
TAX931707,USR1097,SPT132395,2022-04-29,36306.43
TAX931708,USR7095,SPT1618570,2023-09-27,48320.82
TAX931709,USR648,SPT1587934,2024-01-10,22278.52
TAX931710,USR2613,SPT865542,2023-10-14,18590.43
TAX931711,USR7245,SPT623122,2022-11-09,30094.86
TAX931712,USR8552,SPT1366968,2023-08-15,14861.86
TAX931713,USR9025,SPT1279110,2022-09-13,23340.49
TAX931714,USR3651,SPT377315,2022-12-04,40774.05
TAX931715,USR8160,SPT912201,2023-02-13,29872.72
TAX931716,USR2265,SPT1176903,2022-08-28,12558.69
TAX931717,USR8057,SPT1272438,2022-08-04,49200.09
TAX931718,USR610,SPT551877,2023-05-25,3382.8
TAX931719,USR8620,SPT409814,2022-04-05,31936.82
TAX931720,USR5489,SPT1167537,2022-11-12,46568.21
TAX931721,USR4515,SPT5679,2023-03-23,6499.99
TAX931722,USR1126,SPT1209981,2022-04-04,47059.01
TAX931723,USR6746,SPT954937,2022-07-28,33236.93
TAX931724,USR9113,SPT315397,2022-05-10,1584.22
TAX931725,USR2406,SPT873780,2022-11-06,28071.02
TAX931726,USR1766,SPT1384706,2022-12-12,16272.04
TAX931727,USR6166,SPT1229624,2023-03-30,24734.62
TAX931728,USR7453,SPT1173437,2022-11-03,12459.24
TAX931729,USR2426,SPT631477,2023-08-16,9002.64
TAX931730,USR9312,SPT1493804,2023-07-06,20370.28
TAX931731,USR9238,SPT208728,2024-01-25,24085.19
TAX931732,USR8684,SPT642716,2023-03-16,26141.19
TAX931733,USR6465,SPT402384,2023-09-23,37802.13
TAX931734,USR6062,SPT1241812,2022-03-07,12706.49
TAX931735,USR3646,SPT1106115,2022-08-16,19096.7
TAX931736,USR9107,SPT787473,2022-09-26,7130.68
TAX931737,USR8490,SPT545501,2023-01-06,15926.21
TAX931738,USR4633,SPT1692209,2022-10-20,28032.2
TAX931739,USR8096,SPT1046259,2023-08-22,11270.45
TAX931740,USR4135,SPT1005214,2022-06-22,7106.62
TAX931741,USR2211,SPT1660555,2022-11-20,35352.64
TAX931742,USR339,SPT1799945,2022-07-19,10661.99
TAX931743,USR5705,SPT423207,2023-08-12,22974.92
TAX931744,USR959,SPT1333132,2023-06-21,48322.53
TAX931745,USR3992,SPT305675,2024-01-05,8054.12
TAX931746,USR2503,SPT436973,2022-03-02,14538.5
TAX931747,USR1284,SPT465422,2022-06-14,28824.55
TAX931748,USR3406,SPT324864,2022-03-31,32054.84
TAX931749,USR3471,SPT105353,2022-03-23,11833.91
TAX931750,USR2432,SPT286968,2023-02-25,45927.6
TAX931751,USR8004,SPT1784916,2022-08-17,48637.41
TAX931752,USR7760,SPT1909403,2023-04-26,26032.16
TAX931753,USR6715,SPT817022,2023-09-09,26110.37
TAX931754,USR7160,SPT252532,2024-01-27,18130.67
TAX931755,USR7939,SPT825727,2023-07-30,1194.24
TAX931756,USR284,SPT391805,2022-02-27,38066.52
TAX931757,USR2261,SPT416318,2023-05-17,15963.4
TAX931758,USR745,SPT948821,2022-03-21,15464.88
TAX931759,USR9586,SPT135388,2023-09-13,22287.15
TAX931760,USR7269,SPT239109,2022-02-23,45278.7
TAX931761,USR2280,SPT16260,2022-10-23,7803.93
TAX931762,USR3112,SPT587346,2022-11-16,41436.89
TAX931763,USR8735,SPT1241157,2022-06-22,26059.93
TAX931764,USR831,SPT1408755,2023-05-04,23477.87
TAX931765,USR5202,SPT1017892,2023-03-01,47493.92
TAX931766,USR4788,SPT1073038,2022-02-11,30329.44
TAX931767,USR746,SPT727079,2022-05-18,11549.27
TAX931768,USR9111,SPT1848933,2023-03-24,7644.25
TAX931769,USR6249,SPT1838365,2023-12-18,24867.35
TAX931770,USR4604,SPT1119375,2023-03-16,23223.26
TAX931771,USR8982,SPT88356,2023-08-12,17570.47
TAX931772,USR7447,SPT1041514,2023-06-15,5712.13
TAX931773,USR419,SPT805914,2022-08-14,14578.33
TAX931774,USR9387,SPT1045120,2023-01-27,38837.76
TAX931775,USR7017,SPT1812911,2022-11-11,16887.91
TAX931776,USR3932,SPT1302330,2022-12-30,25305.88
TAX931777,USR1769,SPT1253602,2022-09-15,3722.49
TAX931778,USR7790,SPT770768,2023-12-24,47053.22
TAX931779,USR6869,SPT1176772,2022-03-04,6363.46
TAX931780,USR3449,SPT712039,2023-07-27,6337.16
TAX931781,USR8473,SPT1842822,2022-05-13,12823.98
TAX931782,USR6576,SPT21324,2023-07-14,19860.57
TAX931783,USR9851,SPT1601952,2023-03-29,40566.74
TAX931784,USR3129,SPT1859391,2023-05-20,36156.42
TAX931785,USR4516,SPT546274,2023-01-16,13856.3
TAX931786,USR3786,SPT640183,2023-03-30,31586.08
TAX931787,USR6502,SPT343791,2023-03-10,30965.72
TAX931788,USR6218,SPT459359,2022-07-23,31105.43
TAX931789,USR5346,SPT506187,2022-05-02,12533.45
TAX931790,USR5114,SPT42663,2022-08-25,7526.27
TAX931791,USR2672,SPT1769390,2023-03-23,44703.31
TAX931792,USR6800,SPT1002397,2022-04-14,48052.4
TAX931793,USR2715,SPT1538868,2023-07-25,22549.67
TAX931794,USR9137,SPT867277,2022-02-17,21725.75
TAX931795,USR9624,SPT1475212,2023-09-14,32618.03
TAX931796,USR6860,SPT431070,2023-02-26,49943.52
TAX931797,USR8057,SPT730595,2022-07-08,6532.95
TAX931798,USR5016,SPT1453789,2022-03-28,37834.08
TAX931799,USR2791,SPT1791289,2023-12-16,33174.44
TAX931800,USR6255,SPT974262,2023-12-28,16917.56
TAX931801,USR5450,SPT869014,2023-08-31,1167.41
TAX931802,USR9160,SPT341484,2023-11-24,27238.45
TAX931803,USR1026,SPT1529744,2023-06-23,10301.72
TAX931804,USR8785,SPT1083765,2023-12-09,12109.31
TAX931805,USR6990,SPT392985,2023-09-06,5914.5
TAX931806,USR7075,SPT1197273,2023-04-27,22701.77
TAX931807,USR1784,SPT1664367,2023-04-26,39239.55
TAX931808,USR4511,SPT937733,2023-03-26,22838.05
TAX931809,USR7462,SPT888773,2022-03-10,9096.05
TAX931810,USR9059,SPT1319691,2023-05-17,21224.21
TAX931811,USR1800,SPT903446,2023-04-19,3527.87
TAX931812,USR3217,SPT166916,2022-06-26,22207.13
TAX931813,USR4203,SPT1658148,2022-08-30,46885.69
TAX931814,USR2412,SPT1721001,2024-01-01,49209.6
TAX931815,USR2974,SPT813087,2022-05-01,33882.24
TAX931816,USR3220,SPT234289,2023-06-29,32569.09
TAX931817,USR1797,SPT1633089,2023-04-30,29456.82
TAX931818,USR7445,SPT1393006,2023-10-14,45223.83
TAX931819,USR7756,SPT1727501,2023-04-12,31833.35
TAX931820,USR5712,SPT1524908,2022-05-24,10896.62
TAX931821,USR2343,SPT1992334,2022-03-17,16736.75
TAX931822,USR7893,SPT1228106,2023-06-10,26106.11
TAX931823,USR1884,SPT548064,2022-09-02,18355.48
TAX931824,USR5771,SPT1307987,2023-01-11,24009.46
TAX931825,USR5102,SPT1272350,2022-10-04,37187.38
TAX931826,USR5227,SPT225259,2023-02-20,29860.79
TAX931827,USR7316,SPT1076008,2022-04-03,8813.6
TAX931828,USR929,SPT534512,2023-07-05,46250.61
TAX931829,USR9077,SPT222227,2023-05-09,10295.76
TAX931830,USR9971,SPT64416,2022-03-26,24058.35
TAX931831,USR1957,SPT1753800,2023-01-02,9445.75
TAX931832,USR631,SPT1281228,2023-08-21,4308.83
TAX931833,USR257,SPT1089482,2022-06-18,11262.08
TAX931834,USR2957,SPT1134577,2023-02-13,2720.04
TAX931835,USR2094,SPT1665090,2023-07-26,26522.76
TAX931836,USR3332,SPT1235902,2023-07-14,7822.33
TAX931837,USR4093,SPT1200948,2023-05-12,19844.66
TAX931838,USR8086,SPT1292799,2023-07-14,6443.73
TAX931839,USR6299,SPT1877242,2022-08-07,12959.79
TAX931840,USR7909,SPT1154748,2022-08-14,17905.09
TAX931841,USR6431,SPT1556654,2023-09-29,41720.68
TAX931842,USR6823,SPT1647543,2023-11-06,26235.92
TAX931843,USR6558,SPT1922117,2022-07-12,49601.09
TAX931844,USR1880,SPT337429,2023-05-13,18087.71
TAX931845,USR2618,SPT260950,2023-06-19,33798.98
TAX931846,USR9746,SPT976523,2022-10-06,34445.05
TAX931847,USR1401,SPT159906,2022-09-05,44344.33
TAX931848,USR423,SPT1603185,2023-12-21,1533.38
TAX931849,USR6388,SPT394311,2022-12-06,1098.68
TAX931850,USR3168,SPT372075,2023-12-16,12555.15
TAX931851,USR829,SPT841576,2023-09-03,29929.73
TAX931852,USR2093,SPT1877109,2022-12-03,16672.46
TAX931853,USR297,SPT1283618,2023-02-23,49250.68
TAX931854,USR555,SPT957171,2022-09-16,5358.11
TAX931855,USR4067,SPT1176708,2022-06-05,1246.13
TAX931856,USR8991,SPT673845,2022-05-08,36944.47
TAX931857,USR7459,SPT853993,2022-02-12,3174.92
TAX931858,USR2764,SPT1587316,2022-07-31,36769.47
TAX931859,USR7649,SPT856391,2023-12-10,37013.99
TAX931860,USR265,SPT978104,2022-04-25,27381.88
TAX931861,USR4189,SPT1385628,2022-09-09,40503.41
TAX931862,USR2872,SPT1857550,2022-12-15,15390.92
TAX931863,USR5158,SPT1059212,2022-03-28,33268.99
TAX931864,USR8156,SPT1288114,2022-09-15,8644.65
TAX931865,USR1276,SPT1354291,2024-01-20,34213.41
TAX931866,USR7400,SPT1992620,2023-05-24,21855.63
TAX931867,USR139,SPT1760931,2022-05-22,19979.58
TAX931868,USR3669,SPT878116,2023-04-06,24152.31
TAX931869,USR8361,SPT1540599,2023-12-14,37625.15
TAX931870,USR2513,SPT1299142,2022-06-12,28126.25
TAX931871,USR5121,SPT666676,2022-03-29,37709.69
TAX931872,USR517,SPT264111,2022-03-02,22468.23
TAX931873,USR5395,SPT1212004,2022-12-03,9756.19
TAX931874,USR3046,SPT304161,2022-04-09,33567.79
TAX931875,USR1566,SPT843589,2023-06-15,5959.77
TAX931876,USR4400,SPT661468,2022-09-20,26964.2
TAX931877,USR3665,SPT981293,2023-05-11,13835.87
TAX931878,USR2888,SPT1910858,2022-12-07,18389.95
TAX931879,USR5423,SPT333374,2023-07-21,20253.78
TAX931880,USR5851,SPT1482500,2023-12-31,14913.97
TAX931881,USR4491,SPT15379,2024-02-08,21288.83
TAX931882,USR7108,SPT1669519,2023-11-08,29587.26
TAX931883,USR2087,SPT1230840,2023-05-24,47161.56
TAX931884,USR6984,SPT891745,2022-06-06,31510.31
TAX931885,USR5997,SPT1214699,2023-02-06,44794.92
TAX931886,USR1571,SPT50703,2023-04-16,5439.5
TAX931887,USR2577,SPT531008,2022-09-25,34831.4
TAX931888,USR8850,SPT1142253,2022-08-29,15727.57
TAX931889,USR8090,SPT1000905,2023-06-25,19677.22
TAX931890,USR9277,SPT1392304,2022-11-23,5150.88
TAX931891,USR3729,SPT1010582,2024-01-07,2235.82
TAX931892,USR3035,SPT1296592,2023-08-02,5346.5
TAX931893,USR3465,SPT164802,2022-12-28,15749.87
TAX931894,USR3666,SPT758248,2022-09-26,15424.25
TAX931895,USR6070,SPT249279,2022-04-30,44392.58
TAX931896,USR4058,SPT319004,2022-11-23,47769.74
TAX931897,USR6050,SPT713719,2022-04-10,47808.14
TAX931898,USR5388,SPT291261,2024-01-05,1107.88
TAX931899,USR5536,SPT554415,2022-07-21,30655.89
TAX931900,USR8698,SPT1194757,2022-12-24,28828.24
TAX931901,USR2414,SPT1521515,2023-04-03,22768.91
TAX931902,USR5198,SPT1070653,2023-11-25,12423.8
TAX931903,USR8121,SPT1042370,2022-11-26,31267.75
TAX931904,USR3133,SPT1632037,2022-02-10,2904.22
TAX931905,USR160,SPT226576,2023-11-17,46373.64
TAX931906,USR6652,SPT527582,2022-10-12,8905.48
TAX931907,USR3715,SPT1894969,2022-12-09,34859.68
TAX931908,USR5610,SPT1609059,2023-10-21,26594.53
TAX931909,USR4134,SPT474765,2022-08-06,3099.05
TAX931910,USR8358,SPT1864932,2022-12-13,29306.66
TAX931911,USR4931,SPT616716,2022-12-21,49880.52
TAX931912,USR5662,SPT1403579,2023-05-30,8257.79
TAX931913,USR8386,SPT1926491,2022-10-23,6018.93
TAX931914,USR1474,SPT1433151,2022-10-01,8948.47
TAX931915,USR5208,SPT892999,2023-10-06,8968.8
TAX931916,USR4745,SPT696442,2022-09-29,39889.29
TAX931917,USR4772,SPT180922,2022-06-01,40765.33
TAX931918,USR5690,SPT653863,2022-08-08,10613.89
TAX931919,USR6815,SPT1549198,2023-06-12,5420.72
TAX931920,USR7587,SPT1565989,2023-01-14,26965.89
TAX931921,USR2741,SPT587700,2022-03-02,6863.04
TAX931922,USR6798,SPT917870,2022-06-16,23809.52
TAX931923,USR7639,SPT1594816,2022-10-25,10185.86
TAX931924,USR2543,SPT461537,2023-03-06,25599.42
TAX931925,USR2745,SPT162361,2023-06-22,39748.8
TAX931926,USR1579,SPT1867685,2023-07-21,10417.86
TAX931927,USR8764,SPT654156,2023-01-27,36122.25
TAX931928,USR3496,SPT1180271,2023-09-16,36256.39
TAX931929,USR9490,SPT208649,2023-09-16,19624.58
TAX931930,USR3630,SPT631264,2022-09-13,36238.01
TAX931931,USR9641,SPT596812,2023-05-11,33550.55
TAX931932,USR4701,SPT1367609,2023-01-03,7799.61
TAX931933,USR2192,SPT749663,2022-07-27,47179.65
TAX931934,USR7064,SPT1618690,2022-06-03,18362.37
TAX931935,USR6189,SPT1631997,2022-10-28,37547.22
TAX931936,USR6134,SPT113401,2023-08-06,36876.22
TAX931937,USR9510,SPT656910,2022-09-10,20060.1
TAX931938,USR6832,SPT483226,2022-07-30,31963.48
TAX931939,USR6454,SPT239420,2022-11-27,8706.85
TAX931940,USR1579,SPT1779060,2024-01-15,11919.12
TAX931941,USR8102,SPT690376,2022-10-11,10828.93
TAX931942,USR4061,SPT1124541,2022-11-21,41123.66
TAX931943,USR1326,SPT717814,2023-08-26,1372.78
TAX931944,USR3796,SPT1369836,2023-10-30,24163.69
TAX931945,USR5969,SPT1153540,2022-08-11,32979.22
TAX931946,USR8393,SPT338407,2023-07-21,44262.18
TAX931947,USR4335,SPT620307,2022-07-30,44578.79
TAX931948,USR4686,SPT985068,2022-04-11,43347.41
TAX931949,USR6590,SPT698076,2023-12-10,45688.34
TAX931950,USR8139,SPT977166,2024-01-18,3555.81
TAX931951,USR2219,SPT718073,2022-10-08,17909.32
TAX931952,USR4228,SPT262934,2023-03-17,25816.89
TAX931953,USR9360,SPT1078433,2023-10-28,34355.52
TAX931954,USR9720,SPT872062,2023-11-25,42630.88
TAX931955,USR6711,SPT1255818,2022-07-27,7307.95
TAX931956,USR6117,SPT878503,2023-12-14,20814.48
TAX931957,USR7268,SPT1739064,2022-03-07,15283.85
TAX931958,USR8911,SPT1789207,2022-04-25,2991.98
TAX931959,USR6508,SPT1231750,2022-08-22,44598.77
TAX931960,USR4096,SPT1035259,2023-04-18,38119.93
TAX931961,USR2089,SPT1787464,2022-09-04,13317.52
TAX931962,USR4976,SPT497993,2022-05-19,38081.83
TAX931963,USR368,SPT62359,2023-10-10,41049.87
TAX931964,USR3216,SPT1885154,2022-09-07,20720.17
TAX931965,USR7220,SPT262707,2022-09-10,41090.31
TAX931966,USR3558,SPT1824171,2022-05-12,10780.75
TAX931967,USR5429,SPT1253740,2023-11-24,40644.55
TAX931968,USR354,SPT304160,2023-03-14,8728.01
TAX931969,USR3995,SPT38483,2023-04-03,4663.78
TAX931970,USR7589,SPT1259077,2022-12-29,40090.69
TAX931971,USR3731,SPT1751608,2023-11-23,11874.15
TAX931972,USR3652,SPT509119,2023-01-05,47210.3
TAX931973,USR7783,SPT538857,2023-02-05,1284.74
TAX931974,USR2872,SPT1939427,2022-11-07,31853.98
TAX931975,USR5439,SPT187043,2022-02-22,25215.27
TAX931976,USR830,SPT1176077,2022-03-19,28169.59
TAX931977,USR6002,SPT1633203,2022-05-06,47032.7
TAX931978,USR91,SPT549907,2023-04-14,48937.16
TAX931979,USR7351,SPT421295,2023-08-17,13196.94
TAX931980,USR1891,SPT1040711,2023-08-30,25946.83
TAX931981,USR1578,SPT1777393,2023-05-31,19154.78
TAX931982,USR2305,SPT453088,2023-12-28,14817.22
TAX931983,USR3385,SPT779388,2022-10-28,2136.93
TAX931984,USR6676,SPT1680527,2023-12-16,40730.62
TAX931985,USR1493,SPT309340,2022-05-07,49892.64
TAX931986,USR6054,SPT229916,2023-02-17,12013.14
TAX931987,USR7067,SPT736626,2022-07-10,41888.42
TAX931988,USR5307,SPT857334,2023-10-08,12793.56
TAX931989,USR8589,SPT1119439,2023-08-18,12431.36
TAX931990,USR900,SPT962724,2022-12-13,42047.41
TAX931991,USR9160,SPT565824,2022-12-23,32324.27
TAX931992,USR9913,SPT1570871,2023-06-21,36167.19
TAX931993,USR5561,SPT987675,2023-06-11,3022.22
TAX931994,USR2673,SPT1981221,2022-07-27,27620.48
TAX931995,USR8289,SPT870047,2022-11-26,25474.85
TAX931996,USR1668,SPT854962,2022-12-26,4194.66
TAX931997,USR4882,SPT957911,2022-02-20,42188.82
TAX931998,USR8200,SPT391683,2022-09-16,27378.76
TAX931999,USR7508,SPT1202944,2022-02-20,25564.02
TAX932000,USR4270,SPT1747750,2024-01-04,22062.13
TAX932001,USR1548,SPT699056,2023-08-04,19998.14
TAX932002,USR459,SPT347214,2022-11-30,31200.92
TAX932003,USR7299,SPT134494,2022-09-17,2304.6
TAX932004,USR4587,SPT1836104,2023-07-21,19292.64
TAX932005,USR7843,SPT1554915,2023-08-07,3221.4
TAX932006,USR6980,SPT951565,2023-12-07,12811.05
TAX932007,USR8111,SPT127094,2024-01-31,32402.8
TAX932008,USR3056,SPT1659789,2022-06-16,36997.71
TAX932009,USR8229,SPT255309,2022-03-10,13441.89
TAX932010,USR4681,SPT908637,2023-02-23,30734.92
TAX932011,USR6286,SPT842350,2023-11-10,13558.73
TAX932012,USR5584,SPT143680,2023-08-29,30067.01
TAX932013,USR7106,SPT1880533,2022-11-02,25066.88
TAX932014,USR4625,SPT391776,2022-09-10,18302.81
TAX932015,USR7366,SPT1350613,2022-08-04,38810.77
TAX932016,USR9604,SPT1712113,2023-09-05,34829.83
TAX932017,USR5716,SPT1380003,2023-11-09,1729.43
TAX932018,USR5782,SPT1860575,2022-04-22,34051.44
TAX932019,USR8606,SPT1949702,2023-08-11,16008.15
TAX932020,USR5749,SPT280055,2023-08-04,5681.92
TAX932021,USR453,SPT387015,2023-06-08,14160.07
TAX932022,USR1429,SPT1087632,2022-07-05,27855.14
TAX932023,USR8014,SPT570666,2022-02-14,47358.34
TAX932024,USR39,SPT177228,2022-12-26,21145.2
TAX932025,USR9143,SPT1234548,2023-05-31,10946.51
TAX932026,USR8349,SPT1870768,2022-05-30,13930.63
TAX932027,USR5186,SPT930621,2024-02-02,34243.91
TAX932028,USR5155,SPT1471032,2022-10-03,4427.57
TAX932029,USR6038,SPT1861221,2023-11-04,47693.52
TAX932030,USR6219,SPT1091274,2024-01-12,33473.59
TAX932031,USR9816,SPT1280830,2023-10-24,31478.81
TAX932032,USR8981,SPT334192,2022-03-22,40384.9
TAX932033,USR8031,SPT775745,2022-08-10,27445.23
TAX932034,USR4556,SPT125982,2023-06-26,35085.66
TAX932035,USR4153,SPT1746813,2022-05-27,6600.45
TAX932036,USR8379,SPT1383695,2024-01-11,42613.53
TAX932037,USR4356,SPT544046,2023-11-21,29737.69
TAX932038,USR894,SPT1621026,2022-02-22,33361.51
TAX932039,USR7474,SPT1531493,2023-08-10,45504.23
TAX932040,USR473,SPT89356,2023-11-11,32288.52
TAX932041,USR7159,SPT749835,2022-11-03,25849.64
TAX932042,USR3378,SPT1898709,2023-10-28,48722.59
TAX932043,USR7199,SPT1175499,2022-09-25,6283.52
TAX932044,USR6939,SPT721280,2023-02-21,20220.25
TAX932045,USR281,SPT1299734,2022-06-20,17171.82
TAX932046,USR9996,SPT1913144,2022-09-15,13831.98
TAX932047,USR1142,SPT1864466,2022-05-14,27871.51
TAX932048,USR5330,SPT290067,2022-04-07,39038.37
TAX932049,USR3414,SPT259535,2022-04-12,31207.43
TAX932050,USR7747,SPT800406,2023-05-10,43983.49
TAX932051,USR3277,SPT535617,2023-11-26,41935.98
TAX932052,USR7486,SPT1370288,2023-05-07,4284.47
TAX932053,USR7617,SPT1666037,2023-02-19,25626.5
TAX932054,USR6821,SPT1900229,2022-06-23,11147.92
TAX932055,USR6220,SPT476716,2023-11-03,7464.7
TAX932056,USR5484,SPT1019841,2023-08-05,48640.01
TAX932057,USR2713,SPT1522141,2023-10-14,41559.63
TAX932058,USR2175,SPT1155960,2023-09-01,30547.86
TAX932059,USR63,SPT1924163,2022-11-25,8151.69
TAX932060,USR8874,SPT22849,2022-02-21,34403.14
TAX932061,USR1873,SPT729022,2023-10-16,15112.92
TAX932062,USR4557,SPT614040,2022-06-10,20017.63
TAX932063,USR1402,SPT580522,2023-07-06,10297.69
TAX932064,USR2315,SPT1044330,2022-03-23,35385.87
TAX932065,USR959,SPT960510,2022-09-07,48318.96
TAX932066,USR4130,SPT418498,2022-04-10,4355.72
TAX932067,USR3058,SPT265539,2022-07-28,20620.59
TAX932068,USR6386,SPT258745,2022-12-18,15787.44
TAX932069,USR9702,SPT1890759,2023-10-12,10086.88
TAX932070,USR5777,SPT1930591,2023-06-23,40777.57
TAX932071,USR3276,SPT804017,2022-08-27,12726.09
TAX932072,USR1187,SPT1578853,2023-04-04,18425.46
TAX932073,USR7330,SPT1366854,2023-01-18,18748.68
TAX932074,USR343,SPT491952,2022-05-31,15830.48
TAX932075,USR9178,SPT1002943,2022-06-19,10562.69
TAX932076,USR6679,SPT887325,2022-04-27,7376.11
TAX932077,USR3140,SPT895271,2023-03-18,4315.57
TAX932078,USR9913,SPT58463,2023-09-03,22826.34
TAX932079,USR6395,SPT996308,2023-06-01,24644.47
TAX932080,USR7679,SPT145889,2023-02-02,28815.13
TAX932081,USR4236,SPT1299082,2023-11-15,1450.15
TAX932082,USR2521,SPT1330115,2024-02-06,2605.92
TAX932083,USR4402,SPT1894318,2022-11-05,43548.81
TAX932084,USR7579,SPT69158,2023-06-12,4155.96
TAX932085,USR6174,SPT1822503,2022-08-12,29395.54
TAX932086,USR5588,SPT1763356,2022-05-23,4705.36
TAX932087,USR5608,SPT1947026,2022-09-10,30844.26
TAX932088,USR5754,SPT32529,2022-06-06,39172.67
TAX932089,USR2585,SPT62618,2023-03-28,35748.82
TAX932090,USR7050,SPT1455577,2024-02-06,40669.24
TAX932091,USR6939,SPT1631387,2023-09-20,49495.54
TAX932092,USR316,SPT817535,2022-06-19,29784.42
TAX932093,USR3166,SPT1877712,2023-03-07,36063.56
TAX932094,USR9738,SPT540079,2022-12-31,6042.79
TAX932095,USR1269,SPT1459309,2023-03-07,39903.9
TAX932096,USR52,SPT790099,2022-11-08,17664.56
TAX932097,USR3624,SPT1771240,2022-10-16,15939.94
TAX932098,USR1904,SPT1489969,2022-04-30,48819.63
TAX932099,USR5650,SPT272820,2023-05-31,46736.76
TAX932100,USR7325,SPT394860,2022-05-24,27172.69
TAX932101,USR3853,SPT754159,2023-03-14,24620.84
TAX932102,USR9368,SPT1793564,2023-10-17,8935.56
TAX932103,USR9630,SPT643774,2022-02-13,6340.14
TAX932104,USR2281,SPT1544301,2023-11-13,47321.97
TAX932105,USR9410,SPT1804261,2023-07-22,4918.2
TAX932106,USR7226,SPT408743,2022-05-26,1105.25
TAX932107,USR1229,SPT1516045,2023-12-23,2817.71
TAX932108,USR8630,SPT591188,2023-05-04,34245.22
TAX932109,USR6370,SPT1312336,2022-12-27,11945.17
TAX932110,USR1615,SPT267665,2022-09-03,4348.31
TAX932111,USR1157,SPT1589636,2023-08-16,44644.81
TAX932112,USR6457,SPT752783,2023-08-17,8426.68
TAX932113,USR6364,SPT217933,2023-12-30,44063.29
TAX932114,USR4879,SPT1249890,2024-01-06,35340.12
TAX932115,USR8100,SPT1132187,2024-01-16,29891.07
TAX932116,USR2588,SPT1661155,2023-02-17,2692.19
TAX932117,USR8704,SPT1546976,2023-07-21,6057.23
TAX932118,USR4130,SPT522369,2023-12-02,39900.36
TAX932119,USR3336,SPT5505,2023-08-11,42295.88
TAX932120,USR4359,SPT449745,2023-01-01,23786.75
TAX932121,USR3278,SPT811444,2023-01-08,49149.9
TAX932122,USR9492,SPT1890497,2022-08-10,33487.62
TAX932123,USR9393,SPT210150,2023-09-20,43609.11
TAX932124,USR572,SPT1408196,2022-12-26,39764.66
TAX932125,USR2036,SPT1460361,2023-03-17,37244.96
TAX932126,USR8181,SPT1002711,2024-01-01,39914.4
TAX932127,USR3230,SPT1174534,2023-05-27,44526.12
TAX932128,USR2264,SPT1016871,2023-06-24,6448.81
TAX932129,USR6582,SPT825935,2022-03-11,8274.58
TAX932130,USR1512,SPT575522,2023-12-25,21345.65
TAX932131,USR2947,SPT213732,2023-07-11,19598.12
TAX932132,USR9156,SPT960356,2024-01-24,49185.91
TAX932133,USR7510,SPT1064913,2022-05-09,38017.82
TAX932134,USR7811,SPT1024182,2022-10-13,25001.88
TAX932135,USR1634,SPT1406817,2022-05-17,20794.05
TAX932136,USR2197,SPT540341,2022-03-22,17962.46
TAX932137,USR4108,SPT300207,2023-01-09,42393.55
TAX932138,USR7613,SPT597200,2022-11-01,3210.46
TAX932139,USR7778,SPT289819,2022-07-31,39871.56
TAX932140,USR976,SPT1779964,2022-12-10,42933.29
TAX932141,USR1228,SPT1005073,2023-09-23,13834.17
TAX932142,USR1348,SPT220285,2022-04-24,29598.59
TAX932143,USR5706,SPT811124,2022-09-06,47145.29
TAX932144,USR7500,SPT1141153,2022-11-20,6613.84
TAX932145,USR2535,SPT1437969,2023-05-29,31584.52
TAX932146,USR9200,SPT285802,2022-12-13,24595.24
TAX932147,USR4716,SPT347421,2023-03-22,1269.74
TAX932148,USR9461,SPT1584039,2022-11-26,22847.3
TAX932149,USR225,SPT1647990,2023-09-11,46043.78
TAX932150,USR3061,SPT502177,2022-08-07,24847.63
TAX932151,USR4481,SPT1953323,2023-01-07,12952.44
TAX932152,USR3458,SPT1500485,2023-04-11,43866.43
TAX932153,USR2423,SPT1036195,2023-12-05,15269.12
TAX932154,USR2206,SPT587699,2022-03-04,24105.14
TAX932155,USR951,SPT483347,2023-12-02,13389.46
TAX932156,USR9142,SPT269697,2023-08-28,23028.2
TAX932157,USR1511,SPT652286,2023-08-25,12822.12
TAX932158,USR6104,SPT392970,2023-05-20,24913.57
TAX932159,USR8221,SPT1707926,2022-05-26,30136.11
TAX932160,USR8610,SPT254593,2023-03-06,39975.45
TAX932161,USR2734,SPT1378977,2024-02-06,3520.74
TAX932162,USR9043,SPT1122936,2022-11-22,36648.38
TAX932163,USR3446,SPT1595157,2023-11-24,38632.23
TAX932164,USR7921,SPT1794812,2023-09-25,24618.7
TAX932165,USR7034,SPT1298099,2023-11-11,14543.67
TAX932166,USR793,SPT1189141,2022-12-22,20841.51
TAX932167,USR6222,SPT980202,2022-11-28,16719.26
TAX932168,USR7533,SPT1206523,2023-08-20,44618.03
TAX932169,USR4900,SPT1457195,2023-09-23,46499.91
TAX932170,USR7524,SPT1867217,2022-11-05,20295.09
TAX932171,USR6942,SPT477525,2022-08-30,43204.09
TAX932172,USR1867,SPT917180,2023-07-08,49036.89
TAX932173,USR9255,SPT971184,2023-01-07,49407.18
TAX932174,USR9818,SPT1830878,2022-11-01,44191.44
TAX932175,USR6043,SPT837031,2023-02-03,9528.02
TAX932176,USR7694,SPT840820,2023-04-05,41511.5
TAX932177,USR1079,SPT411803,2024-01-10,7948.78
TAX932178,USR8014,SPT1221957,2023-12-31,44090.33
TAX932179,USR8487,SPT253522,2023-05-09,27997.4
TAX932180,USR5589,SPT1427717,2022-07-11,22991.5
TAX932181,USR9134,SPT1330949,2022-09-06,46138.52
TAX932182,USR6394,SPT1466059,2022-02-09,35502.35
TAX932183,USR7136,SPT554391,2023-12-08,9249.06
TAX932184,USR6265,SPT831528,2023-01-09,15576.61
TAX932185,USR4734,SPT58195,2022-05-11,44046.81
TAX932186,USR4909,SPT1757088,2022-07-06,30943.17
TAX932187,USR6597,SPT133479,2022-04-01,7728.88
TAX932188,USR2865,SPT221379,2022-03-25,45135.79
TAX932189,USR6661,SPT1895397,2022-10-23,43118.22
TAX932190,USR6621,SPT402040,2023-03-05,2869.37
TAX932191,USR2806,SPT1552143,2023-03-13,45290.26
TAX932192,USR9144,SPT512571,2023-04-27,20167.22
TAX932193,USR4565,SPT656118,2023-10-01,29516.86
TAX932194,USR167,SPT1375430,2022-08-14,46562.76
TAX932195,USR6601,SPT1241244,2023-11-17,26581.44
TAX932196,USR5424,SPT231355,2022-08-08,16417.49
TAX932197,USR2050,SPT1691331,2023-12-01,33569.78
TAX932198,USR394,SPT1600077,2022-12-11,43661.08
TAX932199,USR9714,SPT810425,2022-04-15,1796.15
TAX932200,USR6239,SPT1637518,2023-12-28,44161.14
TAX932201,USR8244,SPT172836,2023-07-01,36942.03
TAX932202,USR679,SPT1187562,2022-07-03,37908.08
TAX932203,USR8989,SPT1645974,2023-06-07,13383.93
TAX932204,USR6712,SPT587218,2023-09-16,16933.79
TAX932205,USR798,SPT308799,2023-02-16,11024.28
TAX932206,USR7288,SPT255338,2023-03-18,1220.43
TAX932207,USR5747,SPT805741,2023-05-10,8579.45
TAX932208,USR8912,SPT1628608,2023-06-03,21382.43
TAX932209,USR3588,SPT1482875,2023-11-09,28699.88
TAX932210,USR6991,SPT1314553,2022-05-27,34408.04
TAX932211,USR6494,SPT1673529,2024-01-03,30576.92
TAX932212,USR3993,SPT1666793,2023-10-16,2350.67
TAX932213,USR7176,SPT287187,2023-07-02,40539.07
TAX932214,USR1433,SPT748864,2023-06-13,26675.18
TAX932215,USR3478,SPT866731,2023-07-28,6911.53
TAX932216,USR4782,SPT536202,2023-08-01,12438.94
TAX932217,USR4008,SPT1368037,2023-07-09,8262.02
TAX932218,USR2651,SPT1067258,2022-07-04,23992.6
TAX932219,USR4965,SPT1851419,2023-08-07,18103.95
TAX932220,USR7494,SPT774191,2022-06-11,42125.68
TAX932221,USR891,SPT1366362,2022-11-02,45394.16
TAX932222,USR5495,SPT495832,2023-06-23,15129.37
TAX932223,USR8441,SPT280267,2023-02-10,30048.55
TAX932224,USR9585,SPT1613219,2024-01-08,7688.0
TAX932225,USR4938,SPT56442,2022-12-17,43089.59
TAX932226,USR4310,SPT856243,2022-12-17,13229.61
TAX932227,USR1213,SPT512599,2023-01-04,36745.35
TAX932228,USR3768,SPT1207063,2023-12-31,49466.15
TAX932229,USR8341,SPT427155,2024-01-01,36381.09
TAX932230,USR9699,SPT1514115,2022-09-18,37158.29
TAX932231,USR4711,SPT634634,2022-11-23,37627.96
TAX932232,USR6772,SPT1626129,2022-04-20,22189.46
TAX932233,USR5152,SPT1202952,2022-07-19,14757.18
TAX932234,USR6984,SPT736534,2022-04-19,4302.85
TAX932235,USR7054,SPT1301729,2022-08-07,2765.8
TAX932236,USR7314,SPT1733083,2022-08-17,48837.77
TAX932237,USR5473,SPT275567,2022-02-13,14950.95
TAX932238,USR4389,SPT111071,2022-12-14,44156.54
TAX932239,USR9752,SPT989128,2023-02-20,10530.21
TAX932240,USR7225,SPT639881,2022-07-19,41994.88
TAX932241,USR6823,SPT450769,2023-11-14,17972.8
TAX932242,USR7700,SPT1471498,2023-10-18,12320.62
TAX932243,USR4023,SPT1634493,2023-07-16,27350.09
TAX932244,USR7982,SPT1008783,2023-10-14,39621.55
TAX932245,USR3523,SPT394055,2023-09-30,24694.2
TAX932246,USR1678,SPT1307710,2022-10-02,25823.16
TAX932247,USR2234,SPT1525831,2022-11-17,27572.69
TAX932248,USR3816,SPT812497,2023-06-29,20757.89
TAX932249,USR8511,SPT839752,2022-12-25,4272.22
TAX932250,USR7685,SPT720455,2023-06-13,40650.36
TAX932251,USR7628,SPT779691,2023-09-21,32740.41
TAX932252,USR2666,SPT362201,2023-08-27,9501.59
TAX932253,USR9135,SPT1161933,2023-10-23,19334.87
TAX932254,USR8565,SPT217292,2023-08-28,13858.04
TAX932255,USR7249,SPT1931031,2023-07-15,12809.87
TAX932256,USR2228,SPT782805,2023-08-03,23023.85
TAX932257,USR7025,SPT1343601,2023-10-26,8817.35
TAX932258,USR528,SPT1622742,2022-10-11,14263.23
TAX932259,USR997,SPT348536,2022-07-03,27419.81
TAX932260,USR1910,SPT44760,2022-08-19,41642.83
TAX932261,USR5560,SPT1931329,2022-02-10,17827.63
TAX932262,USR1607,SPT791040,2022-09-24,39151.17
TAX932263,USR8348,SPT55273,2022-05-19,42064.7
TAX932264,USR6367,SPT1141276,2023-09-11,40392.66
TAX932265,USR1671,SPT664595,2022-09-01,3973.02
TAX932266,USR7569,SPT862273,2023-12-20,14939.25
TAX932267,USR5207,SPT49952,2022-05-13,8589.8
TAX932268,USR3074,SPT1660553,2023-09-24,23855.02
TAX932269,USR7832,SPT664105,2022-06-27,27717.49
TAX932270,USR1403,SPT595008,2023-04-25,28640.71
TAX932271,USR9850,SPT1643691,2022-08-23,34530.91
TAX932272,USR9399,SPT148856,2022-08-03,23511.73
TAX932273,USR8273,SPT941926,2022-09-29,32147.01
TAX932274,USR3743,SPT596272,2024-02-04,1449.58
TAX932275,USR6355,SPT1769852,2022-09-29,6057.07
TAX932276,USR8401,SPT439204,2023-12-20,19491.27
TAX932277,USR6846,SPT1422726,2022-02-22,24799.76
TAX932278,USR2310,SPT1705553,2023-10-11,8642.47
TAX932279,USR7191,SPT1989873,2022-03-04,45118.48
TAX932280,USR2357,SPT29953,2023-04-25,6594.44
TAX932281,USR4198,SPT1226011,2023-08-27,35632.77
TAX932282,USR4935,SPT665196,2023-03-20,39852.32
TAX932283,USR1330,SPT728245,2022-03-23,16160.59
TAX932284,USR5302,SPT1173318,2022-11-12,29696.94
TAX932285,USR9314,SPT394830,2022-08-19,15386.0
TAX932286,USR3649,SPT1718538,2023-04-22,33720.08
TAX932287,USR6255,SPT1155718,2022-10-23,29691.26
TAX932288,USR5809,SPT1536553,2023-03-23,30164.61
TAX932289,USR7194,SPT294115,2022-11-07,35080.77
TAX932290,USR7382,SPT241314,2023-10-21,31660.9
TAX932291,USR4957,SPT425803,2023-12-09,1277.26
TAX932292,USR1512,SPT1242489,2022-12-17,42392.87
TAX932293,USR2322,SPT809221,2023-09-06,20659.79
TAX932294,USR4362,SPT401017,2022-09-13,43165.67
TAX932295,USR7549,SPT1794516,2022-05-12,25164.3
TAX932296,USR4925,SPT311196,2023-12-07,24093.78
TAX932297,USR6222,SPT380158,2023-07-24,17170.45
TAX932298,USR1244,SPT1562334,2022-04-04,14479.61
TAX932299,USR4160,SPT229463,2024-01-01,49353.37
TAX932300,USR4179,SPT1646819,2023-04-01,47340.01
TAX932301,USR9915,SPT1208837,2022-03-12,6710.17
TAX932302,USR7782,SPT1978752,2023-04-05,12696.28
TAX932303,USR3597,SPT465665,2023-10-14,18257.78
TAX932304,USR2651,SPT1299820,2022-03-12,49681.64
TAX932305,USR7028,SPT1969877,2023-10-18,23679.6
TAX932306,USR2698,SPT1101796,2022-03-09,45490.61
TAX932307,USR371,SPT1130423,2023-05-08,43532.89
TAX932308,USR3916,SPT898012,2022-02-20,16115.27
TAX932309,USR8720,SPT1637679,2022-06-25,11740.3
TAX932310,USR5771,SPT1483784,2022-02-21,16206.04
TAX932311,USR5121,SPT896248,2022-04-06,34982.34
TAX932312,USR8777,SPT819779,2022-04-13,22431.55
TAX932313,USR1833,SPT1753130,2023-08-03,12619.25
TAX932314,USR5380,SPT1829535,2023-06-01,46153.54
TAX932315,USR4194,SPT179567,2022-02-12,28572.12
TAX932316,USR4462,SPT542155,2022-04-14,11507.38
TAX932317,USR1647,SPT754826,2023-09-17,19730.11
TAX932318,USR4392,SPT1969225,2022-10-08,15344.34
TAX932319,USR8802,SPT1858036,2022-10-21,2675.6
TAX932320,USR2519,SPT944263,2022-08-30,9319.3
TAX932321,USR8389,SPT1730834,2022-11-23,10597.82
TAX932322,USR134,SPT176794,2022-03-25,13104.09
TAX932323,USR5217,SPT369703,2022-08-28,22480.96
TAX932324,USR4162,SPT71325,2022-12-27,12670.54
TAX932325,USR9001,SPT711749,2022-04-08,5317.53
TAX932326,USR9098,SPT482210,2023-10-28,45729.28
TAX932327,USR5343,SPT740443,2022-04-10,42337.3
TAX932328,USR7777,SPT1294240,2022-12-27,16165.06
TAX932329,USR8497,SPT185399,2022-03-01,39596.18
TAX932330,USR2317,SPT532189,2022-02-12,4716.74
TAX932331,USR2099,SPT719373,2023-11-28,47769.23
TAX932332,USR569,SPT159935,2022-10-04,17953.61
TAX932333,USR7553,SPT1773390,2022-06-30,37022.18
TAX932334,USR7485,SPT458645,2023-01-02,21709.62
TAX932335,USR2324,SPT1268304,2023-07-25,8108.9
TAX932336,USR5414,SPT328417,2023-06-02,37141.26
TAX932337,USR3615,SPT1078112,2022-12-31,5446.02
TAX932338,USR1552,SPT956926,2022-03-31,8377.91
TAX932339,USR4617,SPT228682,2022-02-11,33263.23
TAX932340,USR8786,SPT1993742,2022-12-08,11385.81
TAX932341,USR4936,SPT697090,2022-11-18,41147.6
TAX932342,USR8896,SPT1222807,2023-06-27,39366.3
TAX932343,USR3433,SPT1212580,2022-02-26,8667.35
TAX932344,USR7806,SPT1251326,2023-01-22,16661.97
TAX932345,USR8192,SPT1302164,2022-10-22,37965.3
TAX932346,USR6691,SPT1226135,2023-02-27,18033.78
TAX932347,USR859,SPT926553,2022-06-24,17634.81
TAX932348,USR545,SPT1711915,2023-05-24,44616.46
TAX932349,USR6178,SPT859480,2022-11-17,1578.44
TAX932350,USR608,SPT31406,2023-08-31,32892.8
TAX932351,USR2100,SPT1897270,2022-09-20,32464.18
TAX932352,USR3313,SPT877285,2023-03-24,43473.13
TAX932353,USR2158,SPT916674,2022-05-08,46474.38
TAX932354,USR1014,SPT60524,2022-09-15,33661.29
TAX932355,USR2575,SPT1440319,2023-07-07,36713.53
TAX932356,USR5292,SPT928894,2023-05-03,46966.88
TAX932357,USR5116,SPT436493,2023-08-11,38020.86
TAX932358,USR489,SPT1572168,2022-03-24,33366.07
TAX932359,USR1050,SPT687187,2023-08-14,45436.04
TAX932360,USR7393,SPT826092,2023-11-18,29092.02
TAX932361,USR441,SPT429993,2022-07-20,35715.09
TAX932362,USR6668,SPT1021196,2022-07-26,29088.73
TAX932363,USR7464,SPT1095483,2023-05-18,6113.62
TAX932364,USR8997,SPT432737,2023-11-13,43649.53
TAX932365,USR6537,SPT1795518,2023-05-18,12619.97
TAX932366,USR3362,SPT888419,2023-12-19,32578.28
TAX932367,USR4562,SPT1871746,2023-04-17,44998.88
TAX932368,USR275,SPT1844958,2023-02-27,28602.16
TAX932369,USR506,SPT1764762,2023-01-30,20812.85
TAX932370,USR6342,SPT771903,2023-01-26,49290.78
TAX932371,USR1434,SPT1912424,2022-04-13,14031.51
TAX932372,USR2694,SPT854813,2022-07-17,31471.93
TAX932373,USR1395,SPT1066642,2023-10-10,48680.05
TAX932374,USR4738,SPT263603,2022-10-30,27683.11
TAX932375,USR3206,SPT411668,2022-12-09,37990.98
TAX932376,USR8221,SPT292117,2023-03-19,4478.22
TAX932377,USR4599,SPT41531,2022-11-26,4954.89
TAX932378,USR4305,SPT1245338,2023-06-13,10009.14
TAX932379,USR3694,SPT1439825,2023-10-14,8910.93
TAX932380,USR5546,SPT332535,2022-12-31,16906.96
TAX932381,USR9289,SPT416939,2022-07-24,2133.02
TAX932382,USR464,SPT1132370,2022-02-26,49607.33
TAX932383,USR8748,SPT1200715,2024-01-02,41540.72
TAX932384,USR4357,SPT1547242,2022-09-25,10269.84
TAX932385,USR6027,SPT1873572,2022-02-21,11723.73
TAX932386,USR1198,SPT1457163,2023-02-15,27963.64
TAX932387,USR1856,SPT1113743,2023-09-08,38549.37
TAX932388,USR7463,SPT1652120,2022-07-27,23211.67
TAX932389,USR103,SPT1374291,2022-06-29,46785.76
TAX932390,USR4981,SPT950117,2023-10-10,14143.33
TAX932391,USR4654,SPT100389,2022-10-17,14285.54
TAX932392,USR2226,SPT258948,2023-07-26,41186.9
TAX932393,USR64,SPT1216602,2022-10-10,16053.67
TAX932394,USR3433,SPT416182,2023-05-21,13859.05
TAX932395,USR8987,SPT1671743,2023-11-17,18891.37
TAX932396,USR9374,SPT1997816,2022-03-12,15953.54
TAX932397,USR3671,SPT379696,2022-05-24,36378.94
TAX932398,USR1386,SPT1721077,2023-07-22,30281.62
TAX932399,USR352,SPT42492,2022-08-25,34211.64
TAX932400,USR4155,SPT626259,2022-05-27,16402.32
TAX932401,USR6251,SPT466213,2022-03-22,4506.61
TAX932402,USR8761,SPT426459,2023-10-06,16180.47
TAX932403,USR1984,SPT1502205,2023-04-19,37777.97
TAX932404,USR4374,SPT231892,2023-10-21,35131.23
TAX932405,USR3334,SPT261019,2022-12-21,48089.07
TAX932406,USR626,SPT1329009,2023-10-06,42611.22
TAX932407,USR5998,SPT1026166,2023-12-22,32142.31
TAX932408,USR3872,SPT1880269,2023-01-04,1935.49
TAX932409,USR3946,SPT620219,2023-01-28,29238.16
TAX932410,USR6346,SPT1539423,2022-05-02,48137.51
TAX932411,USR8259,SPT1196305,2023-01-08,34616.03
TAX932412,USR1773,SPT1740343,2023-06-30,48836.76
TAX932413,USR5910,SPT287135,2023-03-08,36773.11
TAX932414,USR783,SPT458012,2023-07-23,34140.88
TAX932415,USR6045,SPT333902,2023-03-23,22164.72
TAX932416,USR4801,SPT1977667,2022-07-19,34158.96
TAX932417,USR6703,SPT1569572,2023-08-24,28416.41
TAX932418,USR2032,SPT1118598,2022-12-14,45156.77
TAX932419,USR6510,SPT857650,2023-08-08,39811.65
TAX932420,USR8693,SPT1323477,2022-08-09,32932.26
TAX932421,USR1612,SPT464365,2022-12-27,49840.23
TAX932422,USR7680,SPT115713,2022-07-13,34167.61
TAX932423,USR6074,SPT798300,2023-05-10,10384.69
TAX932424,USR2325,SPT178733,2022-02-11,1256.35
TAX932425,USR5525,SPT1848703,2023-11-15,32579.58
TAX932426,USR7170,SPT1023947,2023-02-26,42395.72
TAX932427,USR694,SPT55697,2024-01-31,25771.56
TAX932428,USR5427,SPT695782,2023-06-10,6265.07
TAX932429,USR3407,SPT1402004,2022-03-08,5242.2
TAX932430,USR7107,SPT1964504,2022-10-17,19016.24
TAX932431,USR2378,SPT869745,2023-08-06,31161.2
TAX932432,USR1175,SPT1411561,2024-01-17,27214.27
TAX932433,USR8130,SPT226832,2023-01-31,41309.3
TAX932434,USR4713,SPT954673,2022-03-18,8000.11
TAX932435,USR8907,SPT1472392,2022-09-01,12870.82
TAX932436,USR684,SPT672699,2022-04-21,22339.15
TAX932437,USR8663,SPT313787,2023-03-25,5460.07
TAX932438,USR5478,SPT1702666,2022-10-26,39295.35
TAX932439,USR5149,SPT1517277,2023-05-08,46346.21
TAX932440,USR2398,SPT352947,2023-07-21,7462.37
TAX932441,USR4506,SPT1792415,2023-12-03,17625.35
TAX932442,USR1600,SPT1260073,2022-04-24,38852.04
TAX932443,USR9528,SPT1494516,2022-09-01,40866.97
TAX932444,USR7463,SPT826458,2023-03-06,33969.78
TAX932445,USR9813,SPT1088215,2022-07-27,17581.14
TAX932446,USR6387,SPT1936800,2023-07-24,47114.5
TAX932447,USR7648,SPT1028407,2022-07-18,37872.89
TAX932448,USR2866,SPT1523882,2024-01-23,16492.72
TAX932449,USR4144,SPT1739479,2023-01-05,39076.0
TAX932450,USR6351,SPT1396597,2023-12-01,40381.88
TAX932451,USR4816,SPT1947844,2023-01-12,19201.49
TAX932452,USR1803,SPT1866933,2023-06-11,4853.79
TAX932453,USR7706,SPT1028431,2022-08-18,40710.78
TAX932454,USR9984,SPT999008,2022-09-03,8235.69
TAX932455,USR9642,SPT1178162,2022-07-26,26220.88
TAX932456,USR9436,SPT1713202,2023-01-23,27447.17
TAX932457,USR8282,SPT1041541,2023-12-04,23243.75
TAX932458,USR9390,SPT1188892,2022-12-30,49158.23
TAX932459,USR8371,SPT68066,2022-09-05,28517.88
TAX932460,USR7127,SPT433852,2022-12-31,33752.67
TAX932461,USR5125,SPT1829981,2022-07-13,7637.98
TAX932462,USR2754,SPT567393,2023-05-30,40703.88
TAX932463,USR5223,SPT1077819,2023-12-15,26240.41
TAX932464,USR5081,SPT356111,2023-12-15,5034.14
TAX932465,USR3712,SPT642449,2023-03-08,40998.34
TAX932466,USR5910,SPT309502,2023-09-26,35851.79
TAX932467,USR4711,SPT1038083,2022-05-02,24255.12
TAX932468,USR195,SPT1269395,2023-09-24,2673.66
TAX932469,USR4537,SPT1931188,2022-09-07,18656.7
TAX932470,USR5890,SPT720264,2022-07-12,6543.6
TAX932471,USR427,SPT1742171,2023-04-18,1994.09
TAX932472,USR9060,SPT1241985,2023-08-24,44297.32
TAX932473,USR7995,SPT1360357,2023-08-15,39020.0
TAX932474,USR5103,SPT5635,2023-07-31,2179.21
TAX932475,USR2658,SPT624687,2023-01-22,18687.38
TAX932476,USR4709,SPT1884577,2023-05-15,16367.48
TAX932477,USR3690,SPT1556339,2023-04-07,30836.77
TAX932478,USR1690,SPT1002228,2022-02-13,4897.24
TAX932479,USR2876,SPT1562647,2022-04-05,47178.9
TAX932480,USR7402,SPT510646,2022-10-30,31181.32
TAX932481,USR3051,SPT1339393,2022-02-12,6562.27
TAX932482,USR4362,SPT1674576,2024-01-21,37299.02
TAX932483,USR6977,SPT923160,2022-08-23,23167.3
TAX932484,USR8677,SPT1741418,2023-05-30,27738.5
TAX932485,USR9251,SPT1601680,2022-09-07,22736.51
TAX932486,USR8847,SPT1701610,2023-03-26,44814.47
TAX932487,USR5318,SPT25648,2022-02-15,49423.39
TAX932488,USR7822,SPT289624,2023-02-02,18498.94
TAX932489,USR1146,SPT42638,2022-07-17,48039.35
TAX932490,USR5684,SPT1591982,2022-07-17,34425.42
TAX932491,USR3166,SPT1030103,2023-11-07,26540.25
TAX932492,USR4817,SPT1253219,2022-04-07,46163.01
TAX932493,USR9107,SPT1001516,2022-08-29,31616.86
TAX932494,USR5368,SPT1730860,2023-09-21,21889.26
TAX932495,USR852,SPT71300,2022-09-08,29797.37
TAX932496,USR3468,SPT1034020,2022-03-14,13818.18
TAX932497,USR4215,SPT1134041,2023-08-15,5542.47
TAX932498,USR5660,SPT1323559,2022-07-17,24382.82
TAX932499,USR9146,SPT1781035,2022-03-03,38632.52
TAX932500,USR8452,SPT118950,2023-07-04,3184.34
TAX932501,USR8023,SPT323078,2022-11-02,40263.18
TAX932502,USR2585,SPT159570,2023-04-14,38683.54
TAX932503,USR2396,SPT287826,2023-11-22,45621.97
TAX932504,USR7620,SPT647919,2022-05-28,26253.82
TAX932505,USR6774,SPT131679,2024-01-15,2902.98
TAX932506,USR9364,SPT299558,2024-01-18,45369.59
TAX932507,USR2498,SPT14221,2023-04-18,40068.68
TAX932508,USR8623,SPT1126044,2023-01-11,17536.22
TAX932509,USR4826,SPT767844,2022-06-05,25466.0
TAX932510,USR6175,SPT807847,2023-02-09,2806.3
TAX932511,USR9311,SPT335608,2023-12-27,25371.08
TAX932512,USR7167,SPT1254865,2023-08-23,23638.29
TAX932513,USR9059,SPT1140985,2023-06-12,18747.4
TAX932514,USR2129,SPT1203443,2023-01-24,2767.29
TAX932515,USR6783,SPT446736,2022-12-04,23683.49
TAX932516,USR3883,SPT1664460,2023-12-08,10809.89
TAX932517,USR9169,SPT351508,2023-06-05,32666.06
TAX932518,USR1698,SPT1832283,2023-12-28,7269.55
TAX932519,USR5998,SPT630597,2023-10-05,47283.29
TAX932520,USR7533,SPT1382826,2023-10-14,19382.3
TAX932521,USR1937,SPT51385,2022-10-14,3903.01
TAX932522,USR2032,SPT1844154,2023-02-10,41868.46
TAX932523,USR8133,SPT1444443,2022-09-02,38154.73
TAX932524,USR3375,SPT452710,2024-01-04,27432.77
TAX932525,USR494,SPT787636,2023-07-27,30128.78
TAX932526,USR2619,SPT1137358,2022-11-09,22944.69
TAX932527,USR3218,SPT1157942,2023-06-22,21434.89
TAX932528,USR7811,SPT1981269,2022-08-16,30412.99
TAX932529,USR6119,SPT403485,2023-05-10,10898.35
TAX932530,USR6784,SPT609292,2022-12-31,9555.95
TAX932531,USR1350,SPT1229244,2022-04-02,25044.2
TAX932532,USR8063,SPT1120626,2023-05-02,31646.31
TAX932533,USR1624,SPT284996,2022-12-11,39301.09
TAX932534,USR9538,SPT749254,2023-11-14,29486.17
TAX932535,USR8812,SPT1806354,2022-06-04,30770.67
TAX932536,USR8429,SPT1403454,2023-04-05,28082.53
TAX932537,USR3163,SPT686065,2024-02-06,8535.11
TAX932538,USR9993,SPT1112960,2023-08-04,37106.25
TAX932539,USR9146,SPT630116,2023-04-04,5483.29
TAX932540,USR2534,SPT1802874,2023-06-19,8064.48
TAX932541,USR4522,SPT1458813,2023-04-30,17726.79
TAX932542,USR2103,SPT858986,2023-12-06,27455.49
TAX932543,USR1756,SPT1458075,2022-03-18,28660.28
TAX932544,USR4055,SPT350558,2023-03-26,30124.15
TAX932545,USR7244,SPT1621000,2022-04-25,7358.88
TAX932546,USR4839,SPT703469,2022-08-04,26098.58
TAX932547,USR6533,SPT1980121,2022-06-17,28298.62
TAX932548,USR2632,SPT945597,2023-09-01,13104.81
TAX932549,USR7722,SPT1725969,2022-02-19,29845.51
TAX932550,USR9699,SPT1352622,2023-05-07,41824.08
TAX932551,USR6551,SPT1919214,2022-02-20,33828.07
TAX932552,USR8324,SPT1762348,2022-08-24,18466.51
TAX932553,USR4859,SPT97477,2023-09-26,30966.43
TAX932554,USR996,SPT109714,2022-04-22,16751.07
TAX932555,USR4636,SPT840171,2022-09-07,42732.15
TAX932556,USR1521,SPT1492794,2023-10-03,4739.47
TAX932557,USR2038,SPT1719887,2022-03-11,46353.45
TAX932558,USR6795,SPT158241,2022-11-06,16308.7
TAX932559,USR3089,SPT229312,2023-07-26,16567.76
TAX932560,USR6944,SPT1664595,2022-09-01,33549.55
TAX932561,USR5367,SPT1521672,2022-03-03,9302.88
TAX932562,USR6886,SPT158718,2022-02-17,19119.75
TAX932563,USR2429,SPT1727805,2022-07-17,21607.29
TAX932564,USR8742,SPT515352,2024-01-08,38310.53
TAX932565,USR5907,SPT660924,2022-10-21,36950.62
TAX932566,USR5765,SPT189098,2023-11-11,49382.35
TAX932567,USR1137,SPT425293,2023-03-15,25291.29
TAX932568,USR4079,SPT1752073,2022-10-27,38990.33
TAX932569,USR6798,SPT886055,2023-05-23,9447.41
TAX932570,USR5838,SPT504334,2023-01-16,42410.02
TAX932571,USR6826,SPT1881175,2022-10-07,42449.19
TAX932572,USR6177,SPT628687,2022-09-26,24461.35
TAX932573,USR3794,SPT97430,2023-11-17,46910.67
TAX932574,USR4154,SPT983878,2022-08-07,37603.65
TAX932575,USR9803,SPT363206,2022-05-05,48519.23
TAX932576,USR2006,SPT871963,2024-01-20,44425.03
TAX932577,USR9150,SPT861544,2022-08-31,24837.07
TAX932578,USR7476,SPT1177615,2023-04-19,5642.19
TAX932579,USR3138,SPT803073,2023-05-21,18478.25
TAX932580,USR8746,SPT1303702,2023-05-31,25575.17
TAX932581,USR9743,SPT1672975,2022-04-10,17148.06
TAX932582,USR190,SPT1330318,2022-12-11,17120.73
TAX932583,USR3089,SPT347052,2022-10-06,41852.14
TAX932584,USR7058,SPT1394615,2022-06-18,35819.88
TAX932585,USR6330,SPT707127,2023-04-11,32326.41
TAX932586,USR6777,SPT1499414,2023-03-30,15356.57
TAX932587,USR1727,SPT598445,2022-11-24,13142.18
TAX932588,USR1578,SPT118411,2023-12-30,31900.44
TAX932589,USR2419,SPT1874611,2023-08-03,20768.97
TAX932590,USR5073,SPT1885949,2023-10-15,31424.97
TAX932591,USR5641,SPT1851624,2022-06-19,25150.82
TAX932592,USR2948,SPT907513,2022-06-05,23803.74
TAX932593,USR5461,SPT310590,2024-01-31,35232.83
TAX932594,USR2073,SPT737341,2023-07-05,23429.84
TAX932595,USR6453,SPT269970,2022-04-16,29354.26
TAX932596,USR3917,SPT641655,2023-10-26,13927.57
TAX932597,USR1553,SPT128766,2023-10-23,38379.45
TAX932598,USR8336,SPT1759918,2022-05-28,7118.94
TAX932599,USR8140,SPT1876117,2022-09-15,17081.46
TAX932600,USR4157,SPT1639841,2022-06-21,23359.89
TAX932601,USR6411,SPT1646042,2023-12-07,1673.96
TAX932602,USR939,SPT723759,2022-09-18,41600.59
TAX932603,USR2466,SPT466502,2023-01-18,32089.56
TAX932604,USR942,SPT349422,2023-12-16,3907.73
TAX932605,USR3657,SPT1385698,2023-04-02,15897.9
TAX932606,USR8371,SPT626605,2023-03-18,10796.01
TAX932607,USR826,SPT274948,2023-09-28,15047.29
TAX932608,USR9062,SPT248422,2022-06-06,13407.68
TAX932609,USR439,SPT1253013,2023-08-30,34004.03
TAX932610,USR1661,SPT459338,2022-07-30,31184.62
TAX932611,USR7946,SPT484092,2022-10-03,48058.77
TAX932612,USR2306,SPT1956545,2023-03-21,30049.13
TAX932613,USR2456,SPT410675,2022-08-30,47163.41
TAX932614,USR220,SPT376100,2022-08-18,43934.96
TAX932615,USR1273,SPT1056883,2023-01-29,14300.3
TAX932616,USR7019,SPT36185,2022-10-11,20070.43
TAX932617,USR7468,SPT1480306,2023-06-30,44330.45
TAX932618,USR9365,SPT1076466,2023-11-03,26065.4
TAX932619,USR1521,SPT1025458,2023-09-06,6147.52
TAX932620,USR1441,SPT588659,2022-09-09,28305.17
TAX932621,USR6306,SPT1939203,2023-06-16,27789.79
TAX932622,USR3507,SPT1718100,2023-06-05,39115.06
TAX932623,USR4656,SPT1363711,2023-05-28,47268.46
TAX932624,USR1225,SPT746130,2024-01-29,23656.32
TAX932625,USR383,SPT912373,2022-11-10,27649.94
TAX932626,USR4504,SPT1371265,2022-10-22,20584.8
TAX932627,USR6452,SPT1851602,2023-03-31,6983.73
TAX932628,USR369,SPT195314,2023-10-17,38316.99
TAX932629,USR9676,SPT1649993,2023-12-02,25813.97
TAX932630,USR215,SPT244950,2023-05-01,30769.96
TAX932631,USR63,SPT1996816,2023-07-25,16000.07
TAX932632,USR7954,SPT420852,2023-02-14,24749.48
TAX932633,USR6204,SPT1756401,2024-01-31,7032.44
TAX932634,USR701,SPT255333,2023-03-31,42003.25
TAX932635,USR1044,SPT1988684,2023-07-15,32296.63
TAX932636,USR422,SPT1012016,2022-12-25,19511.6
TAX932637,USR459,SPT356506,2022-04-24,12883.38
TAX932638,USR4725,SPT177323,2023-08-18,9503.29
TAX932639,USR3314,SPT1892539,2022-07-13,38539.88
TAX932640,USR4607,SPT1152574,2022-07-25,33855.39
TAX932641,USR7559,SPT1729564,2022-06-11,49375.06
TAX932642,USR1358,SPT703132,2022-12-15,18239.68
TAX932643,USR4645,SPT625638,2023-10-06,30849.08
TAX932644,USR6361,SPT1634313,2022-05-05,33293.15
TAX932645,USR9134,SPT273017,2022-10-03,25734.38
TAX932646,USR4425,SPT576045,2023-11-08,37261.77
TAX932647,USR3877,SPT634371,2022-10-16,44569.11
TAX932648,USR8016,SPT1183692,2023-12-09,21237.95
TAX932649,USR9082,SPT1380689,2023-02-14,19580.48
TAX932650,USR1492,SPT1298064,2023-12-08,16097.62
TAX932651,USR6626,SPT894212,2023-06-08,49885.6
TAX932652,USR6063,SPT1203880,2023-10-03,36359.42
TAX932653,USR600,SPT1226333,2023-06-22,2812.31
TAX932654,USR2524,SPT413031,2023-02-14,42554.94
TAX932655,USR6367,SPT702555,2023-10-30,29676.49
TAX932656,USR3314,SPT14304,2022-07-17,40420.72
TAX932657,USR7182,SPT352445,2023-05-02,15229.35
TAX932658,USR7989,SPT361208,2023-08-18,35724.84
TAX932659,USR2407,SPT568994,2023-05-02,25624.45
TAX932660,USR9340,SPT1383208,2023-10-08,23999.38
TAX932661,USR8068,SPT1990871,2022-11-26,5774.74
TAX932662,USR1560,SPT1008283,2022-05-11,7827.33
TAX932663,USR2802,SPT772727,2022-12-13,35610.74
TAX932664,USR1659,SPT745279,2022-10-03,47422.66
TAX932665,USR3717,SPT1930822,2023-02-04,10590.89
TAX932666,USR6472,SPT1580611,2023-03-10,32693.7
TAX932667,USR7411,SPT1164283,2023-05-11,39722.98
TAX932668,USR6792,SPT706498,2023-10-11,33471.06
TAX932669,USR1115,SPT233455,2023-01-18,28289.16
TAX932670,USR6727,SPT1587809,2023-01-14,35439.4
TAX932671,USR6569,SPT682499,2023-10-26,13137.99
TAX932672,USR5654,SPT191797,2022-09-07,27844.39
TAX932673,USR2135,SPT75764,2023-09-02,42375.13
TAX932674,USR3862,SPT1205246,2023-04-17,28884.35
TAX932675,USR81,SPT279062,2022-05-03,8715.1
TAX932676,USR9304,SPT1121473,2023-04-07,3004.03
TAX932677,USR2708,SPT673985,2022-06-07,14450.79
TAX932678,USR8962,SPT1112026,2022-09-30,35784.19
TAX932679,USR7957,SPT938409,2022-03-18,39277.28
TAX932680,USR6494,SPT323654,2022-09-26,10787.0
TAX932681,USR9243,SPT105389,2023-02-18,47402.17
TAX932682,USR135,SPT1114194,2022-04-26,28113.43
TAX932683,USR2625,SPT1033927,2022-10-13,12047.78
TAX932684,USR8140,SPT139039,2022-06-24,11445.4
TAX932685,USR6827,SPT452123,2023-11-09,2501.9
TAX932686,USR1769,SPT1151884,2023-08-17,10766.33
TAX932687,USR5586,SPT401739,2023-12-13,39763.12
TAX932688,USR9712,SPT1920207,2023-12-22,41473.11
TAX932689,USR2268,SPT155551,2023-04-01,19658.99
TAX932690,USR6784,SPT485848,2023-10-12,44406.22
TAX932691,USR6593,SPT90299,2022-09-27,28821.27
TAX932692,USR8487,SPT1427214,2023-10-21,31922.26
TAX932693,USR3061,SPT620538,2023-04-09,8022.97
TAX932694,USR8376,SPT1578219,2023-06-19,27606.56
TAX932695,USR2886,SPT5358,2022-08-06,16771.87
TAX932696,USR1990,SPT1568727,2022-12-27,20510.42
TAX932697,USR4985,SPT1686945,2023-04-27,42938.77
TAX932698,USR2644,SPT1812833,2023-04-25,25468.5
TAX932699,USR3768,SPT1928986,2023-07-29,34587.3
TAX932700,USR4926,SPT1459751,2022-03-14,47041.44
TAX932701,USR8450,SPT1143713,2023-05-13,8453.43
TAX932702,USR2546,SPT1472522,2023-11-20,28407.79
TAX932703,USR4302,SPT638432,2022-08-10,45693.06
TAX932704,USR6054,SPT597476,2023-04-14,43286.27
TAX932705,USR9789,SPT1858436,2022-05-14,43495.14
TAX932706,USR406,SPT1516747,2022-04-23,36149.35
TAX932707,USR5852,SPT1948089,2023-05-17,1254.1
TAX932708,USR1835,SPT395100,2023-11-15,44036.1
TAX932709,USR7845,SPT931566,2022-08-11,44728.41
TAX932710,USR2532,SPT1139489,2023-02-17,3976.25
TAX932711,USR5036,SPT1387803,2023-11-25,20822.09
TAX932712,USR9018,SPT362810,2023-07-02,22042.46
TAX932713,USR5499,SPT600669,2023-12-15,34394.5
TAX932714,USR4,SPT1428627,2022-07-07,13203.61
TAX932715,USR5734,SPT1093591,2023-05-01,14219.82
TAX932716,USR3244,SPT775912,2022-05-04,17264.75
TAX932717,USR4949,SPT858704,2023-04-25,36230.38
TAX932718,USR8369,SPT1281722,2022-05-10,1915.93
TAX932719,USR7177,SPT1566172,2022-04-25,32654.54
TAX932720,USR3764,SPT255423,2023-02-24,21015.29
TAX932721,USR1416,SPT957278,2023-10-12,35550.58
TAX932722,USR8019,SPT1913661,2023-04-15,42320.38
TAX932723,USR2752,SPT27196,2024-01-10,5018.93
TAX932724,USR4079,SPT1638229,2022-04-08,6443.3
TAX932725,USR290,SPT432137,2022-12-17,31751.2
TAX932726,USR724,SPT53537,2023-08-03,18828.77
TAX932727,USR5068,SPT1970285,2023-06-22,45878.12
TAX932728,USR5873,SPT786699,2022-03-12,9783.3
TAX932729,USR8468,SPT740538,2022-03-13,43481.65
TAX932730,USR2102,SPT1742652,2023-04-04,35496.0
TAX932731,USR439,SPT184803,2022-09-16,3484.78
TAX932732,USR4970,SPT345731,2023-08-26,34778.89
TAX932733,USR4454,SPT944561,2023-11-17,39608.53
TAX932734,USR7927,SPT1087189,2022-05-08,39860.4
TAX932735,USR586,SPT1800227,2023-01-11,16597.45
TAX932736,USR5708,SPT1527770,2023-05-20,31100.78
TAX932737,USR78,SPT289893,2023-04-05,18098.28
TAX932738,USR2890,SPT1328481,2023-01-13,30080.35
TAX932739,USR4161,SPT1927712,2022-07-05,38238.03
TAX932740,USR1574,SPT1091408,2022-11-01,13218.14
TAX932741,USR3077,SPT1859863,2023-06-16,13997.28
TAX932742,USR2368,SPT1936650,2023-08-16,11418.64
TAX932743,USR1445,SPT1749642,2023-09-02,6366.5
TAX932744,USR2002,SPT1286798,2022-09-15,44912.36
TAX932745,USR1457,SPT1590416,2023-02-27,40168.12
TAX932746,USR8170,SPT546572,2024-01-11,32685.96
TAX932747,USR4131,SPT1686984,2023-09-22,12546.2
TAX932748,USR3087,SPT1357370,2022-07-27,27858.49
TAX932749,USR5162,SPT468638,2022-08-20,19740.31
TAX932750,USR959,SPT65603,2022-06-05,14170.22
TAX932751,USR5048,SPT1259114,2022-08-19,45905.87
TAX932752,USR6097,SPT1302824,2022-09-13,20650.79
TAX932753,USR4094,SPT1523905,2023-01-27,44633.99
TAX932754,USR2174,SPT1667162,2023-07-14,27525.82
TAX932755,USR8942,SPT1338637,2023-04-17,23787.68
TAX932756,USR3474,SPT1709630,2022-12-13,39082.0
TAX932757,USR9588,SPT586571,2023-12-14,3872.35
TAX932758,USR6432,SPT1927108,2022-12-09,24141.74
TAX932759,USR8048,SPT19091,2022-03-29,8291.12
TAX932760,USR4492,SPT606760,2023-03-19,29361.93
TAX932761,USR1888,SPT328187,2022-12-27,11849.24
TAX932762,USR5561,SPT492451,2022-02-19,9065.06
TAX932763,USR4093,SPT882823,2022-07-06,47019.56
TAX932764,USR3428,SPT423961,2022-11-29,10989.3
TAX932765,USR4972,SPT869805,2022-04-17,26305.96
TAX932766,USR1752,SPT473058,2022-04-26,2940.97
TAX932767,USR694,SPT740719,2022-11-15,45785.42
TAX932768,USR5878,SPT482074,2023-03-17,38709.67
TAX932769,USR5611,SPT794650,2023-12-17,41214.08
TAX932770,USR234,SPT1439369,2023-01-28,15015.36
TAX932771,USR6972,SPT1800440,2023-10-02,21591.13
TAX932772,USR4549,SPT112662,2023-11-26,29092.63
TAX932773,USR8617,SPT1939164,2024-01-24,9757.36
TAX932774,USR2847,SPT1895063,2023-05-16,35906.8
TAX932775,USR5688,SPT82662,2023-07-26,38925.43
TAX932776,USR2188,SPT1437661,2022-07-25,24449.65
TAX932777,USR6055,SPT1208205,2022-10-24,32070.23
TAX932778,USR5908,SPT261847,2022-02-21,29580.44
TAX932779,USR7276,SPT1593600,2023-05-25,47282.26
TAX932780,USR9530,SPT1941413,2022-02-21,40569.94
TAX932781,USR6152,SPT1218131,2023-10-01,41358.33
TAX932782,USR7360,SPT1388757,2022-08-21,38628.39
TAX932783,USR8063,SPT281405,2022-06-06,2617.33
TAX932784,USR5001,SPT1991489,2022-04-20,7295.21
TAX932785,USR668,SPT1967700,2022-11-19,17364.71
TAX932786,USR5280,SPT717544,2023-11-07,24404.66
TAX932787,USR8917,SPT524293,2022-07-03,6109.05
TAX932788,USR9687,SPT1240531,2023-02-06,24309.0
TAX932789,USR7812,SPT386157,2022-03-02,13032.81
TAX932790,USR7493,SPT1206307,2023-09-02,17220.26
TAX932791,USR4456,SPT836343,2022-07-24,12112.71
TAX932792,USR1020,SPT930010,2023-12-26,40555.03
TAX932793,USR1233,SPT1943035,2023-07-04,31679.23
TAX932794,USR4019,SPT1533210,2022-12-14,44873.74
TAX932795,USR2395,SPT431382,2022-05-27,30468.36
TAX932796,USR6071,SPT54960,2022-11-05,23837.14
TAX932797,USR1301,SPT1548466,2023-10-05,36272.0
TAX932798,USR39,SPT879368,2022-07-13,49760.31
TAX932799,USR4208,SPT1689716,2022-10-17,34614.27
TAX932800,USR2478,SPT850146,2022-03-21,31911.11
TAX932801,USR1203,SPT704825,2024-02-07,49736.97
TAX932802,USR4272,SPT1323742,2023-06-11,45437.69
TAX932803,USR2878,SPT71682,2023-09-18,7003.68
TAX932804,USR6177,SPT1249527,2022-03-20,40777.89
TAX932805,USR7017,SPT839988,2024-01-03,24658.58
TAX932806,USR4821,SPT992543,2022-08-06,5867.24
TAX932807,USR8267,SPT1744662,2022-04-30,2713.9
TAX932808,USR8826,SPT543028,2023-05-20,30496.62
TAX932809,USR9523,SPT1327855,2023-03-25,20134.41
TAX932810,USR2288,SPT396100,2023-08-08,34025.83
TAX932811,USR5546,SPT623981,2023-07-11,23055.23
TAX932812,USR5505,SPT1168173,2022-05-05,21283.68
TAX932813,USR8603,SPT246977,2023-08-25,10540.55
TAX932814,USR4462,SPT1483011,2023-05-07,3573.45
TAX932815,USR5616,SPT1107535,2023-06-19,35119.53
TAX932816,USR3421,SPT1804508,2022-12-12,6186.28
TAX932817,USR8525,SPT1973175,2022-03-20,41766.06
TAX932818,USR9033,SPT497498,2023-09-20,22319.32
TAX932819,USR2855,SPT641138,2022-06-20,15852.52
TAX932820,USR2798,SPT1379837,2023-09-14,49951.45
TAX932821,USR5969,SPT1556375,2022-02-17,37510.29
TAX932822,USR4967,SPT1652379,2023-02-07,27309.57
TAX932823,USR6927,SPT188512,2022-04-04,44971.78
TAX932824,USR3404,SPT613491,2022-03-10,14293.28
TAX932825,USR165,SPT65241,2023-09-03,5168.06
TAX932826,USR6536,SPT1292813,2022-07-15,37290.78
TAX932827,USR2957,SPT1581341,2022-07-17,27968.58
TAX932828,USR2797,SPT1433145,2023-11-30,18474.2
TAX932829,USR4717,SPT1646677,2022-10-11,33210.93
TAX932830,USR7080,SPT295470,2023-03-30,31126.7
TAX932831,USR3110,SPT433327,2023-04-11,32857.62
TAX932832,USR6203,SPT1630591,2023-01-09,6898.51
TAX932833,USR7194,SPT618000,2023-10-31,17071.79
TAX932834,USR2113,SPT861693,2023-12-15,40293.89
TAX932835,USR5242,SPT119828,2023-03-25,1140.33
TAX932836,USR4738,SPT907782,2022-06-28,32618.96
TAX932837,USR7786,SPT824671,2023-11-10,12238.68
TAX932838,USR7677,SPT271657,2023-10-22,6680.58
TAX932839,USR9701,SPT1506497,2022-08-10,10992.16
TAX932840,USR5262,SPT383264,2023-10-14,49665.07
TAX932841,USR7831,SPT221984,2023-02-20,44413.22
TAX932842,USR1357,SPT1294586,2022-04-24,45511.35
TAX932843,USR9797,SPT102189,2023-12-02,17629.93
TAX932844,USR4341,SPT222774,2023-10-06,8238.58
TAX932845,USR9578,SPT513359,2022-08-19,13436.32
TAX932846,USR4563,SPT587335,2023-10-25,41000.13
TAX932847,USR5757,SPT675179,2022-10-09,21974.37
TAX932848,USR3769,SPT1203255,2024-02-04,42702.18
TAX932849,USR7612,SPT1319445,2022-08-13,29916.99
TAX932850,USR5379,SPT426912,2023-01-12,21934.19
TAX932851,USR4212,SPT937810,2023-04-29,12379.33
TAX932852,USR7165,SPT252893,2022-03-21,47486.82
TAX932853,USR2578,SPT837200,2022-04-21,45097.33
TAX932854,USR1156,SPT418972,2023-11-18,28127.18
TAX932855,USR4640,SPT261252,2022-02-17,25250.23
TAX932856,USR2196,SPT1225112,2023-11-21,16720.31
TAX932857,USR978,SPT1641753,2023-11-10,47988.5
TAX932858,USR7909,SPT454476,2022-02-21,24797.44
TAX932859,USR9920,SPT204661,2023-06-12,15101.46
TAX932860,USR8972,SPT1632069,2022-06-13,36251.08
TAX932861,USR3591,SPT1616048,2023-09-15,18295.58
TAX932862,USR2672,SPT532219,2022-07-17,19303.91
TAX932863,USR5487,SPT496676,2023-05-31,27734.31
TAX932864,USR1811,SPT1398241,2022-03-13,9172.37
TAX932865,USR5525,SPT1028987,2023-01-13,35840.91
TAX932866,USR9751,SPT1285363,2022-06-27,12163.7
TAX932867,USR9145,SPT613677,2022-08-27,23152.62
TAX932868,USR9630,SPT1765766,2023-04-02,9047.9
TAX932869,USR9015,SPT1201110,2023-03-03,6281.49
TAX932870,USR9243,SPT1831,2023-12-22,37701.92
TAX932871,USR7151,SPT244354,2022-07-01,1180.78
TAX932872,USR717,SPT70723,2022-12-08,7936.98
TAX932873,USR4683,SPT1119185,2022-04-17,24277.45
TAX932874,USR5911,SPT1412221,2023-04-16,10281.92
TAX932875,USR9146,SPT209399,2023-05-25,47765.15
TAX932876,USR9806,SPT1657385,2023-10-23,36041.89
TAX932877,USR400,SPT1087302,2023-11-21,46251.66
TAX932878,USR9417,SPT1730962,2022-08-10,31166.29
TAX932879,USR4399,SPT823640,2023-12-25,12588.51
TAX932880,USR8831,SPT1679386,2023-01-12,43594.49
TAX932881,USR4334,SPT843122,2023-09-12,20220.7
TAX932882,USR2057,SPT1544957,2022-09-20,14726.09
TAX932883,USR3475,SPT1303871,2023-05-07,30157.84
TAX932884,USR1703,SPT878861,2022-05-25,36696.28
TAX932885,USR9558,SPT286247,2023-07-24,17751.88
TAX932886,USR1062,SPT1140440,2023-07-02,7732.8
TAX932887,USR7412,SPT1805526,2022-04-14,14927.23
TAX932888,USR8961,SPT57183,2022-07-25,44642.65
TAX932889,USR6441,SPT1397468,2023-03-29,19544.79
TAX932890,USR4168,SPT1574719,2023-07-25,6637.65
TAX932891,USR6429,SPT431476,2023-02-25,15503.29
TAX932892,USR7284,SPT1683333,2022-08-30,2506.34
TAX932893,USR7467,SPT1036338,2022-02-26,25286.23
TAX932894,USR681,SPT155945,2023-01-18,22169.35
TAX932895,USR3,SPT1196872,2022-04-16,41415.04
TAX932896,USR2518,SPT315534,2023-11-11,29011.28
TAX932897,USR6913,SPT1277309,2022-10-28,21617.89
TAX932898,USR8660,SPT356331,2023-10-28,18638.16
TAX932899,USR2044,SPT1247812,2022-04-22,17237.8
TAX932900,USR6912,SPT528444,2023-06-16,22731.24
TAX932901,USR777,SPT957495,2022-04-21,49668.49
TAX932902,USR6333,SPT1932480,2023-08-29,33194.23
TAX932903,USR9969,SPT290669,2023-09-03,16164.72
TAX932904,USR7174,SPT881344,2022-04-15,36968.62
TAX932905,USR2640,SPT1280587,2022-08-31,48807.0
TAX932906,USR9009,SPT1908227,2023-05-15,46465.05
TAX932907,USR3674,SPT1522607,2022-07-09,25862.04
TAX932908,USR5281,SPT1982092,2022-03-04,35460.61
TAX932909,USR6358,SPT422920,2023-04-19,26338.65
TAX932910,USR2594,SPT1830157,2023-05-23,7795.28
TAX932911,USR5123,SPT1229385,2023-11-04,30534.05
TAX932912,USR4194,SPT1294381,2023-05-15,27912.5
TAX932913,USR9025,SPT88917,2022-02-14,28649.1
TAX932914,USR6493,SPT548716,2024-01-04,39337.38
TAX932915,USR6860,SPT764814,2022-11-02,8715.72
TAX932916,USR5562,SPT1952373,2022-03-30,40180.7
TAX932917,USR5075,SPT1190808,2023-12-14,47202.48
TAX932918,USR5010,SPT1831680,2022-08-02,41799.14
TAX932919,USR4551,SPT27109,2023-07-07,35610.72
TAX932920,USR8292,SPT419977,2022-09-10,26376.77
TAX932921,USR4838,SPT1260005,2024-01-04,33146.36
TAX932922,USR8857,SPT514227,2022-06-20,29843.89
TAX932923,USR6262,SPT1482275,2023-09-16,21204.96
TAX932924,USR9424,SPT1564096,2023-11-04,12931.47
TAX932925,USR2048,SPT1654609,2024-02-06,42072.75
TAX932926,USR9507,SPT1339059,2022-07-01,11082.6
TAX932927,USR1489,SPT155271,2023-10-12,23010.34
TAX932928,USR5575,SPT1052742,2023-03-10,40940.57
TAX932929,USR4270,SPT112255,2023-12-19,19283.3
TAX932930,USR2183,SPT209517,2022-09-04,20578.13
TAX932931,USR189,SPT1470196,2023-10-08,23625.29
TAX932932,USR6010,SPT1090590,2023-10-08,9458.64
TAX932933,USR3708,SPT462873,2024-01-10,2491.98
TAX932934,USR5293,SPT660828,2023-04-08,29478.77
TAX932935,USR3237,SPT1839975,2024-01-14,24369.2
TAX932936,USR3159,SPT1068785,2023-08-28,25670.77
TAX932937,USR6576,SPT907029,2023-08-20,34912.82
TAX932938,USR5059,SPT1208899,2023-06-08,43953.04
TAX932939,USR3987,SPT331980,2022-06-05,23898.27
TAX932940,USR8475,SPT39094,2022-08-12,23337.92
TAX932941,USR1543,SPT1230525,2023-11-04,1309.29
TAX932942,USR4144,SPT500596,2023-05-07,31105.65
TAX932943,USR4530,SPT1609650,2023-04-18,21878.79
TAX932944,USR8914,SPT1632256,2023-11-24,3793.42
TAX932945,USR3851,SPT1219297,2022-11-04,23317.84
TAX932946,USR7511,SPT1869758,2022-11-15,20855.49
TAX932947,USR4787,SPT382138,2023-11-09,44798.44
TAX932948,USR6963,SPT1814611,2024-02-08,10577.61
TAX932949,USR1473,SPT320750,2023-12-29,13939.97
TAX932950,USR6058,SPT51407,2023-09-13,35205.68
TAX932951,USR8949,SPT1106230,2023-06-28,1990.19
TAX932952,USR1002,SPT638504,2023-07-01,38420.88
TAX932953,USR1108,SPT460955,2023-08-30,16784.27
TAX932954,USR5607,SPT1857997,2022-04-26,1190.03
TAX932955,USR4279,SPT1949940,2022-10-29,34730.61
TAX932956,USR1619,SPT519229,2023-01-16,32980.19
TAX932957,USR5931,SPT491498,2022-07-12,3654.8
TAX932958,USR535,SPT676249,2023-08-05,48930.33
TAX932959,USR5372,SPT1987544,2022-11-30,11633.67
TAX932960,USR2575,SPT490734,2023-10-30,31940.3
TAX932961,USR1605,SPT1317880,2023-09-09,5797.94
TAX932962,USR3953,SPT505345,2022-09-27,43293.77
TAX932963,USR6561,SPT1755636,2022-05-14,30140.25
TAX932964,USR2196,SPT1128467,2023-01-03,7799.4
TAX932965,USR8302,SPT1589784,2023-03-24,32134.71
TAX932966,USR407,SPT999278,2022-07-27,5129.99
TAX932967,USR9223,SPT1050640,2022-03-21,1054.33
TAX932968,USR4091,SPT1831485,2022-12-05,14761.9
TAX932969,USR7903,SPT824626,2022-09-24,19838.94
TAX932970,USR916,SPT1346029,2022-06-08,18571.02
TAX932971,USR9376,SPT1498465,2022-07-19,14959.32
TAX932972,USR3970,SPT1149832,2023-11-13,47509.18
TAX932973,USR5745,SPT1236715,2023-01-30,3710.29
TAX932974,USR3468,SPT527225,2023-03-17,22230.51
TAX932975,USR1388,SPT368015,2023-10-11,37602.92
TAX932976,USR5066,SPT1654146,2023-07-17,10419.24
TAX932977,USR1386,SPT1289982,2024-01-08,7282.84
TAX932978,USR6830,SPT906159,2022-03-17,4219.07
TAX932979,USR9077,SPT689108,2022-07-03,40897.9
TAX932980,USR6999,SPT812831,2022-06-23,41098.31
TAX932981,USR5287,SPT132279,2023-06-29,25485.38
TAX932982,USR9540,SPT210320,2022-10-11,4971.45
TAX932983,USR2247,SPT1879231,2022-04-06,11526.51
TAX932984,USR327,SPT1367382,2023-06-28,5923.82
TAX932985,USR8429,SPT290829,2023-04-20,43615.96
TAX932986,USR6211,SPT1057704,2022-05-13,38486.53
TAX932987,USR170,SPT530908,2022-11-03,5293.23
TAX932988,USR3836,SPT1175807,2022-10-03,23765.07
TAX932989,USR895,SPT1530605,2024-01-15,34008.63
TAX932990,USR392,SPT12919,2023-06-12,23770.16
TAX932991,USR8994,SPT695534,2023-10-09,1805.19
TAX932992,USR9713,SPT615939,2023-07-16,7418.09
TAX932993,USR7282,SPT1197733,2023-09-06,27570.77
TAX932994,USR5227,SPT1351728,2022-11-13,22436.78
TAX932995,USR3904,SPT79614,2022-05-01,25112.62
TAX932996,USR3946,SPT1066402,2023-06-13,37990.48
TAX932997,USR4532,SPT1277623,2023-07-10,49798.36
TAX932998,USR2177,SPT1379368,2023-11-02,40518.26
TAX932999,USR1616,SPT173307,2023-12-06,23714.47
TAX933000,USR7182,SPT146220,2023-10-12,47147.03
TAX933001,USR3095,SPT688771,2023-05-26,34977.08
TAX933002,USR5327,SPT1551566,2023-12-13,14731.74
TAX933003,USR8502,SPT955288,2022-04-27,49403.57
TAX933004,USR3563,SPT1664893,2022-06-09,11454.27
TAX933005,USR5300,SPT1276018,2023-08-15,5237.81
TAX933006,USR6097,SPT1131968,2023-01-12,25419.9
TAX933007,USR9278,SPT844194,2022-09-12,8660.89
TAX933008,USR6083,SPT130436,2022-10-23,19323.45
TAX933009,USR6298,SPT748113,2022-04-24,37491.35
TAX933010,USR3375,SPT939849,2023-03-12,21141.77
TAX933011,USR6981,SPT612010,2023-06-11,7673.19
TAX933012,USR7124,SPT1905114,2022-06-05,27383.19
TAX933013,USR3747,SPT1101295,2023-03-15,24410.21
TAX933014,USR8700,SPT882202,2024-02-07,43879.5
TAX933015,USR3452,SPT1830367,2023-06-14,35110.76
TAX933016,USR4395,SPT1706208,2023-04-16,27546.99
TAX933017,USR1829,SPT1759298,2023-11-28,12441.73
TAX933018,USR3605,SPT1364751,2022-04-17,39293.06
TAX933019,USR8549,SPT756747,2022-02-09,25568.43
TAX933020,USR9879,SPT1448498,2023-02-09,42751.09
TAX933021,USR2613,SPT733824,2023-11-19,19945.41
TAX933022,USR9428,SPT1682950,2023-10-31,43889.17
TAX933023,USR9458,SPT1179466,2023-12-31,31090.45
TAX933024,USR64,SPT856620,2022-03-06,48372.53
TAX933025,USR5124,SPT1626898,2022-07-10,9770.3
TAX933026,USR7278,SPT1376063,2022-09-09,19057.98
TAX933027,USR4623,SPT1524579,2023-04-13,21263.84
TAX933028,USR8235,SPT650257,2022-08-05,49177.13
TAX933029,USR1736,SPT499445,2023-03-15,5929.85
TAX933030,USR4977,SPT451930,2023-09-16,27159.99
TAX933031,USR4150,SPT359147,2023-05-16,48025.84
TAX933032,USR6354,SPT1775097,2022-02-17,45828.05
TAX933033,USR6852,SPT641554,2024-01-03,21479.3
TAX933034,USR88,SPT308474,2023-08-05,13823.88
TAX933035,USR8,SPT1117420,2023-07-25,11015.1
TAX933036,USR9940,SPT839680,2022-07-28,27817.83
TAX933037,USR5566,SPT1943552,2023-06-27,49848.94
TAX933038,USR194,SPT711551,2023-06-28,28785.16
TAX933039,USR4927,SPT1976692,2023-09-29,7240.01
TAX933040,USR6839,SPT177577,2024-01-20,48693.19
TAX933041,USR3700,SPT822937,2023-02-13,36139.7
TAX933042,USR910,SPT239139,2023-06-09,35246.83
TAX933043,USR8924,SPT1663400,2023-08-28,45865.6
TAX933044,USR4412,SPT1198040,2022-10-31,26915.97
TAX933045,USR8097,SPT17512,2023-08-20,40253.03
TAX933046,USR9026,SPT1028101,2023-12-27,48569.74
TAX933047,USR5560,SPT1402413,2023-04-03,44577.22
TAX933048,USR3552,SPT355079,2024-01-24,26886.58
TAX933049,USR3697,SPT1750385,2023-08-17,45640.37
TAX933050,USR233,SPT1733929,2022-09-30,15101.54
TAX933051,USR876,SPT918319,2022-06-23,24450.37
TAX933052,USR3486,SPT881442,2022-05-03,3069.79
TAX933053,USR1722,SPT322691,2022-06-25,16531.16
TAX933054,USR8510,SPT1183823,2022-04-01,28580.07
TAX933055,USR3667,SPT1584339,2022-09-18,26070.76
TAX933056,USR7638,SPT1065194,2022-09-16,23824.34
TAX933057,USR3939,SPT1225646,2022-07-03,26873.53
TAX933058,USR778,SPT44658,2022-03-07,8115.2
TAX933059,USR8685,SPT1452411,2022-12-31,42511.37
TAX933060,USR4043,SPT872762,2022-09-06,49379.15
TAX933061,USR6531,SPT1885822,2022-12-14,36322.39
TAX933062,USR2670,SPT1416856,2023-12-07,2300.54
TAX933063,USR5138,SPT1579088,2022-11-26,35461.88
TAX933064,USR4759,SPT996060,2023-10-24,6548.39
TAX933065,USR7891,SPT1754256,2023-07-13,43214.87
TAX933066,USR4741,SPT871290,2023-06-06,39479.54
TAX933067,USR3229,SPT1707848,2023-05-08,21719.64
TAX933068,USR9051,SPT152512,2022-10-23,18272.36
TAX933069,USR8013,SPT326102,2023-01-06,1224.92
TAX933070,USR5818,SPT157617,2022-06-19,3031.13
TAX933071,USR9489,SPT1342021,2024-01-04,30869.36
TAX933072,USR1503,SPT1000564,2023-07-03,19851.95
TAX933073,USR5120,SPT1745338,2024-02-06,37155.37
TAX933074,USR8895,SPT1035520,2024-02-08,35057.23
TAX933075,USR3549,SPT753683,2023-04-29,26460.76
TAX933076,USR4516,SPT801152,2023-09-20,29483.79
TAX933077,USR356,SPT714434,2022-12-15,46279.23
TAX933078,USR7369,SPT358234,2022-06-30,32658.81
TAX933079,USR7049,SPT1895929,2023-05-07,1753.74
TAX933080,USR9159,SPT987924,2022-11-10,25640.01
TAX933081,USR2809,SPT1738223,2022-09-03,30043.31
TAX933082,USR4050,SPT898061,2022-02-19,19425.07
TAX933083,USR64,SPT729696,2024-01-16,31933.41
TAX933084,USR7153,SPT508570,2023-07-10,28121.69
TAX933085,USR9075,SPT1929579,2022-08-19,1909.55
TAX933086,USR6328,SPT1614286,2023-07-01,14813.46
TAX933087,USR5092,SPT786457,2022-09-01,14007.57
TAX933088,USR5601,SPT1110541,2023-02-20,19426.94
TAX933089,USR9283,SPT319040,2023-12-05,16822.03
TAX933090,USR3491,SPT1842316,2023-05-28,49136.48
TAX933091,USR604,SPT577015,2022-03-23,20674.17
TAX933092,USR2818,SPT1381179,2023-03-30,3245.75
TAX933093,USR3472,SPT1081113,2022-09-27,37671.97
TAX933094,USR7379,SPT173655,2023-06-28,17498.38
TAX933095,USR8408,SPT88723,2023-05-13,39397.01
TAX933096,USR6001,SPT992421,2022-09-16,1551.97
TAX933097,USR4395,SPT717516,2022-08-22,27885.65
TAX933098,USR5202,SPT1510749,2022-04-11,22353.21
TAX933099,USR8156,SPT1766392,2023-06-03,23001.44
TAX933100,USR1451,SPT635515,2023-04-03,21374.76
TAX933101,USR8630,SPT96969,2023-09-30,6130.6
TAX933102,USR7795,SPT1103446,2023-02-01,12938.18
TAX933103,USR7312,SPT583755,2024-01-01,2210.29
TAX933104,USR382,SPT1997149,2023-01-23,8104.73
TAX933105,USR8989,SPT1559287,2022-02-14,26427.53
TAX933106,USR8050,SPT41802,2022-07-12,23548.18
TAX933107,USR9432,SPT302506,2022-08-22,7886.78
TAX933108,USR263,SPT1512364,2022-10-06,26026.2
TAX933109,USR1429,SPT246457,2022-05-31,16339.81
TAX933110,USR8309,SPT1760196,2023-09-16,25858.76
TAX933111,USR52,SPT1983706,2022-03-08,22731.18
TAX933112,USR9575,SPT1373730,2023-09-17,28605.12
TAX933113,USR2971,SPT528877,2023-10-06,11708.81
TAX933114,USR5588,SPT467438,2023-11-06,34077.04
TAX933115,USR2142,SPT1082008,2023-10-31,4870.81
TAX933116,USR7979,SPT1928701,2023-06-19,22540.7
TAX933117,USR3866,SPT688256,2023-02-01,19849.59
TAX933118,USR8447,SPT1644043,2022-08-25,32238.61
TAX933119,USR7643,SPT836140,2022-06-12,21846.68
TAX933120,USR4327,SPT656122,2023-06-13,15142.2
TAX933121,USR2467,SPT1227916,2023-03-04,5042.86
TAX933122,USR5055,SPT1414391,2022-05-01,24252.9
TAX933123,USR6489,SPT302081,2022-04-20,22953.08
TAX933124,USR78,SPT1364809,2023-01-27,13833.05
TAX933125,USR6391,SPT962681,2022-08-21,20941.2
TAX933126,USR2888,SPT175377,2023-01-18,13274.98
TAX933127,USR2934,SPT783668,2022-02-11,22196.28
TAX933128,USR668,SPT994957,2023-12-04,44590.18
TAX933129,USR2209,SPT44280,2022-04-23,14301.62
TAX933130,USR8839,SPT1061881,2023-03-25,37900.41
TAX933131,USR4139,SPT898698,2022-11-12,16450.59
TAX933132,USR3772,SPT380318,2022-04-27,17659.74
TAX933133,USR1448,SPT516847,2023-01-28,10640.05
TAX933134,USR3360,SPT1311025,2023-11-04,36489.3
TAX933135,USR5686,SPT137456,2023-06-11,3952.95
TAX933136,USR7672,SPT620780,2022-12-16,3099.03
TAX933137,USR7710,SPT332424,2022-10-31,31337.31
TAX933138,USR9765,SPT1667360,2023-06-19,35416.99
TAX933139,USR4806,SPT1103270,2023-04-09,48410.38
TAX933140,USR9856,SPT480820,2022-05-06,18747.88
TAX933141,USR3372,SPT1979575,2022-11-21,16935.27
TAX933142,USR2958,SPT1081215,2022-04-08,12904.6
TAX933143,USR8777,SPT283106,2023-01-15,21557.44
TAX933144,USR8483,SPT1639822,2022-04-14,4060.96
TAX933145,USR8462,SPT1465560,2023-09-01,46910.67
TAX933146,USR2030,SPT1281062,2022-06-23,22135.18
TAX933147,USR5070,SPT118177,2022-11-01,36111.61
TAX933148,USR1041,SPT512362,2022-02-10,3141.0
TAX933149,USR6567,SPT261042,2023-06-29,37338.6
TAX933150,USR7946,SPT1585632,2022-12-14,11808.37
TAX933151,USR4753,SPT127654,2023-09-11,24847.67
TAX933152,USR2011,SPT1741165,2022-06-10,46715.55
TAX933153,USR5565,SPT1132106,2023-09-02,46827.59
TAX933154,USR2097,SPT303901,2023-10-15,8187.24
TAX933155,USR1825,SPT1424456,2023-04-04,15457.33
TAX933156,USR7545,SPT1863522,2023-04-19,14589.81
TAX933157,USR609,SPT566903,2022-07-03,39563.39
TAX933158,USR8521,SPT1206407,2023-06-19,25174.15
TAX933159,USR5064,SPT382417,2024-01-01,6763.97
TAX933160,USR5694,SPT1506087,2022-09-17,22880.16
TAX933161,USR7223,SPT1022481,2023-01-30,27342.39
TAX933162,USR1885,SPT1205015,2023-12-07,33441.26
TAX933163,USR4609,SPT1114112,2022-07-27,11646.59
TAX933164,USR4814,SPT1570032,2022-07-07,18222.9
TAX933165,USR3663,SPT1137997,2023-10-20,38647.13
TAX933166,USR9994,SPT133690,2023-09-27,1848.49
TAX933167,USR5897,SPT627961,2023-10-07,28814.0
TAX933168,USR5816,SPT1159687,2023-08-17,43460.32
TAX933169,USR4006,SPT1483718,2023-06-18,12942.26
TAX933170,USR5066,SPT1472827,2023-12-21,43554.11
TAX933171,USR1810,SPT599729,2024-01-21,45813.39
TAX933172,USR899,SPT328402,2023-12-30,43994.56
TAX933173,USR1951,SPT1674165,2022-03-28,32577.97
TAX933174,USR2568,SPT403298,2023-12-27,26683.87
TAX933175,USR7477,SPT1362485,2022-12-23,9848.01
TAX933176,USR6060,SPT1054633,2023-03-10,9357.83
TAX933177,USR1885,SPT164931,2023-02-07,34123.49
TAX933178,USR7276,SPT655702,2022-08-09,47180.84
TAX933179,USR1722,SPT1582408,2023-01-19,19433.82
TAX933180,USR7390,SPT646311,2023-03-20,33413.6
TAX933181,USR4321,SPT1234653,2023-01-28,26862.19
TAX933182,USR2713,SPT1627299,2022-11-09,14394.94
TAX933183,USR597,SPT472274,2024-02-04,20966.99
TAX933184,USR5323,SPT1732145,2023-12-16,21097.89
TAX933185,USR2305,SPT705311,2023-04-07,13582.57
TAX933186,USR1152,SPT621275,2022-09-26,18212.57
TAX933187,USR5548,SPT359527,2022-09-23,29474.12
TAX933188,USR3657,SPT1284309,2022-09-26,18427.04
TAX933189,USR4119,SPT887114,2022-11-08,9354.14
TAX933190,USR1096,SPT624566,2022-11-21,16833.22
TAX933191,USR2437,SPT749356,2023-10-13,40013.97
TAX933192,USR4374,SPT624242,2022-04-13,25366.75
TAX933193,USR6880,SPT491812,2022-07-30,29394.1
TAX933194,USR422,SPT1768388,2022-12-21,8275.82
TAX933195,USR6010,SPT837767,2023-08-27,48904.84
TAX933196,USR6381,SPT1386759,2023-10-10,48624.24
TAX933197,USR6888,SPT947717,2023-10-04,29745.9
TAX933198,USR6969,SPT919381,2022-08-18,21357.89
TAX933199,USR262,SPT515570,2022-06-23,41769.88
TAX933200,USR4273,SPT1169894,2023-05-13,13497.08
TAX933201,USR861,SPT369529,2023-07-01,16403.03
TAX933202,USR3685,SPT701051,2022-06-29,10671.71
TAX933203,USR7402,SPT288711,2024-01-16,36753.31
TAX933204,USR8501,SPT1195995,2023-06-15,1859.07
TAX933205,USR1877,SPT1946481,2023-04-15,2973.36
TAX933206,USR758,SPT536955,2023-06-30,46559.73
TAX933207,USR4415,SPT1680345,2022-09-15,48581.01
TAX933208,USR3217,SPT246512,2022-10-14,7869.46
TAX933209,USR3820,SPT627962,2022-09-02,47168.43
TAX933210,USR8476,SPT1823005,2023-10-11,11699.78
TAX933211,USR6268,SPT725222,2022-07-31,6148.64
TAX933212,USR5840,SPT454409,2023-01-17,15418.95
TAX933213,USR8785,SPT1491876,2022-11-22,46602.56
TAX933214,USR7644,SPT1853272,2022-05-12,25640.45
TAX933215,USR8040,SPT958440,2023-11-03,45704.14
TAX933216,USR5083,SPT1034240,2022-05-22,40873.53
TAX933217,USR7505,SPT91523,2023-07-08,8253.38
TAX933218,USR9901,SPT1237289,2022-02-24,8341.18
TAX933219,USR240,SPT737044,2023-08-31,32133.72
TAX933220,USR6471,SPT578051,2022-11-02,35720.76
TAX933221,USR7637,SPT1596892,2022-09-29,14942.32
TAX933222,USR5834,SPT55864,2022-05-16,21017.0
TAX933223,USR6293,SPT1121981,2022-11-29,26186.57
TAX933224,USR9180,SPT826875,2022-03-08,27908.09
TAX933225,USR3362,SPT873189,2023-05-23,11050.22
TAX933226,USR5182,SPT71721,2023-07-02,8830.4
TAX933227,USR5712,SPT509262,2022-09-06,4681.05
TAX933228,USR2385,SPT688565,2024-01-19,18938.32
TAX933229,USR4995,SPT853119,2023-12-19,32924.18
TAX933230,USR8714,SPT1164625,2023-09-13,11206.61
TAX933231,USR1528,SPT1854881,2024-01-12,42197.08
TAX933232,USR4330,SPT1041210,2022-09-05,47265.72
TAX933233,USR9520,SPT1039445,2022-09-09,35080.79
TAX933234,USR7837,SPT1260195,2023-07-10,30205.31
TAX933235,USR4914,SPT712708,2022-09-15,35142.4
TAX933236,USR7494,SPT1579380,2023-01-17,10455.08
TAX933237,USR7547,SPT431661,2023-10-31,37955.88
TAX933238,USR6206,SPT590368,2024-02-02,40096.77
TAX933239,USR1663,SPT1302475,2022-11-21,22531.95
TAX933240,USR4091,SPT1266908,2023-10-05,31523.56
TAX933241,USR9901,SPT709143,2022-08-01,9132.27
TAX933242,USR1213,SPT1531912,2022-12-19,5278.48
TAX933243,USR5653,SPT252084,2023-08-09,44069.93
TAX933244,USR5419,SPT1901524,2022-04-12,19775.41
TAX933245,USR3464,SPT1336378,2023-01-16,37063.56
TAX933246,USR4292,SPT657802,2023-04-13,5028.56
TAX933247,USR356,SPT62195,2022-08-03,32869.17
TAX933248,USR8640,SPT613454,2022-03-20,46249.28
TAX933249,USR5175,SPT702794,2023-08-03,4592.84
TAX933250,USR3613,SPT86629,2023-05-17,5022.06
TAX933251,USR3535,SPT752809,2023-09-03,24623.63
TAX933252,USR3183,SPT704693,2022-07-04,12095.55
TAX933253,USR3597,SPT1549657,2023-03-29,2153.06
TAX933254,USR9711,SPT1155651,2023-01-12,45812.41
TAX933255,USR6460,SPT1392992,2022-12-19,1163.97
TAX933256,USR3645,SPT1758971,2022-06-12,7016.08
TAX933257,USR4989,SPT1418311,2024-01-29,41616.09
TAX933258,USR5520,SPT1861453,2022-07-01,12041.22
TAX933259,USR8572,SPT366993,2023-08-03,36705.93
TAX933260,USR7638,SPT733883,2023-03-30,19439.9
TAX933261,USR8883,SPT154703,2023-07-26,3265.05
TAX933262,USR2163,SPT1307749,2023-01-12,38514.96
TAX933263,USR9816,SPT441588,2023-07-16,48179.44
TAX933264,USR1690,SPT1563915,2022-12-16,29824.33
TAX933265,USR2437,SPT1796960,2022-03-09,10652.24
TAX933266,USR7042,SPT1470908,2023-01-04,6919.46
TAX933267,USR2904,SPT1837713,2023-12-31,26703.89
TAX933268,USR8111,SPT324702,2022-06-16,2727.89
TAX933269,USR6137,SPT706495,2023-05-06,24855.49
TAX933270,USR6931,SPT185327,2023-06-16,41794.6
TAX933271,USR7342,SPT1457281,2023-12-05,14725.61
TAX933272,USR4056,SPT1152296,2023-07-14,11376.65
TAX933273,USR2111,SPT1997917,2023-08-07,46326.74
TAX933274,USR552,SPT1527760,2023-06-22,26981.22
TAX933275,USR8031,SPT1511154,2022-08-10,18812.91
TAX933276,USR306,SPT1778748,2023-11-30,10619.57
TAX933277,USR5473,SPT1163248,2023-05-22,27758.52
TAX933278,USR5664,SPT823422,2022-04-06,8582.48
TAX933279,USR423,SPT1529508,2023-07-29,24390.64
TAX933280,USR9182,SPT255166,2023-08-14,28315.59
TAX933281,USR3119,SPT236632,2022-03-03,28240.33
TAX933282,USR4757,SPT427002,2023-01-16,21486.14
TAX933283,USR7415,SPT1183615,2023-07-17,21904.95
TAX933284,USR8218,SPT1638133,2023-11-24,3047.27
TAX933285,USR8472,SPT1290347,2023-09-15,33282.58
TAX933286,USR8510,SPT485829,2023-05-12,22708.13
TAX933287,USR2189,SPT1397246,2022-08-14,32303.77
TAX933288,USR2913,SPT1183754,2023-09-23,37756.89
TAX933289,USR3588,SPT379141,2023-11-09,30221.08
TAX933290,USR9478,SPT170649,2023-06-15,41464.51
TAX933291,USR9358,SPT941502,2022-11-17,22883.21
TAX933292,USR7984,SPT1474448,2022-11-17,43093.76
TAX933293,USR3291,SPT401460,2023-06-21,39679.11
TAX933294,USR7225,SPT428569,2023-02-23,45890.99
TAX933295,USR7666,SPT741300,2023-06-04,14714.12
TAX933296,USR2740,SPT1902022,2023-07-06,13172.21
TAX933297,USR3673,SPT1162610,2023-10-08,4162.38
TAX933298,USR2374,SPT177862,2023-02-10,18390.2
TAX933299,USR3494,SPT1382398,2022-02-23,35373.14
TAX933300,USR3060,SPT158267,2022-07-28,2310.15
TAX933301,USR3755,SPT728728,2022-07-02,10207.93
TAX933302,USR7909,SPT375565,2022-07-21,47303.91
TAX933303,USR9600,SPT160218,2023-11-21,15560.65
TAX933304,USR2831,SPT848594,2023-09-20,45543.54
TAX933305,USR7046,SPT1339964,2023-12-14,16095.75
TAX933306,USR115,SPT1169874,2023-05-13,18360.63
TAX933307,USR8836,SPT1561353,2023-01-25,32133.48
TAX933308,USR3175,SPT1663912,2022-09-05,18971.86
TAX933309,USR651,SPT740418,2022-11-26,40791.38
TAX933310,USR1413,SPT142851,2022-10-22,17194.47
TAX933311,USR7364,SPT397635,2023-04-24,47922.25
TAX933312,USR1605,SPT596385,2022-11-23,8710.32
TAX933313,USR6053,SPT43681,2022-04-10,38784.78
TAX933314,USR1194,SPT1612879,2022-09-18,11164.1
TAX933315,USR3075,SPT1616967,2023-03-20,8145.99
TAX933316,USR6896,SPT748515,2023-03-02,25080.33
TAX933317,USR9232,SPT307639,2022-11-09,22120.64
TAX933318,USR4854,SPT1063712,2023-10-12,16110.48
TAX933319,USR8016,SPT311159,2022-07-23,14267.01
TAX933320,USR5146,SPT931401,2022-08-22,14333.18
TAX933321,USR1412,SPT318152,2022-08-11,20485.27
TAX933322,USR9442,SPT537541,2022-03-02,23535.87
TAX933323,USR1868,SPT1144176,2023-03-29,21840.59
TAX933324,USR9264,SPT1540770,2022-04-27,46799.79
TAX933325,USR7810,SPT530257,2022-07-13,4771.9
TAX933326,USR7173,SPT1831885,2023-11-09,49831.37
TAX933327,USR1944,SPT1943727,2022-02-19,24255.61
TAX933328,USR6060,SPT1237365,2023-03-08,38845.99
TAX933329,USR1594,SPT1808329,2023-01-03,13979.87
TAX933330,USR4249,SPT24474,2023-12-22,2587.36
TAX933331,USR3097,SPT219937,2023-01-17,36976.64
TAX933332,USR5229,SPT937512,2023-07-12,27335.42
TAX933333,USR3566,SPT158989,2022-05-21,3200.0
TAX933334,USR1941,SPT1432708,2023-07-31,49391.19
TAX933335,USR4428,SPT543647,2022-05-01,3672.08
TAX933336,USR5484,SPT128767,2022-12-11,19530.72
TAX933337,USR2052,SPT1492096,2022-04-27,20837.3
TAX933338,USR91,SPT395275,2024-01-29,16871.66
TAX933339,USR6435,SPT539938,2023-11-29,20873.0
TAX933340,USR1030,SPT932085,2022-08-17,48380.51
TAX933341,USR4824,SPT1394569,2024-02-05,38729.47
TAX933342,USR9321,SPT764461,2022-08-27,31946.92
TAX933343,USR2190,SPT1966070,2023-12-06,24265.71
TAX933344,USR7726,SPT884119,2022-11-30,11759.03
TAX933345,USR8453,SPT96685,2024-01-06,16950.22
TAX933346,USR4273,SPT1899979,2022-11-24,19351.67
TAX933347,USR9382,SPT1270603,2023-05-19,19841.77
TAX933348,USR5125,SPT1459417,2023-03-06,35699.85
TAX933349,USR2819,SPT609162,2023-09-12,49153.01
TAX933350,USR5868,SPT444595,2022-06-03,47392.26
TAX933351,USR5629,SPT1745307,2023-11-15,37498.59
TAX933352,USR16,SPT58897,2023-02-17,23386.91
TAX933353,USR957,SPT434591,2022-07-31,16517.29
TAX933354,USR3661,SPT1891121,2024-01-23,19423.6
TAX933355,USR6328,SPT203407,2023-06-14,26198.59
TAX933356,USR4856,SPT397479,2023-07-26,15124.53
TAX933357,USR431,SPT1438311,2022-11-22,24751.36
TAX933358,USR1613,SPT1897527,2024-01-04,49694.65
TAX933359,USR7979,SPT479513,2023-04-25,11079.67
TAX933360,USR3612,SPT1294861,2022-10-27,39200.8
TAX933361,USR4732,SPT1537944,2022-04-19,6078.55
TAX933362,USR6178,SPT149951,2023-04-12,29777.09
TAX933363,USR5800,SPT1076784,2023-09-08,42780.09
TAX933364,USR4585,SPT275347,2024-02-04,7940.16
TAX933365,USR5849,SPT403531,2022-11-06,20112.01
TAX933366,USR2550,SPT1572539,2022-07-14,43663.06
TAX933367,USR1582,SPT1447335,2022-05-13,13935.17
TAX933368,USR8596,SPT576707,2023-12-17,35892.03
TAX933369,USR6926,SPT1156163,2022-11-09,5391.45
TAX933370,USR8447,SPT944739,2023-10-18,1008.07
TAX933371,USR8577,SPT1721931,2022-05-02,24532.99
TAX933372,USR1572,SPT1808764,2022-05-26,3543.64
TAX933373,USR9537,SPT403029,2024-02-05,39784.61
TAX933374,USR7380,SPT183106,2023-07-28,36427.15
TAX933375,USR4335,SPT1139133,2022-12-07,18130.71
TAX933376,USR8146,SPT1218107,2023-01-31,12415.56
TAX933377,USR2156,SPT1906277,2023-10-09,4839.54
TAX933378,USR6895,SPT1202922,2022-03-20,47313.27
TAX933379,USR8392,SPT1998968,2023-01-06,15950.97
TAX933380,USR7878,SPT1071318,2022-08-19,16904.32
TAX933381,USR3232,SPT1926331,2023-07-20,29413.94
TAX933382,USR9671,SPT1542983,2024-01-06,25990.43
TAX933383,USR9745,SPT34346,2022-10-24,22183.59
TAX933384,USR1219,SPT108108,2022-12-06,48784.64
TAX933385,USR6220,SPT1980350,2022-05-13,14278.88
TAX933386,USR4268,SPT1156850,2022-10-18,34305.76
TAX933387,USR3809,SPT112173,2022-07-05,28343.43
TAX933388,USR314,SPT1255980,2022-11-10,29708.72
TAX933389,USR3218,SPT515109,2022-11-17,24633.54
TAX933390,USR1652,SPT1283277,2023-01-13,15128.69
TAX933391,USR6554,SPT473919,2023-04-16,14334.28
TAX933392,USR6169,SPT199017,2022-05-20,35989.56
TAX933393,USR3921,SPT720711,2023-01-10,23131.62
TAX933394,USR2795,SPT179631,2024-01-09,45313.94
TAX933395,USR3362,SPT1954975,2024-01-06,44263.36
TAX933396,USR8811,SPT375462,2023-10-22,21643.67
TAX933397,USR6986,SPT430165,2022-10-16,4817.73
TAX933398,USR2783,SPT206731,2023-10-15,47383.96
TAX933399,USR9988,SPT1198725,2024-02-07,23734.82
TAX933400,USR2732,SPT1254851,2022-08-19,14505.53
TAX933401,USR1939,SPT1190508,2022-07-12,38156.89
TAX933402,USR5329,SPT900098,2022-09-11,47126.74
TAX933403,USR6302,SPT1474020,2023-12-28,18691.91
TAX933404,USR6256,SPT378865,2022-03-31,26040.18
TAX933405,USR8834,SPT593373,2023-05-16,21135.15
TAX933406,USR485,SPT1365394,2022-02-11,17542.05
TAX933407,USR5909,SPT214484,2023-11-12,16595.98
TAX933408,USR9768,SPT1363634,2023-01-06,33955.63
TAX933409,USR2666,SPT1731072,2023-04-18,2961.75
TAX933410,USR6367,SPT480463,2022-03-06,23327.19
TAX933411,USR580,SPT1722480,2023-02-26,20413.23
TAX933412,USR9148,SPT1227650,2023-11-20,25154.92
TAX933413,USR4743,SPT697793,2022-02-17,11983.82
TAX933414,USR5836,SPT117713,2024-01-31,44445.66
TAX933415,USR4638,SPT141003,2022-02-19,22126.73
TAX933416,USR771,SPT1728361,2022-10-07,16014.55
TAX933417,USR5974,SPT151422,2022-10-11,18981.04
TAX933418,USR9771,SPT596073,2023-01-24,48873.23
TAX933419,USR1749,SPT1455668,2023-05-12,35987.05
TAX933420,USR962,SPT1321320,2023-03-28,27815.72
TAX933421,USR9576,SPT1430917,2023-04-30,10324.09
TAX933422,USR4579,SPT255110,2023-04-12,41871.82
TAX933423,USR4247,SPT1112203,2022-06-01,8179.33
TAX933424,USR9416,SPT1505097,2023-12-31,28443.46
TAX933425,USR6479,SPT1870623,2022-06-25,40194.5
TAX933426,USR4820,SPT875337,2023-10-28,40109.14
TAX933427,USR3779,SPT1256720,2023-03-15,21948.23
TAX933428,USR2405,SPT1985350,2022-02-10,42306.4
TAX933429,USR8759,SPT1305147,2022-03-04,35700.27
TAX933430,USR9959,SPT1825860,2022-06-05,46704.72
TAX933431,USR5852,SPT580669,2023-07-03,17387.71
TAX933432,USR6075,SPT385691,2022-03-14,9553.59
TAX933433,USR4262,SPT1304660,2022-03-25,1071.81
TAX933434,USR2905,SPT1125239,2022-08-18,30795.6
TAX933435,USR4694,SPT725406,2024-01-16,26996.45
TAX933436,USR286,SPT331372,2023-01-20,26798.57
TAX933437,USR5064,SPT806367,2023-03-15,5704.02
TAX933438,USR596,SPT1980017,2022-04-15,33094.13
TAX933439,USR104,SPT578583,2022-06-17,28389.62
TAX933440,USR3853,SPT538425,2023-12-09,13651.67
TAX933441,USR3825,SPT1011660,2022-06-09,47498.22
TAX933442,USR7709,SPT1026648,2023-05-26,39434.78
TAX933443,USR6217,SPT838926,2022-08-15,37093.94
TAX933444,USR1530,SPT1156899,2022-08-07,20082.66
TAX933445,USR1883,SPT18122,2023-05-24,29392.41
TAX933446,USR7546,SPT1931412,2023-01-24,46348.33
TAX933447,USR1029,SPT474768,2023-01-01,37972.94
TAX933448,USR5255,SPT1601993,2022-08-16,11780.7
TAX933449,USR5387,SPT1863380,2023-05-28,9598.39
TAX933450,USR184,SPT1663473,2023-06-08,22373.04
TAX933451,USR3447,SPT1677457,2023-05-14,39559.62
TAX933452,USR3084,SPT614674,2023-06-30,42331.9
TAX933453,USR7689,SPT248213,2022-02-24,18302.27
TAX933454,USR9391,SPT1209122,2022-12-21,13448.45
TAX933455,USR5498,SPT1212670,2022-03-16,24008.85
TAX933456,USR686,SPT1343459,2022-04-08,28878.72
TAX933457,USR8357,SPT1551693,2023-09-20,2584.58
TAX933458,USR6575,SPT1008485,2024-01-19,9902.1
TAX933459,USR9910,SPT1435886,2023-02-20,13215.3
TAX933460,USR5490,SPT1455752,2022-04-04,19729.69
TAX933461,USR5846,SPT846631,2023-03-24,43730.4
TAX933462,USR4790,SPT354262,2022-08-13,3999.23
TAX933463,USR85,SPT532331,2023-01-12,10125.75
TAX933464,USR1293,SPT1956728,2023-11-26,49755.49
TAX933465,USR9796,SPT1988546,2023-11-02,23691.46
TAX933466,USR7569,SPT1021485,2023-10-22,5520.67
TAX933467,USR6914,SPT1886746,2023-11-04,28427.44
TAX933468,USR7715,SPT1864202,2023-10-05,8427.06
TAX933469,USR2698,SPT491042,2023-04-27,2968.62
TAX933470,USR9033,SPT1604531,2022-08-04,44328.35
TAX933471,USR3504,SPT9365,2022-06-04,31180.64
TAX933472,USR2842,SPT1877645,2023-04-10,20514.2
TAX933473,USR386,SPT1022596,2023-05-17,30309.71
TAX933474,USR5107,SPT1515914,2022-08-03,24282.83
TAX933475,USR4514,SPT249585,2024-01-13,26826.38
TAX933476,USR7872,SPT282084,2023-02-18,26837.85
TAX933477,USR2558,SPT251958,2023-05-15,40325.9
TAX933478,USR941,SPT775255,2022-02-15,7604.32
TAX933479,USR1526,SPT68404,2023-03-08,32606.21
TAX933480,USR712,SPT1237305,2022-02-25,45090.46
TAX933481,USR6893,SPT1051721,2022-08-25,37735.53
TAX933482,USR9784,SPT621391,2022-03-29,44253.64
TAX933483,USR2978,SPT104077,2022-05-08,49589.85
TAX933484,USR7343,SPT1550397,2022-04-01,30261.5
TAX933485,USR8792,SPT1791843,2022-02-17,30552.92
TAX933486,USR5501,SPT734645,2023-04-28,22088.11
TAX933487,USR8756,SPT119031,2022-05-16,26629.55
TAX933488,USR8374,SPT611680,2023-11-08,16492.36
TAX933489,USR5846,SPT1044259,2023-04-07,3893.28
TAX933490,USR1325,SPT1011488,2023-07-23,1818.66
TAX933491,USR6010,SPT1332389,2023-06-09,13076.71
TAX933492,USR490,SPT249262,2023-07-13,37021.04
TAX933493,USR7117,SPT1790040,2022-05-06,36011.34
TAX933494,USR3501,SPT138962,2023-09-09,22898.01
TAX933495,USR361,SPT314924,2022-11-29,17904.12
TAX933496,USR8108,SPT1529088,2022-08-27,39774.64
TAX933497,USR8674,SPT626138,2023-08-21,13481.9
TAX933498,USR929,SPT1387382,2022-08-31,20076.61
TAX933499,USR728,SPT1415146,2023-12-03,29023.53
TAX933500,USR1444,SPT1496628,2023-09-05,40142.48
TAX933501,USR4376,SPT521462,2023-03-25,49291.06
TAX933502,USR7277,SPT68440,2023-08-14,25096.57
TAX933503,USR742,SPT1525762,2023-11-02,2439.67
TAX933504,USR6746,SPT189857,2023-11-20,31778.62
TAX933505,USR5667,SPT1682536,2022-04-02,39377.7
TAX933506,USR3268,SPT1866158,2023-01-05,28337.34
TAX933507,USR6423,SPT475249,2023-12-29,8172.2
TAX933508,USR1099,SPT167968,2023-07-16,8063.46
TAX933509,USR6292,SPT1689710,2023-10-31,49058.88
TAX933510,USR898,SPT236420,2022-09-22,15277.62
TAX933511,USR503,SPT1672588,2022-12-09,40440.25
TAX933512,USR5901,SPT851454,2022-12-13,32568.17
TAX933513,USR1544,SPT1056134,2023-02-27,3532.94
TAX933514,USR9664,SPT1457500,2023-05-20,35296.61
TAX933515,USR957,SPT1859832,2023-11-26,17322.59
TAX933516,USR1366,SPT852399,2022-10-16,32374.75
TAX933517,USR1453,SPT620093,2023-10-12,45157.13
TAX933518,USR3490,SPT736497,2023-08-04,45236.0
TAX933519,USR4555,SPT1775173,2022-12-29,17619.2
TAX933520,USR8136,SPT1081193,2022-07-23,20256.77
TAX933521,USR214,SPT1989519,2022-11-27,10173.54
TAX933522,USR4915,SPT941773,2024-01-24,1172.41
TAX933523,USR6548,SPT1673165,2023-05-20,45013.9
TAX933524,USR1344,SPT1882539,2023-11-12,47008.37
TAX933525,USR810,SPT1319969,2023-03-13,43542.92
TAX933526,USR5419,SPT728129,2022-03-04,46540.92
TAX933527,USR6944,SPT1703706,2023-03-26,24948.32
TAX933528,USR7299,SPT1078112,2023-04-05,44050.62
TAX933529,USR9881,SPT1159562,2022-06-17,44633.53
TAX933530,USR7424,SPT97408,2022-03-27,27844.35
TAX933531,USR6144,SPT1076041,2022-12-03,17618.48
TAX933532,USR5540,SPT826,2023-10-21,25114.17
TAX933533,USR2972,SPT531946,2024-01-16,39473.52
TAX933534,USR4121,SPT1397542,2023-12-29,25840.13
TAX933535,USR5992,SPT1413211,2023-01-28,10471.38
TAX933536,USR1340,SPT1510948,2023-04-22,12514.36
TAX933537,USR3643,SPT1786668,2023-08-04,5836.4
TAX933538,USR3011,SPT741283,2023-05-16,48708.3
TAX933539,USR5285,SPT337939,2023-04-13,40671.63
TAX933540,USR3033,SPT1625468,2023-06-17,32069.67
TAX933541,USR5825,SPT1315476,2023-12-18,27537.79
TAX933542,USR2661,SPT252895,2022-12-27,40357.07
TAX933543,USR5977,SPT1802807,2022-05-28,35444.08
TAX933544,USR2647,SPT28213,2022-07-02,19996.14
TAX933545,USR6732,SPT438041,2022-08-09,31792.88
TAX933546,USR701,SPT1181898,2023-03-21,1510.7
TAX933547,USR2277,SPT332360,2023-04-10,47673.9
TAX933548,USR450,SPT690523,2023-04-19,7776.08
TAX933549,USR1003,SPT1875859,2024-01-20,37072.54
TAX933550,USR5634,SPT736568,2023-05-31,22220.61
TAX933551,USR3948,SPT1488141,2024-01-16,48598.74
TAX933552,USR4901,SPT1207662,2022-07-18,49840.69
TAX933553,USR2942,SPT166108,2023-06-04,46226.02
TAX933554,USR587,SPT1712996,2022-09-18,17305.99
TAX933555,USR623,SPT450834,2022-10-21,25740.94
TAX933556,USR2793,SPT1393538,2022-05-25,40968.28
TAX933557,USR1211,SPT1770725,2022-02-14,42975.27
TAX933558,USR7646,SPT351683,2024-02-01,32555.94
TAX933559,USR6480,SPT1423705,2022-12-03,29400.11
TAX933560,USR3207,SPT1692565,2022-08-12,19731.01
TAX933561,USR9860,SPT912737,2022-06-28,18259.3
TAX933562,USR4676,SPT724177,2023-04-06,6866.45
TAX933563,USR5669,SPT1921240,2022-07-18,25494.99
TAX933564,USR1462,SPT502279,2023-10-26,1122.04
TAX933565,USR9389,SPT918500,2023-07-30,26696.79
TAX933566,USR8605,SPT152417,2023-10-26,15999.52
TAX933567,USR4442,SPT1939190,2022-06-09,10314.12
TAX933568,USR384,SPT1230595,2023-02-12,29138.28
TAX933569,USR6628,SPT1697336,2023-03-06,15693.59
TAX933570,USR8839,SPT1646311,2023-10-24,42981.93
TAX933571,USR8469,SPT580435,2022-07-18,29101.26
TAX933572,USR2777,SPT539350,2023-12-03,47263.24
TAX933573,USR4313,SPT699469,2022-08-09,23663.04
TAX933574,USR1628,SPT1653853,2023-07-07,35763.15
TAX933575,USR8595,SPT45295,2022-07-15,38183.42
TAX933576,USR2085,SPT1463391,2024-02-04,26965.84
TAX933577,USR5419,SPT1021299,2022-04-18,17703.6
TAX933578,USR9139,SPT1075817,2022-06-21,18916.67
TAX933579,USR8600,SPT863710,2023-12-04,18554.77
TAX933580,USR9371,SPT256546,2022-03-30,46608.65
TAX933581,USR9280,SPT490734,2023-08-27,15958.69
TAX933582,USR8040,SPT109414,2023-10-19,6846.63
TAX933583,USR8267,SPT774386,2023-09-15,19270.37
TAX933584,USR5008,SPT544879,2022-05-19,49112.71
TAX933585,USR4211,SPT1490852,2023-05-11,26547.1
TAX933586,USR3066,SPT183098,2022-03-09,38550.86
TAX933587,USR9089,SPT251694,2024-02-02,38611.58
TAX933588,USR9148,SPT385108,2022-06-06,7632.69
TAX933589,USR4539,SPT4916,2023-08-25,28372.42
TAX933590,USR6933,SPT374186,2022-03-22,12685.37
TAX933591,USR14,SPT1136579,2022-12-26,15615.3
TAX933592,USR9727,SPT100925,2023-01-12,24509.14
TAX933593,USR8402,SPT229469,2023-09-01,6075.46
TAX933594,USR4508,SPT1559745,2022-06-01,20450.34
TAX933595,USR5054,SPT1752551,2022-05-17,8459.44
TAX933596,USR1138,SPT1062257,2023-08-26,41639.73
TAX933597,USR9041,SPT1129633,2023-02-23,2795.62
TAX933598,USR2406,SPT584880,2022-12-20,47653.42
TAX933599,USR9359,SPT1598244,2022-04-27,7753.8
TAX933600,USR655,SPT635448,2022-06-14,46641.51
TAX933601,USR2566,SPT1659885,2022-08-08,37629.98
TAX933602,USR749,SPT591035,2022-10-21,10103.97
TAX933603,USR7693,SPT171750,2024-01-09,7195.06
TAX933604,USR8461,SPT1224684,2023-05-07,7137.04
TAX933605,USR883,SPT1225755,2023-08-07,47750.2
TAX933606,USR3613,SPT220338,2023-06-08,41191.54
TAX933607,USR4295,SPT1611851,2022-11-11,33668.0
TAX933608,USR9939,SPT224267,2022-03-14,29678.15
TAX933609,USR3773,SPT1709989,2022-12-26,8613.07
TAX933610,USR5850,SPT1256678,2022-08-07,8607.05
TAX933611,USR6562,SPT104230,2023-05-14,3052.89
TAX933612,USR6068,SPT924108,2023-06-17,39626.79
TAX933613,USR7812,SPT1390058,2022-03-21,22239.6
TAX933614,USR9219,SPT25720,2022-12-30,41920.99
TAX933615,USR8553,SPT506157,2022-12-17,33220.39
TAX933616,USR2317,SPT1321159,2023-12-01,42958.27
TAX933617,USR745,SPT456142,2022-12-25,22424.54
TAX933618,USR2354,SPT90727,2023-06-15,22133.06
TAX933619,USR3643,SPT295812,2023-05-18,4925.09
TAX933620,USR2985,SPT1909300,2023-05-10,44400.15
TAX933621,USR2464,SPT1223171,2022-06-04,32441.18
TAX933622,USR5814,SPT210416,2022-08-25,39598.13
TAX933623,USR5003,SPT660027,2023-01-20,23818.9
TAX933624,USR5414,SPT152692,2022-09-09,35620.93
TAX933625,USR602,SPT1599712,2023-07-07,3420.28
TAX933626,USR9775,SPT454661,2022-03-13,9213.84
TAX933627,USR4101,SPT672773,2023-11-04,46246.55
TAX933628,USR1121,SPT517508,2023-06-17,6693.53
TAX933629,USR8311,SPT1000990,2022-05-29,32663.27
TAX933630,USR198,SPT726475,2022-10-03,39829.33
TAX933631,USR1601,SPT145181,2023-11-16,34430.62
TAX933632,USR498,SPT755656,2023-11-02,20894.97
TAX933633,USR6818,SPT403419,2023-09-26,48153.76
TAX933634,USR8987,SPT705766,2023-07-11,8724.96
TAX933635,USR38,SPT34614,2022-09-22,48293.99
TAX933636,USR5630,SPT708746,2022-08-15,29676.08
TAX933637,USR7239,SPT869371,2023-09-29,33953.9
TAX933638,USR6540,SPT1853132,2023-09-09,6059.24
TAX933639,USR5298,SPT481360,2023-12-24,41127.95
TAX933640,USR718,SPT406048,2023-05-15,21663.04
TAX933641,USR315,SPT147051,2022-09-10,21486.58
TAX933642,USR5650,SPT723865,2024-02-07,11939.12
TAX933643,USR6451,SPT899165,2023-12-24,43462.73
TAX933644,USR1047,SPT1525628,2023-03-13,43095.19
TAX933645,USR3091,SPT1744138,2023-10-27,10941.85
TAX933646,USR9813,SPT719614,2022-02-22,34932.01
TAX933647,USR9571,SPT623470,2022-07-23,23222.02
TAX933648,USR4390,SPT1094792,2022-11-22,5850.11
TAX933649,USR7981,SPT846940,2024-02-09,36255.14
TAX933650,USR3823,SPT550963,2022-06-11,48645.28
TAX933651,USR7274,SPT488422,2023-06-14,15038.44
TAX933652,USR7474,SPT441836,2022-03-27,6748.35
TAX933653,USR2209,SPT842795,2024-02-05,3599.11
TAX933654,USR790,SPT172823,2023-11-21,8024.42
TAX933655,USR2847,SPT619944,2023-10-29,8801.29
TAX933656,USR5669,SPT1193523,2023-11-03,5161.96
TAX933657,USR4743,SPT1411682,2023-09-29,9736.83
TAX933658,USR6625,SPT630387,2022-08-23,35195.21
TAX933659,USR3607,SPT380496,2023-07-08,32207.32
TAX933660,USR4259,SPT1134050,2023-12-03,49387.35
TAX933661,USR6650,SPT1253677,2022-05-16,42221.7
TAX933662,USR8181,SPT1569578,2024-01-14,15535.39
TAX933663,USR3092,SPT1090585,2023-07-16,18181.13
TAX933664,USR256,SPT1114622,2022-10-04,20393.09
TAX933665,USR1635,SPT1608268,2023-07-27,14459.94
TAX933666,USR5764,SPT734408,2023-03-09,11939.25
TAX933667,USR8718,SPT1481935,2023-06-14,44471.56
TAX933668,USR5464,SPT1955488,2023-06-28,16341.8
TAX933669,USR4679,SPT771438,2022-04-07,2739.39
TAX933670,USR619,SPT1169395,2022-05-02,8528.56
TAX933671,USR274,SPT748413,2023-09-06,43756.64
TAX933672,USR1283,SPT881435,2023-08-04,26229.68
TAX933673,USR4195,SPT1229509,2023-05-04,35185.72
TAX933674,USR7926,SPT1578583,2022-12-04,31973.76
TAX933675,USR5020,SPT1598403,2023-04-12,38785.32
TAX933676,USR2727,SPT196679,2022-02-27,13961.62
TAX933677,USR2292,SPT1598870,2023-09-05,40721.37
TAX933678,USR3096,SPT1044164,2023-03-20,16230.81
TAX933679,USR2663,SPT761241,2023-07-23,4690.14
TAX933680,USR7844,SPT1350540,2023-12-04,46196.29
TAX933681,USR2546,SPT1030598,2023-10-28,39544.64
TAX933682,USR4082,SPT1342053,2022-07-24,49731.4
TAX933683,USR4467,SPT1258280,2024-01-13,26045.12
TAX933684,USR5765,SPT1640474,2022-06-27,30004.48
TAX933685,USR8320,SPT1345260,2022-04-25,27631.8
TAX933686,USR3810,SPT7249,2023-02-09,34142.88
TAX933687,USR6962,SPT1966657,2023-03-06,46609.94
TAX933688,USR2217,SPT1594176,2022-09-18,45335.43
TAX933689,USR9830,SPT91425,2022-12-12,44852.02
TAX933690,USR9282,SPT267248,2022-10-19,28787.33
TAX933691,USR7921,SPT1548070,2023-02-26,11814.32
TAX933692,USR4658,SPT252174,2022-05-25,43902.96
TAX933693,USR7661,SPT1365888,2023-06-06,40953.51
TAX933694,USR1785,SPT153980,2022-06-19,13894.24
TAX933695,USR6981,SPT153757,2022-12-09,15267.45
TAX933696,USR8123,SPT433691,2023-02-01,24131.41
TAX933697,USR9777,SPT1159509,2022-05-19,2695.08
TAX933698,USR436,SPT786125,2023-10-19,35618.79
TAX933699,USR6504,SPT673697,2023-01-03,45651.56
TAX933700,USR9851,SPT1434407,2022-07-09,47251.15
TAX933701,USR1169,SPT1693458,2023-12-20,4642.05
TAX933702,USR6262,SPT1910500,2023-10-30,11810.01
TAX933703,USR4903,SPT155974,2023-09-20,19356.83
TAX933704,USR7883,SPT147821,2022-07-30,48849.53
TAX933705,USR7984,SPT1292672,2022-12-12,36582.31
TAX933706,USR6258,SPT1818250,2023-06-05,43589.85
TAX933707,USR4995,SPT950369,2022-04-24,3663.12
TAX933708,USR8629,SPT401630,2022-08-31,23583.71
TAX933709,USR2268,SPT1029315,2023-03-11,33635.44
TAX933710,USR9810,SPT1213014,2023-09-22,33625.57
TAX933711,USR9124,SPT860412,2022-08-23,3549.14
TAX933712,USR1508,SPT873483,2022-04-20,6839.38
TAX933713,USR1835,SPT1734123,2023-03-06,44891.14
TAX933714,USR2579,SPT1111927,2022-11-27,13317.8
TAX933715,USR5427,SPT1666969,2023-06-01,27400.62
TAX933716,USR6103,SPT593655,2022-11-07,13286.48
TAX933717,USR2987,SPT141538,2022-04-27,12292.14
TAX933718,USR6187,SPT1704357,2023-07-22,13712.52
TAX933719,USR7535,SPT46480,2022-08-01,19925.59
TAX933720,USR2214,SPT246598,2023-08-12,22899.25
TAX933721,USR6318,SPT106850,2023-09-20,11288.03
TAX933722,USR7754,SPT931929,2023-08-06,20730.9
TAX933723,USR1819,SPT1233064,2023-05-24,23485.67
TAX933724,USR1086,SPT42507,2023-09-11,21468.46
TAX933725,USR2245,SPT617240,2023-12-15,46349.2
TAX933726,USR6732,SPT46177,2024-02-04,43795.5
TAX933727,USR2578,SPT1566966,2022-09-27,41070.27
TAX933728,USR9043,SPT1149785,2023-10-27,9691.31
TAX933729,USR8519,SPT1274099,2024-01-10,14664.08
TAX933730,USR1152,SPT1355917,2024-02-02,23317.08
TAX933731,USR5929,SPT1252132,2023-11-22,39341.51
TAX933732,USR452,SPT820331,2023-11-10,24235.08
TAX933733,USR6874,SPT1133647,2022-05-04,3147.39
TAX933734,USR8847,SPT751254,2023-11-03,39918.66
TAX933735,USR5469,SPT338929,2022-10-08,29400.5
TAX933736,USR868,SPT715814,2022-11-20,19470.03
TAX933737,USR5181,SPT1431666,2023-08-25,16880.37
TAX933738,USR8140,SPT1146526,2023-09-24,48338.96
TAX933739,USR1593,SPT816224,2022-07-01,44367.11
TAX933740,USR2640,SPT1867224,2023-06-29,35357.03
TAX933741,USR8235,SPT797225,2023-12-28,9526.71
TAX933742,USR9917,SPT22194,2023-11-07,44208.26
TAX933743,USR455,SPT985486,2022-03-14,14022.79
TAX933744,USR1237,SPT747487,2022-12-17,31151.73
TAX933745,USR2917,SPT111169,2022-12-29,8522.7
TAX933746,USR7548,SPT626834,2023-03-18,28669.72
TAX933747,USR3753,SPT1431732,2024-01-24,25382.58
TAX933748,USR6020,SPT152940,2023-12-16,14799.0
TAX933749,USR5535,SPT1907800,2023-06-11,8325.86
TAX933750,USR8910,SPT12899,2023-04-13,32797.51
TAX933751,USR3408,SPT1168057,2022-08-21,47107.93
TAX933752,USR560,SPT834923,2022-04-20,24959.28
TAX933753,USR5404,SPT260916,2022-06-03,25850.53
TAX933754,USR8739,SPT314582,2022-04-22,40633.41
TAX933755,USR8707,SPT1820039,2023-08-17,37093.22
TAX933756,USR6213,SPT316459,2023-05-20,24484.64
TAX933757,USR213,SPT1915934,2022-07-13,41384.44
TAX933758,USR534,SPT1019984,2022-02-12,37397.18
TAX933759,USR5906,SPT1118293,2023-06-04,20270.08
TAX933760,USR9782,SPT1942073,2022-08-20,3354.29
TAX933761,USR7601,SPT1498603,2023-11-04,33927.49
TAX933762,USR5310,SPT732571,2023-03-04,22728.55
TAX933763,USR5951,SPT1999562,2023-04-04,40484.55
TAX933764,USR3819,SPT1608035,2023-04-16,11236.04
TAX933765,USR1526,SPT1946524,2022-05-06,23286.21
TAX933766,USR3683,SPT1527790,2023-01-08,43457.38
TAX933767,USR5484,SPT841969,2023-06-03,28108.92
TAX933768,USR3224,SPT137929,2022-05-04,10701.81
TAX933769,USR4466,SPT697395,2022-03-17,49072.62
TAX933770,USR1987,SPT1414402,2022-08-26,3718.85
TAX933771,USR3429,SPT320310,2022-05-18,1232.14
TAX933772,USR8014,SPT1316736,2023-09-01,17316.52
TAX933773,USR3377,SPT592792,2022-04-11,30036.94
TAX933774,USR8166,SPT1863547,2022-07-14,38981.88
TAX933775,USR3134,SPT260336,2022-11-16,45416.48
TAX933776,USR7773,SPT398253,2023-02-23,37513.35
TAX933777,USR1498,SPT81321,2023-07-28,15605.64
TAX933778,USR2209,SPT670310,2023-10-08,9207.96
TAX933779,USR5471,SPT61882,2023-02-26,7186.48
TAX933780,USR5978,SPT4424,2023-12-11,28647.49
TAX933781,USR9826,SPT1247432,2023-12-12,20247.04
TAX933782,USR4654,SPT1436783,2022-09-13,42936.15
TAX933783,USR4234,SPT1850717,2022-05-07,8465.32
TAX933784,USR3203,SPT763895,2022-10-07,18423.99
TAX933785,USR4022,SPT982710,2023-08-11,16534.16
TAX933786,USR465,SPT1424378,2023-09-03,30842.74
TAX933787,USR5321,SPT1379724,2023-07-02,36253.19
TAX933788,USR1753,SPT1360273,2023-08-23,16332.27
TAX933789,USR8625,SPT486027,2022-08-13,9001.02
TAX933790,USR5302,SPT706557,2022-06-07,33678.83
TAX933791,USR4069,SPT865362,2023-11-18,35382.91
TAX933792,USR5005,SPT1928495,2022-04-16,4269.08
TAX933793,USR5812,SPT1213919,2022-08-16,34746.54
TAX933794,USR7312,SPT1449747,2023-02-09,21002.47
TAX933795,USR4197,SPT515990,2023-03-13,6634.34
TAX933796,USR880,SPT1461893,2023-03-26,35820.79
TAX933797,USR9179,SPT1144609,2023-03-20,31591.05
TAX933798,USR9284,SPT1116439,2023-09-30,44406.54
TAX933799,USR7017,SPT147175,2023-12-21,37052.77
TAX933800,USR9099,SPT455057,2023-01-13,48903.37
TAX933801,USR6930,SPT1821071,2023-01-31,20795.08
TAX933802,USR4137,SPT1839613,2023-12-05,2259.99
TAX933803,USR1405,SPT1633622,2023-09-03,48323.91
TAX933804,USR805,SPT889136,2022-12-21,46184.43
TAX933805,USR9671,SPT326514,2023-08-14,46553.42
TAX933806,USR4367,SPT851334,2023-05-10,42977.24
TAX933807,USR2623,SPT75521,2022-06-02,37365.46
TAX933808,USR4961,SPT1302652,2023-10-16,35040.04
TAX933809,USR9172,SPT442469,2022-07-07,35593.0
TAX933810,USR7318,SPT903952,2022-12-02,27504.07
TAX933811,USR785,SPT1599782,2024-01-05,26221.02
TAX933812,USR9250,SPT1769485,2024-02-04,25506.64
TAX933813,USR1444,SPT499622,2022-03-22,42820.02
TAX933814,USR3654,SPT1696964,2024-01-15,25868.2
TAX933815,USR4858,SPT1444360,2022-10-15,30791.58
TAX933816,USR6418,SPT938724,2023-01-02,5394.62
TAX933817,USR2568,SPT762011,2024-01-04,11197.62
TAX933818,USR3203,SPT1816345,2022-08-16,49068.73
TAX933819,USR3283,SPT724993,2022-11-18,10657.18
TAX933820,USR7229,SPT337328,2023-01-20,11744.15
TAX933821,USR4594,SPT1858297,2023-10-20,6451.89
TAX933822,USR3433,SPT382559,2023-09-01,43710.26
TAX933823,USR7889,SPT1498734,2022-10-12,7889.94
TAX933824,USR3293,SPT1212562,2022-11-27,8652.41
TAX933825,USR559,SPT1401637,2022-07-11,31595.94
TAX933826,USR8088,SPT108038,2022-03-22,23509.01
TAX933827,USR2282,SPT858471,2023-07-12,38707.65
TAX933828,USR2531,SPT762104,2022-05-19,12866.66
TAX933829,USR4353,SPT264058,2022-05-19,33405.63
TAX933830,USR1379,SPT259308,2022-04-07,43227.54
TAX933831,USR632,SPT51753,2023-05-29,39826.69
TAX933832,USR2691,SPT1522948,2022-03-18,35248.91
TAX933833,USR1615,SPT976842,2023-07-06,22612.76
TAX933834,USR6848,SPT632204,2023-04-14,32555.59
TAX933835,USR9171,SPT1924730,2023-11-24,12540.22
TAX933836,USR1102,SPT722404,2022-06-07,38871.1
TAX933837,USR817,SPT1205229,2022-07-08,41720.31
TAX933838,USR859,SPT1790399,2022-04-13,12608.83
TAX933839,USR5330,SPT126141,2023-06-23,42809.05
TAX933840,USR7610,SPT1695683,2022-12-15,38797.62
TAX933841,USR3160,SPT1348337,2023-02-02,23458.86
TAX933842,USR6962,SPT1238369,2022-06-18,4153.69
TAX933843,USR6162,SPT513416,2023-09-17,36561.46
TAX933844,USR8430,SPT1739181,2022-12-09,26904.02
TAX933845,USR1476,SPT603251,2024-01-16,35364.3
TAX933846,USR7271,SPT864723,2023-10-30,6038.59
TAX933847,USR4648,SPT81337,2023-06-05,2634.19
TAX933848,USR2035,SPT1260049,2023-04-29,2187.01
TAX933849,USR7324,SPT1200093,2023-06-07,25821.08
TAX933850,USR7509,SPT131023,2023-02-27,45581.87
TAX933851,USR266,SPT1393832,2023-02-06,8213.0
TAX933852,USR542,SPT578689,2022-02-25,10384.27
TAX933853,USR3115,SPT32932,2023-03-02,30738.23
TAX933854,USR3203,SPT1170079,2023-06-03,13441.11
TAX933855,USR2213,SPT1898189,2023-07-02,28211.38
TAX933856,USR5975,SPT102250,2023-09-16,17592.93
TAX933857,USR2992,SPT82730,2022-02-10,28025.15
TAX933858,USR1768,SPT474289,2022-11-27,25798.99
TAX933859,USR1820,SPT805812,2023-12-17,31408.31
TAX933860,USR5417,SPT27151,2023-12-19,3082.0
TAX933861,USR2400,SPT816304,2023-08-23,24374.2
TAX933862,USR2753,SPT1452264,2023-06-25,30560.31
TAX933863,USR7769,SPT847346,2023-05-11,5346.11
TAX933864,USR5316,SPT1911198,2022-10-05,7250.44
TAX933865,USR7381,SPT473359,2023-12-10,17478.7
TAX933866,USR8991,SPT115069,2022-03-16,40552.01
TAX933867,USR3479,SPT1612921,2022-05-12,38563.46
TAX933868,USR870,SPT1807388,2023-02-10,43100.03
TAX933869,USR9672,SPT1911458,2024-02-01,35634.71
TAX933870,USR8372,SPT463394,2023-02-12,33285.82
TAX933871,USR774,SPT903158,2022-04-01,43683.55
TAX933872,USR4466,SPT547100,2023-03-26,39356.25
TAX933873,USR7299,SPT1607989,2022-07-11,26513.54
TAX933874,USR6529,SPT553429,2024-01-11,30469.5
TAX933875,USR9687,SPT1062599,2022-11-29,46779.32
TAX933876,USR4415,SPT1077112,2024-01-02,30008.87
TAX933877,USR2301,SPT1907533,2023-10-21,20748.62
TAX933878,USR5366,SPT888915,2023-06-12,8964.03
TAX933879,USR5946,SPT185586,2023-12-09,5763.62
TAX933880,USR7521,SPT1127219,2023-07-10,25960.37
TAX933881,USR1929,SPT1016205,2022-03-09,5778.53
TAX933882,USR1147,SPT1198518,2023-03-23,14186.92
TAX933883,USR6335,SPT494436,2022-04-23,29745.64
TAX933884,USR6480,SPT1024738,2022-12-02,10641.87
TAX933885,USR3972,SPT1858103,2023-07-26,45215.68
TAX933886,USR7610,SPT1269324,2022-04-12,3920.99
TAX933887,USR1417,SPT1884409,2022-11-20,49555.82
TAX933888,USR9032,SPT1123923,2022-08-05,2005.65
TAX933889,USR7114,SPT42743,2023-04-30,16305.18
TAX933890,USR6047,SPT1806421,2023-05-02,18573.44
TAX933891,USR2609,SPT1868516,2022-09-10,20513.42
TAX933892,USR7227,SPT1959553,2024-02-02,45287.08
TAX933893,USR731,SPT1377325,2023-08-27,13741.83
TAX933894,USR1464,SPT1094751,2022-12-08,49741.72
TAX933895,USR5561,SPT1078215,2022-02-18,28301.65
TAX933896,USR6835,SPT1270983,2022-11-03,45840.55
TAX933897,USR4772,SPT1460112,2023-06-25,23217.61
TAX933898,USR2886,SPT1111147,2023-12-20,23201.1
TAX933899,USR6268,SPT652320,2023-08-03,21749.81
TAX933900,USR2328,SPT1974713,2022-10-07,43447.49
TAX933901,USR9641,SPT1877987,2023-12-24,10158.97
TAX933902,USR1986,SPT193513,2022-09-05,20851.39
TAX933903,USR6226,SPT1136526,2022-10-07,10401.65
TAX933904,USR9887,SPT1898761,2022-10-08,37297.54
TAX933905,USR4206,SPT54251,2022-09-24,22399.37
TAX933906,USR1255,SPT721505,2023-08-25,29029.78
TAX933907,USR2024,SPT651616,2022-07-02,6383.88
TAX933908,USR1646,SPT1088587,2023-11-24,13147.79
TAX933909,USR336,SPT199133,2022-03-27,48059.9
TAX933910,USR9035,SPT984489,2023-12-05,36405.23
TAX933911,USR3843,SPT568038,2023-10-23,14281.53
TAX933912,USR2781,SPT1195949,2023-01-27,38942.55
TAX933913,USR4964,SPT1026602,2023-11-20,23321.6
TAX933914,USR7216,SPT864496,2024-02-04,8866.39
TAX933915,USR6407,SPT1926209,2023-04-02,34763.8
TAX933916,USR5073,SPT1552599,2023-12-08,38889.84
TAX933917,USR9389,SPT1989162,2024-01-24,8998.56
TAX933918,USR107,SPT282460,2022-08-20,20774.54
TAX933919,USR1128,SPT848252,2023-11-24,32146.34
TAX933920,USR3144,SPT1117443,2022-12-16,14154.51
TAX933921,USR7145,SPT1339829,2022-05-13,7059.21
TAX933922,USR6085,SPT829208,2022-10-29,44049.33
TAX933923,USR3681,SPT439324,2022-12-11,8257.76
TAX933924,USR5444,SPT1197246,2022-10-17,10148.88
TAX933925,USR6478,SPT1515043,2023-02-28,45926.16
TAX933926,USR3888,SPT1431940,2023-06-29,25457.11
TAX933927,USR1760,SPT40621,2022-07-16,37352.69
TAX933928,USR8511,SPT603348,2023-05-12,1386.1
TAX933929,USR9203,SPT664672,2023-02-10,3118.26
TAX933930,USR5670,SPT1253339,2023-09-14,9679.21
TAX933931,USR5789,SPT707215,2022-12-31,5476.01
TAX933932,USR8165,SPT156184,2022-12-19,49769.47
TAX933933,USR9446,SPT1542505,2022-04-25,26664.99
TAX933934,USR1418,SPT959935,2022-10-02,15608.45
TAX933935,USR7263,SPT85795,2022-09-25,37880.41
TAX933936,USR6571,SPT147907,2024-02-04,14461.21
TAX933937,USR9606,SPT345944,2023-07-31,1326.41
TAX933938,USR3485,SPT1716726,2022-09-01,41309.83
TAX933939,USR6407,SPT37264,2023-03-07,7445.83
TAX933940,USR675,SPT465820,2022-08-01,6432.0
TAX933941,USR607,SPT1888777,2023-05-02,42586.55
TAX933942,USR8865,SPT1385691,2022-09-05,16620.5
TAX933943,USR2769,SPT1669172,2022-12-18,4634.77
TAX933944,USR8620,SPT1903515,2023-03-01,31693.76
TAX933945,USR7813,SPT1392991,2023-02-13,17505.08
TAX933946,USR5018,SPT1733636,2022-04-26,16197.79
TAX933947,USR9132,SPT135227,2023-09-21,9261.27
TAX933948,USR4632,SPT1513614,2022-09-28,22231.55
TAX933949,USR6607,SPT255683,2022-07-24,24605.91
TAX933950,USR8279,SPT233086,2022-05-14,7253.5
TAX933951,USR236,SPT1787235,2023-09-02,47601.25
TAX933952,USR569,SPT1561078,2023-07-14,44373.81
TAX933953,USR5560,SPT1529252,2023-07-07,9175.15
TAX933954,USR3775,SPT1240639,2024-01-29,13973.62
TAX933955,USR6241,SPT1010190,2023-10-30,17794.93
TAX933956,USR7875,SPT534275,2023-01-15,12384.81
TAX933957,USR3874,SPT253630,2023-08-29,49581.82
TAX933958,USR9127,SPT1832463,2023-02-25,47259.67
TAX933959,USR6310,SPT447600,2022-12-01,36928.15
TAX933960,USR329,SPT435258,2024-02-04,44798.07
TAX933961,USR4372,SPT776275,2024-01-22,4590.19
TAX933962,USR1367,SPT236857,2023-03-08,25479.84
TAX933963,USR3153,SPT1285308,2022-04-10,39366.93
TAX933964,USR288,SPT1282204,2024-01-15,39738.57
TAX933965,USR475,SPT1429414,2022-10-02,2272.67
TAX933966,USR3598,SPT318597,2023-03-08,47108.83
TAX933967,USR7693,SPT1221970,2022-09-15,6187.97
TAX933968,USR2099,SPT769196,2022-10-02,13213.62
TAX933969,USR5287,SPT1709420,2023-08-05,3402.77
TAX933970,USR952,SPT1945098,2023-04-23,30119.46
TAX933971,USR6601,SPT1564890,2023-12-25,13192.48
TAX933972,USR2736,SPT1478385,2022-11-30,34192.59
TAX933973,USR2226,SPT988011,2024-01-13,8096.45
TAX933974,USR8538,SPT391630,2023-06-01,38907.94
TAX933975,USR8682,SPT1156317,2022-08-01,1517.1
TAX933976,USR5764,SPT114468,2023-12-18,13734.25
TAX933977,USR7728,SPT1257667,2023-08-12,49862.15
TAX933978,USR8958,SPT1582582,2023-06-05,29788.68
TAX933979,USR7110,SPT1494154,2023-06-04,23414.41
TAX933980,USR3060,SPT1706885,2022-10-29,6377.52
TAX933981,USR342,SPT720991,2022-10-07,26431.31
TAX933982,USR9101,SPT92043,2023-04-02,36189.47
TAX933983,USR570,SPT723551,2023-01-31,22975.18
TAX933984,USR5626,SPT1460282,2023-08-16,28156.43
TAX933985,USR1661,SPT1388872,2023-09-17,48524.64
TAX933986,USR5976,SPT1823166,2022-06-25,42438.28
TAX933987,USR7477,SPT1174199,2022-05-21,16845.12
TAX933988,USR2613,SPT1898376,2023-11-02,30824.9
TAX933989,USR9491,SPT975835,2022-04-22,23473.22
TAX933990,USR9790,SPT1644850,2022-09-12,38990.55
TAX933991,USR7500,SPT346456,2022-07-01,36518.99
TAX933992,USR4160,SPT1192461,2022-07-24,36883.57
TAX933993,USR6870,SPT1174308,2022-03-16,13572.05
TAX933994,USR3989,SPT1099500,2022-04-06,40936.23
TAX933995,USR2910,SPT23517,2022-10-20,27788.2
TAX933996,USR3793,SPT1245343,2023-12-27,48439.37
TAX933997,USR5437,SPT238847,2023-08-02,24883.02
TAX933998,USR2082,SPT1860513,2024-01-05,32862.37
TAX933999,USR5968,SPT722495,2024-01-09,49701.3
TAX934000,USR3776,SPT1071261,2024-01-17,10606.31
TAX934001,USR8265,SPT1353166,2023-08-13,9350.11
TAX934002,USR5740,SPT1771987,2022-11-01,5392.34
TAX934003,USR7899,SPT1762152,2023-03-28,43429.39
TAX934004,USR5064,SPT356822,2022-12-10,16077.53
TAX934005,USR9521,SPT1158364,2023-07-05,33874.72
TAX934006,USR4275,SPT1474772,2023-09-10,25628.8
TAX934007,USR1421,SPT523558,2023-06-17,29116.83
TAX934008,USR3922,SPT1728193,2022-05-06,19949.99
TAX934009,USR7166,SPT1303099,2022-10-06,19584.66
TAX934010,USR2466,SPT110983,2022-02-11,22236.39
TAX934011,USR1261,SPT763295,2023-06-27,44971.62
TAX934012,USR6170,SPT1503553,2022-06-10,13624.9
TAX934013,USR2353,SPT1375201,2022-11-26,15622.05
TAX934014,USR9481,SPT657532,2023-06-09,45461.65
TAX934015,USR2451,SPT1384597,2024-01-15,38808.91
TAX934016,USR8886,SPT1951543,2022-06-06,19369.22
TAX934017,USR2915,SPT851085,2023-01-12,26742.52
TAX934018,USR3601,SPT1530075,2022-07-28,25047.65
TAX934019,USR3150,SPT795844,2022-12-04,11084.58
TAX934020,USR3849,SPT1957344,2022-02-28,18247.34
TAX934021,USR7826,SPT1523740,2023-03-25,7180.31
TAX934022,USR8867,SPT457716,2024-02-01,2373.91
TAX934023,USR5870,SPT704005,2022-10-20,23931.6
TAX934024,USR4297,SPT146005,2024-01-03,42884.78
TAX934025,USR722,SPT1813862,2023-09-26,37641.2
TAX934026,USR914,SPT1473617,2023-04-04,41612.67
TAX934027,USR9377,SPT1144432,2023-01-06,42977.48
TAX934028,USR3887,SPT979311,2024-01-29,35446.92
TAX934029,USR7123,SPT6722,2023-08-18,12465.5
TAX934030,USR8464,SPT1765395,2023-03-24,35444.03
TAX934031,USR6832,SPT1131411,2022-07-04,6102.12
TAX934032,USR6556,SPT1884909,2022-09-18,35573.46
TAX934033,USR5991,SPT1614358,2023-06-06,25793.94
TAX934034,USR7705,SPT295798,2023-05-12,19490.82
TAX934035,USR8309,SPT459713,2023-02-18,3262.1
TAX934036,USR3000,SPT260490,2023-07-12,3286.48
TAX934037,USR1634,SPT277880,2023-07-16,22198.85
TAX934038,USR8843,SPT782717,2022-05-22,48372.15
TAX934039,USR6083,SPT1831502,2023-08-14,32111.07
TAX934040,USR6644,SPT361228,2022-08-31,5477.33
TAX934041,USR5574,SPT1787470,2022-11-08,32341.28
TAX934042,USR6197,SPT1542061,2022-04-18,29572.84
TAX934043,USR8831,SPT738629,2023-12-19,19020.9
TAX934044,USR475,SPT841709,2023-12-29,15767.74
TAX934045,USR7855,SPT997705,2022-02-19,16572.46
TAX934046,USR4471,SPT1491845,2022-06-28,22026.45
TAX934047,USR9686,SPT743050,2023-10-06,3950.2
TAX934048,USR3462,SPT1516274,2024-01-26,23519.95
TAX934049,USR1658,SPT280531,2022-03-22,21105.94
TAX934050,USR8049,SPT1092099,2023-01-12,7965.5
TAX934051,USR4542,SPT717672,2023-09-06,32287.56
TAX934052,USR430,SPT918591,2023-10-18,6484.91
TAX934053,USR4611,SPT58019,2022-11-03,16653.81
TAX934054,USR8287,SPT329941,2022-05-10,26342.12
TAX934055,USR6342,SPT428116,2024-01-24,3703.88
TAX934056,USR9245,SPT700572,2022-08-06,49976.87
TAX934057,USR5014,SPT1323117,2022-07-14,47825.14
TAX934058,USR2595,SPT240439,2022-08-30,26387.33
TAX934059,USR5249,SPT1431237,2023-06-02,29137.6
TAX934060,USR5178,SPT835606,2023-06-20,23881.43
TAX934061,USR258,SPT758727,2022-05-26,23471.72
TAX934062,USR5978,SPT1528588,2024-01-27,12653.57
TAX934063,USR537,SPT888657,2022-05-09,2400.66
TAX934064,USR5637,SPT845166,2023-09-19,27406.44
TAX934065,USR9929,SPT1170456,2022-03-05,41093.89
TAX934066,USR4309,SPT1580105,2023-09-12,27458.12
TAX934067,USR5672,SPT1061101,2022-02-14,22916.79
TAX934068,USR1797,SPT557270,2023-03-17,28704.05
TAX934069,USR8950,SPT1375720,2022-12-13,21977.45
TAX934070,USR5696,SPT865020,2023-01-04,22693.72
TAX934071,USR3127,SPT216216,2022-07-04,2792.44
TAX934072,USR9285,SPT7714,2023-06-06,5489.11
TAX934073,USR5061,SPT379287,2023-07-29,41379.79
TAX934074,USR7604,SPT1468440,2023-02-17,3467.12
TAX934075,USR1098,SPT92753,2023-09-26,29436.85
TAX934076,USR2619,SPT143485,2022-05-08,12172.28
TAX934077,USR3522,SPT97799,2023-09-10,10069.75
TAX934078,USR7742,SPT632459,2023-05-07,38988.29
TAX934079,USR7998,SPT848095,2024-01-13,27528.08
TAX934080,USR7047,SPT599438,2022-10-18,48168.53
TAX934081,USR114,SPT1156881,2022-02-13,42526.36
TAX934082,USR1972,SPT848265,2023-01-28,35224.55
TAX934083,USR8370,SPT953058,2024-01-06,18193.36
TAX934084,USR8881,SPT716306,2023-09-09,23497.55
TAX934085,USR1272,SPT568136,2023-01-15,28101.84
TAX934086,USR9624,SPT557862,2023-11-12,16051.25
TAX934087,USR9905,SPT1747483,2022-09-09,9339.06
TAX934088,USR9969,SPT719476,2023-02-25,48471.49
TAX934089,USR8108,SPT818119,2022-02-28,34446.6
TAX934090,USR8037,SPT551631,2022-06-07,7405.83
TAX934091,USR9773,SPT1520453,2023-07-04,27586.7
TAX934092,USR7090,SPT792685,2023-02-27,26576.5
TAX934093,USR3266,SPT1906933,2022-07-08,35486.67
TAX934094,USR8370,SPT176300,2022-06-10,6435.24
TAX934095,USR897,SPT272538,2022-07-21,26995.41
TAX934096,USR7365,SPT421186,2022-06-27,13741.81
TAX934097,USR2840,SPT554858,2022-06-18,20244.7
TAX934098,USR8307,SPT374226,2022-12-20,6238.01
TAX934099,USR9141,SPT1294068,2023-05-17,46536.41
TAX934100,USR8291,SPT1255289,2023-05-08,24918.43
TAX934101,USR8306,SPT1464989,2022-10-16,3398.71
TAX934102,USR5008,SPT1937523,2023-10-08,31503.27
TAX934103,USR265,SPT1857028,2024-02-02,13550.69
TAX934104,USR3544,SPT262568,2022-06-27,9332.97
TAX934105,USR7917,SPT266563,2023-11-18,46825.91
TAX934106,USR3395,SPT566326,2022-10-08,14064.18
TAX934107,USR3643,SPT1937569,2023-03-15,34054.52
TAX934108,USR5923,SPT1299349,2022-11-10,31074.23
TAX934109,USR5610,SPT237037,2023-01-09,31012.3
TAX934110,USR2320,SPT267636,2023-05-17,13515.21
TAX934111,USR8028,SPT619657,2022-03-12,23892.15
TAX934112,USR1792,SPT1316766,2023-12-28,38095.2
TAX934113,USR8866,SPT105648,2023-02-20,36368.57
TAX934114,USR890,SPT586999,2022-09-06,28902.6
TAX934115,USR6897,SPT1341044,2023-05-18,45768.28
TAX934116,USR2191,SPT955799,2023-11-13,8416.88
TAX934117,USR9189,SPT815706,2022-02-12,21262.93
TAX934118,USR9666,SPT514868,2023-10-06,1358.66
TAX934119,USR7986,SPT1911232,2023-10-15,10650.97
TAX934120,USR5103,SPT1448567,2022-05-31,1371.46
TAX934121,USR6665,SPT379658,2024-01-25,31521.49
TAX934122,USR1217,SPT593088,2024-01-22,33332.09
TAX934123,USR5201,SPT1674318,2023-11-11,35465.83
TAX934124,USR3359,SPT1056222,2022-05-23,18318.39
TAX934125,USR1490,SPT1998076,2022-07-06,6067.1
TAX934126,USR9574,SPT685199,2022-09-29,13506.1
TAX934127,USR3128,SPT97362,2023-10-22,9036.29
TAX934128,USR7974,SPT1660336,2022-08-29,22876.52
TAX934129,USR2116,SPT996816,2023-09-14,8121.77
TAX934130,USR2872,SPT334214,2023-09-07,10978.56
TAX934131,USR554,SPT200271,2022-10-04,7940.85
TAX934132,USR8045,SPT1419968,2023-06-17,11610.18
TAX934133,USR899,SPT1507234,2023-12-22,17786.32
TAX934134,USR6553,SPT1068599,2023-02-18,42337.33
TAX934135,USR735,SPT1465194,2023-12-31,22817.78
TAX934136,USR909,SPT1272489,2023-04-17,17524.6
TAX934137,USR8451,SPT429410,2023-03-26,3418.86
TAX934138,USR7536,SPT76109,2023-03-23,15160.59
TAX934139,USR9490,SPT1456052,2023-06-27,48213.82
TAX934140,USR611,SPT1879534,2023-10-31,23736.62
TAX934141,USR7561,SPT778638,2023-04-30,24954.99
TAX934142,USR996,SPT1712908,2023-09-21,8205.61
TAX934143,USR2928,SPT1577763,2022-12-19,30369.4
TAX934144,USR5749,SPT18354,2023-08-02,4070.91
TAX934145,USR500,SPT505765,2023-01-18,24468.56
TAX934146,USR4332,SPT502786,2022-08-05,24374.36
TAX934147,USR7001,SPT1562646,2022-02-12,15248.92
TAX934148,USR1842,SPT556822,2022-03-30,31176.59
TAX934149,USR3529,SPT1113188,2023-08-02,40054.94
TAX934150,USR2928,SPT722436,2022-09-11,26502.25
TAX934151,USR3496,SPT253796,2023-05-17,34690.77
TAX934152,USR1316,SPT1582067,2023-02-22,25452.6
TAX934153,USR9662,SPT1465997,2024-01-18,27034.9
TAX934154,USR7953,SPT998640,2023-09-09,38106.75
TAX934155,USR3846,SPT302940,2023-11-09,26072.15
TAX934156,USR4178,SPT468560,2023-06-18,45729.98
TAX934157,USR5853,SPT50384,2023-03-28,22461.67
TAX934158,USR9711,SPT1034345,2023-10-23,32529.39
TAX934159,USR3534,SPT1200249,2022-09-17,32015.97
TAX934160,USR9938,SPT536601,2023-02-04,30036.42
TAX934161,USR4422,SPT808594,2023-08-15,9933.35
TAX934162,USR3812,SPT1519584,2022-09-19,7892.27
TAX934163,USR1122,SPT642998,2023-03-22,19086.4
TAX934164,USR757,SPT1425476,2023-09-17,6273.84
TAX934165,USR6730,SPT1593096,2022-07-15,22675.59
TAX934166,USR3498,SPT1865609,2022-03-17,42000.23
TAX934167,USR9292,SPT1117186,2022-11-07,19758.02
TAX934168,USR4582,SPT507434,2022-12-27,7658.2
TAX934169,USR5848,SPT1059698,2023-05-04,23032.79
TAX934170,USR9075,SPT681037,2023-08-04,35224.65
TAX934171,USR6527,SPT1218593,2023-05-30,37076.6
TAX934172,USR2845,SPT64362,2023-12-08,41106.76
TAX934173,USR2499,SPT1128487,2022-03-07,26340.62
TAX934174,USR7326,SPT1851265,2022-07-09,31302.33
TAX934175,USR7204,SPT1679107,2023-06-22,10455.31
TAX934176,USR1109,SPT1217341,2022-07-19,19555.3
TAX934177,USR9219,SPT1722604,2022-04-14,9060.34
TAX934178,USR3514,SPT710269,2022-08-07,44687.88
TAX934179,USR8697,SPT1791380,2023-07-23,6218.11
TAX934180,USR4440,SPT1099182,2023-12-11,31502.02
TAX934181,USR3225,SPT1273615,2023-04-09,3805.86
TAX934182,USR5543,SPT1424107,2023-05-29,11611.99
TAX934183,USR1111,SPT887893,2022-11-20,20583.7
TAX934184,USR4574,SPT1375141,2022-04-30,35727.79
TAX934185,USR6704,SPT537901,2022-06-07,38685.13
TAX934186,USR3732,SPT1976416,2022-12-22,14320.44
TAX934187,USR6879,SPT774849,2022-10-06,28238.25
TAX934188,USR3147,SPT911199,2022-05-24,40592.55
TAX934189,USR2706,SPT1680875,2023-05-18,24687.49
TAX934190,USR6551,SPT598999,2022-07-30,39597.77
TAX934191,USR3098,SPT530100,2022-11-08,18137.59
TAX934192,USR6299,SPT127076,2023-07-10,41963.56
TAX934193,USR5158,SPT1332087,2023-12-03,18076.64
TAX934194,USR9078,SPT398916,2023-09-14,31728.92
TAX934195,USR9840,SPT1534901,2022-07-24,8324.64
TAX934196,USR3885,SPT694373,2023-12-25,1582.02
TAX934197,USR8511,SPT1575732,2023-07-27,40259.22
TAX934198,USR6614,SPT1973332,2023-06-27,45906.47
TAX934199,USR3684,SPT172617,2022-06-15,48930.36
TAX934200,USR478,SPT1495283,2023-05-07,10757.16
TAX934201,USR4955,SPT1529928,2022-08-30,28736.21
TAX934202,USR2965,SPT651855,2023-02-09,26385.13
TAX934203,USR381,SPT1879351,2022-05-18,6227.75
TAX934204,USR6226,SPT1123928,2022-11-15,9018.04
TAX934205,USR9140,SPT118435,2022-10-31,46672.65
TAX934206,USR6830,SPT444980,2024-01-13,21991.93
TAX934207,USR6176,SPT971795,2022-08-25,24526.21
TAX934208,USR2306,SPT1430124,2023-01-08,25875.23
TAX934209,USR4029,SPT1467270,2022-02-24,25637.26
TAX934210,USR4782,SPT1761903,2022-02-09,42835.38
TAX934211,USR641,SPT1908624,2022-06-15,15593.27
TAX934212,USR3404,SPT121920,2022-03-18,38819.47
TAX934213,USR3565,SPT864487,2022-11-18,14537.12
TAX934214,USR8842,SPT257021,2023-12-31,33135.39
TAX934215,USR7163,SPT691990,2023-05-12,14511.52
TAX934216,USR3896,SPT1734549,2023-02-06,2225.58
TAX934217,USR1404,SPT1487541,2023-11-20,9747.38
TAX934218,USR6571,SPT681161,2022-11-18,42188.72
TAX934219,USR7116,SPT1810616,2023-04-20,36647.49
TAX934220,USR1293,SPT185895,2023-01-25,11288.3
TAX934221,USR1996,SPT191136,2022-07-09,11396.63
TAX934222,USR8481,SPT1833587,2022-03-04,4969.96
TAX934223,USR324,SPT1474133,2022-10-24,36055.87
TAX934224,USR3627,SPT1665259,2023-05-14,37945.68
TAX934225,USR359,SPT93171,2022-06-05,29432.9
TAX934226,USR6055,SPT1553698,2022-02-20,24933.5
TAX934227,USR9277,SPT437316,2023-10-11,30619.94
TAX934228,USR6850,SPT224672,2023-08-01,24100.7
TAX934229,USR2699,SPT424615,2024-02-06,26206.08
TAX934230,USR8244,SPT252761,2023-09-21,34581.75
TAX934231,USR6233,SPT433321,2022-11-24,6747.59
TAX934232,USR8418,SPT152378,2023-01-05,22077.54
TAX934233,USR2738,SPT1725308,2022-10-28,22177.28
TAX934234,USR6538,SPT1666310,2023-09-26,13307.55
TAX934235,USR4290,SPT1897166,2023-06-17,11575.83
TAX934236,USR9560,SPT1559621,2022-09-23,29716.78
TAX934237,USR4312,SPT1343850,2023-08-07,13025.68
TAX934238,USR5041,SPT893679,2023-11-20,30752.08
TAX934239,USR440,SPT1045576,2023-08-18,49532.82
TAX934240,USR2566,SPT30324,2022-07-05,37875.08
TAX934241,USR3170,SPT1409332,2023-08-18,7723.75
TAX934242,USR7341,SPT1852643,2023-09-30,14965.05
TAX934243,USR1760,SPT1650315,2023-10-21,6576.65
TAX934244,USR274,SPT1176793,2024-01-08,7297.24
TAX934245,USR8616,SPT1657235,2023-12-15,11210.4
TAX934246,USR2635,SPT1514632,2023-07-16,10991.93
TAX934247,USR9091,SPT643747,2022-08-01,29987.93
TAX934248,USR567,SPT518012,2024-01-13,28908.2
TAX934249,USR2303,SPT333172,2023-07-13,24976.06
TAX934250,USR5517,SPT1628676,2023-08-31,9070.03
TAX934251,USR2149,SPT1550654,2024-01-01,42868.36
TAX934252,USR5387,SPT155915,2022-07-25,35861.56
TAX934253,USR7666,SPT636081,2023-11-11,37506.94
TAX934254,USR9837,SPT1100393,2022-06-05,48917.4
TAX934255,USR7760,SPT306275,2023-08-08,16411.68
TAX934256,USR3963,SPT34272,2023-01-08,15229.33
TAX934257,USR4300,SPT474776,2022-04-18,46050.55
TAX934258,USR8220,SPT1081813,2024-01-11,29736.19
TAX934259,USR616,SPT497005,2024-01-18,26946.17
TAX934260,USR8481,SPT942005,2022-12-22,47891.79
TAX934261,USR123,SPT1871007,2023-03-08,19750.94
TAX934262,USR7351,SPT1721928,2023-09-26,28024.64
TAX934263,USR2561,SPT573111,2022-04-23,48694.29
TAX934264,USR3745,SPT546211,2022-08-01,1750.55
TAX934265,USR2285,SPT774475,2023-04-30,34886.15
TAX934266,USR894,SPT1291776,2022-12-14,47975.96
TAX934267,USR3907,SPT1059914,2024-01-21,34608.9
TAX934268,USR3103,SPT654347,2023-05-16,16802.29
TAX934269,USR3020,SPT1014778,2022-10-19,4700.61
TAX934270,USR771,SPT955864,2022-02-28,9129.89
TAX934271,USR4459,SPT1069583,2022-11-15,33007.04
TAX934272,USR3592,SPT1169958,2023-12-11,1790.58
TAX934273,USR9072,SPT921879,2023-01-08,46817.93
TAX934274,USR9871,SPT1149321,2022-07-11,36613.15
TAX934275,USR3637,SPT276327,2023-05-14,28758.66
TAX934276,USR3413,SPT1120295,2022-04-08,9193.48
TAX934277,USR4829,SPT1282585,2022-04-05,46014.84
TAX934278,USR7625,SPT1773063,2022-05-10,24036.33
TAX934279,USR5102,SPT977393,2022-02-27,22255.17
TAX934280,USR777,SPT594826,2023-12-20,44758.44
TAX934281,USR7286,SPT1953808,2022-11-28,5906.01
TAX934282,USR5136,SPT1516222,2022-08-18,43361.18
TAX934283,USR9221,SPT640709,2022-04-28,5783.66
TAX934284,USR6875,SPT1663387,2023-07-16,30738.3
TAX934285,USR5578,SPT1286092,2022-08-31,45002.27
TAX934286,USR5459,SPT1796658,2022-12-18,27700.37
TAX934287,USR6757,SPT722606,2023-11-04,22375.47
TAX934288,USR4176,SPT601624,2023-09-21,21407.17
TAX934289,USR7684,SPT1407992,2022-06-29,41820.58
TAX934290,USR1624,SPT1633616,2022-06-04,36665.86
TAX934291,USR1329,SPT783348,2023-03-25,19252.55
TAX934292,USR7359,SPT1606217,2022-08-11,18738.07
TAX934293,USR1149,SPT1331345,2023-03-10,36244.49
TAX934294,USR603,SPT851753,2023-10-28,38449.88
TAX934295,USR6265,SPT647629,2023-07-29,1187.01
TAX934296,USR3359,SPT1652996,2022-08-15,31763.35
TAX934297,USR6046,SPT1522576,2022-12-03,44570.73
TAX934298,USR3703,SPT1505021,2022-03-27,32917.05
TAX934299,USR3200,SPT1187380,2022-10-17,5321.55
TAX934300,USR2816,SPT185946,2023-10-24,35927.69
TAX934301,USR9532,SPT1220623,2023-07-04,44757.05
TAX934302,USR261,SPT372169,2023-02-12,37712.37
TAX934303,USR8675,SPT497094,2022-04-05,29134.52
TAX934304,USR2203,SPT719868,2023-03-31,27846.56
TAX934305,USR7482,SPT809240,2022-08-06,43267.77
TAX934306,USR2612,SPT835767,2023-04-08,43463.7
TAX934307,USR2922,SPT298186,2022-04-23,45663.47
TAX934308,USR7481,SPT772375,2022-10-21,1361.89
TAX934309,USR5092,SPT38388,2023-09-09,21291.88
TAX934310,USR5086,SPT594559,2022-09-06,33730.52
TAX934311,USR2155,SPT248611,2022-04-04,39333.53
TAX934312,USR7916,SPT879576,2022-04-05,41697.39
TAX934313,USR1852,SPT878218,2022-12-10,40030.26
TAX934314,USR9809,SPT226791,2023-03-07,3999.21
TAX934315,USR7000,SPT521222,2022-09-12,21854.39
TAX934316,USR710,SPT833835,2023-10-25,36856.28
TAX934317,USR8333,SPT1926967,2023-01-01,38872.09
TAX934318,USR6114,SPT1588116,2022-06-06,26499.03
TAX934319,USR4872,SPT915748,2023-01-29,44832.73
TAX934320,USR4721,SPT257691,2023-07-22,8212.68
TAX934321,USR703,SPT1615681,2023-03-21,34713.82
TAX934322,USR7841,SPT648615,2023-12-25,45781.4
TAX934323,USR3481,SPT1655514,2023-12-11,43482.65
TAX934324,USR7690,SPT1045292,2022-06-25,4005.25
TAX934325,USR9685,SPT750587,2022-08-10,18109.3
TAX934326,USR1798,SPT476160,2023-09-13,8651.06
TAX934327,USR5205,SPT1744112,2023-12-07,23440.48
TAX934328,USR9250,SPT1127193,2023-01-18,5383.02
TAX934329,USR3470,SPT1542117,2023-02-07,34908.69
TAX934330,USR3755,SPT424789,2022-05-07,14036.8
TAX934331,USR5590,SPT1271664,2023-01-08,15971.65
TAX934332,USR1907,SPT735862,2023-09-05,7780.22
TAX934333,USR2397,SPT190617,2023-05-11,19412.59
TAX934334,USR4324,SPT1232318,2023-10-31,39163.86
TAX934335,USR8822,SPT153463,2023-06-09,28096.48
TAX934336,USR6306,SPT1552148,2023-06-13,42812.18
TAX934337,USR5834,SPT346601,2023-01-26,13760.0
TAX934338,USR3468,SPT1368725,2022-10-10,45941.93
TAX934339,USR4931,SPT1368923,2022-05-15,47565.42
TAX934340,USR3246,SPT734592,2023-06-13,21498.51
TAX934341,USR7048,SPT1754456,2024-01-17,26050.32
TAX934342,USR8248,SPT332731,2022-05-07,38139.86
TAX934343,USR4476,SPT1300042,2022-04-06,38204.67
TAX934344,USR6921,SPT1862471,2023-08-13,28307.04
TAX934345,USR3694,SPT1533545,2023-06-06,45994.54
TAX934346,USR5636,SPT1534205,2022-03-14,2330.79
TAX934347,USR6457,SPT628229,2022-05-31,2929.9
TAX934348,USR5116,SPT299182,2023-01-02,4039.68
TAX934349,USR493,SPT1524306,2023-06-30,30725.59
TAX934350,USR4323,SPT1281477,2023-01-26,24434.49
TAX934351,USR1390,SPT988075,2023-09-07,32075.64
TAX934352,USR1455,SPT294013,2022-11-04,23327.88
TAX934353,USR1715,SPT520516,2023-02-19,38519.08
TAX934354,USR7946,SPT341435,2023-12-09,30521.5
TAX934355,USR7429,SPT358637,2023-09-05,20210.64
TAX934356,USR4607,SPT1019024,2022-02-12,45941.24
TAX934357,USR1359,SPT157428,2022-06-01,37502.73
TAX934358,USR5341,SPT1380427,2023-02-17,46214.23
TAX934359,USR2393,SPT1030862,2022-09-20,25829.35
TAX934360,USR8643,SPT1059229,2022-07-29,29560.01
TAX934361,USR9249,SPT1748382,2023-11-29,39605.36
TAX934362,USR9937,SPT1646964,2022-08-06,47735.22
TAX934363,USR9446,SPT587612,2022-09-07,40496.5
TAX934364,USR4888,SPT143423,2023-07-30,11957.22
TAX934365,USR7427,SPT612713,2023-02-10,8412.86
TAX934366,USR1683,SPT569660,2023-03-24,2421.03
TAX934367,USR2281,SPT556640,2022-03-05,7709.2
TAX934368,USR559,SPT3887,2022-03-06,35985.45
TAX934369,USR3163,SPT1150196,2022-10-31,45053.34
TAX934370,USR3173,SPT1354100,2022-09-06,22785.9
TAX934371,USR7846,SPT935408,2022-08-30,26157.47
TAX934372,USR951,SPT1328512,2022-10-03,1350.26
TAX934373,USR1164,SPT204942,2023-05-15,13293.91
TAX934374,USR2171,SPT111549,2023-02-20,23847.7
TAX934375,USR8972,SPT250280,2022-09-07,36572.9
TAX934376,USR5441,SPT24614,2023-04-07,29796.16
TAX934377,USR9333,SPT508495,2022-02-27,38750.87
TAX934378,USR2707,SPT63555,2022-05-14,17075.22
TAX934379,USR3947,SPT657459,2023-11-07,12910.7
TAX934380,USR8272,SPT1901692,2022-06-18,13089.05
TAX934381,USR5160,SPT701958,2023-04-06,35383.38
TAX934382,USR8458,SPT1603357,2022-04-05,28459.65
TAX934383,USR4227,SPT508716,2022-04-28,20953.72
TAX934384,USR6325,SPT1474861,2023-08-13,26188.81
TAX934385,USR9133,SPT1086073,2024-01-11,35646.05
TAX934386,USR2506,SPT1873446,2023-09-13,5992.28
TAX934387,USR2348,SPT1330112,2022-12-07,18485.2
TAX934388,USR9440,SPT1196037,2022-08-03,31753.58
TAX934389,USR7348,SPT1487991,2022-06-28,44914.5
TAX934390,USR1977,SPT264544,2023-03-30,10524.53
TAX934391,USR41,SPT1290940,2022-10-15,27091.72
TAX934392,USR8458,SPT603943,2022-05-28,1987.76
TAX934393,USR6077,SPT1421446,2022-06-29,1182.41
TAX934394,USR6470,SPT601995,2023-07-29,48769.07
TAX934395,USR7654,SPT1899952,2023-02-17,38876.54
TAX934396,USR4554,SPT1660777,2023-06-02,20660.4
TAX934397,USR5308,SPT1684317,2022-05-31,49137.23
TAX934398,USR3648,SPT742064,2023-04-11,23608.97
TAX934399,USR4431,SPT674206,2023-03-16,1137.93
TAX934400,USR2262,SPT1431056,2023-05-21,32847.01
TAX934401,USR5569,SPT529434,2023-07-12,37081.21
TAX934402,USR3916,SPT1352708,2023-04-20,43142.49
TAX934403,USR8069,SPT1875847,2023-03-09,22576.82
TAX934404,USR5696,SPT556913,2022-12-22,45553.75
TAX934405,USR1448,SPT1685129,2022-05-30,45433.89
TAX934406,USR5878,SPT1674379,2022-04-06,35675.56
TAX934407,USR4054,SPT417788,2023-03-29,21375.56
TAX934408,USR7422,SPT1978010,2022-11-22,25145.62
TAX934409,USR2221,SPT365775,2022-08-01,29299.11
TAX934410,USR2020,SPT299437,2024-01-24,47423.23
TAX934411,USR3057,SPT857796,2023-05-27,46159.97
TAX934412,USR1901,SPT1134625,2022-08-25,3542.53
TAX934413,USR812,SPT1285610,2022-05-02,19710.74
TAX934414,USR6859,SPT1327243,2023-04-13,4327.52
TAX934415,USR9317,SPT1695125,2023-12-31,32060.59
TAX934416,USR6444,SPT1612463,2024-02-09,41516.68
TAX934417,USR4307,SPT1666966,2024-02-09,22486.93
TAX934418,USR2386,SPT1926459,2022-09-27,16542.34
TAX934419,USR8342,SPT126753,2022-12-07,5491.91
TAX934420,USR6055,SPT552999,2023-03-22,44769.21
TAX934421,USR7560,SPT1032382,2022-06-23,26446.83
TAX934422,USR6425,SPT1843766,2023-08-20,40122.28
TAX934423,USR214,SPT1744788,2023-04-03,12127.69
TAX934424,USR2019,SPT1047005,2023-11-27,22112.96
TAX934425,USR5471,SPT413379,2022-03-26,49018.49
TAX934426,USR144,SPT814521,2022-11-09,2714.82
TAX934427,USR8536,SPT1183456,2022-09-23,12328.93
TAX934428,USR242,SPT282962,2023-07-05,35065.71
TAX934429,USR5761,SPT993955,2022-06-03,44439.9
TAX934430,USR9401,SPT622357,2023-10-03,27844.34
TAX934431,USR6887,SPT1466241,2022-02-22,36081.31
TAX934432,USR7571,SPT1500309,2023-03-06,16130.97
TAX934433,USR4007,SPT1878624,2023-02-16,5696.19
TAX934434,USR626,SPT1810789,2023-08-20,11135.25
TAX934435,USR4065,SPT154487,2022-12-20,13480.48
TAX934436,USR9614,SPT913790,2022-08-15,41840.91
TAX934437,USR1523,SPT871768,2023-12-29,39731.18
TAX934438,USR9094,SPT402352,2023-06-06,4693.81
TAX934439,USR4450,SPT1672834,2022-04-04,2563.16
TAX934440,USR8928,SPT202157,2023-09-02,47402.61
TAX934441,USR4426,SPT178909,2023-05-29,32667.13
TAX934442,USR8553,SPT973425,2023-02-27,39094.78
TAX934443,USR2089,SPT711919,2022-08-05,2305.83
TAX934444,USR1895,SPT846772,2022-11-22,33065.41
TAX934445,USR8317,SPT977269,2022-09-23,1046.7
TAX934446,USR5197,SPT213845,2023-09-22,42141.8
TAX934447,USR7808,SPT1641399,2023-05-05,33214.82
TAX934448,USR5476,SPT1758587,2023-07-12,1140.35
TAX934449,USR1455,SPT1746228,2023-06-21,49325.8
TAX934450,USR898,SPT1714733,2023-11-20,46236.57
TAX934451,USR1108,SPT240611,2022-06-20,37207.29
TAX934452,USR8871,SPT1536512,2024-01-21,35472.61
TAX934453,USR6478,SPT1434551,2024-01-11,9768.47
TAX934454,USR9770,SPT198585,2024-01-19,14480.21
TAX934455,USR5942,SPT210614,2023-06-22,22671.61
TAX934456,USR3888,SPT1733433,2022-07-25,40093.62
TAX934457,USR6401,SPT1407199,2022-10-14,11593.34
TAX934458,USR7457,SPT1035687,2022-10-08,17317.84
TAX934459,USR968,SPT1718040,2022-05-31,27672.33
TAX934460,USR6188,SPT807969,2022-10-31,44488.11
TAX934461,USR3502,SPT494368,2023-07-11,38034.2
TAX934462,USR5795,SPT1451055,2022-04-11,3557.48
TAX934463,USR3722,SPT1314628,2023-09-16,13215.94
TAX934464,USR4883,SPT1648539,2022-04-14,31831.06
TAX934465,USR260,SPT1871592,2023-02-16,47063.97
TAX934466,USR2329,SPT1264452,2023-10-28,45177.02
TAX934467,USR5366,SPT1303469,2022-09-16,45098.57
TAX934468,USR1943,SPT557189,2022-11-17,42093.44
TAX934469,USR43,SPT1625408,2023-06-25,33173.52
TAX934470,USR2209,SPT191582,2022-11-23,19845.45
TAX934471,USR7260,SPT709415,2022-02-15,16727.27
TAX934472,USR1400,SPT860713,2022-06-14,32819.03
TAX934473,USR1176,SPT42616,2022-05-08,33818.83
TAX934474,USR7279,SPT214484,2023-10-06,38546.95
TAX934475,USR9827,SPT1447213,2022-07-24,6602.12
TAX934476,USR150,SPT1199753,2022-03-28,45506.03
TAX934477,USR6756,SPT272705,2022-06-03,48804.2
TAX934478,USR8370,SPT8267,2023-03-13,33316.38
TAX934479,USR5934,SPT1999570,2022-10-02,24632.2
TAX934480,USR1411,SPT435503,2022-02-12,14572.49
TAX934481,USR1959,SPT981903,2022-09-13,41227.6
TAX934482,USR3730,SPT1691002,2023-06-03,24536.78
TAX934483,USR4721,SPT1063231,2022-04-23,41967.85
TAX934484,USR8621,SPT461444,2023-04-15,20515.97
TAX934485,USR3347,SPT322116,2023-04-16,29116.75
TAX934486,USR9901,SPT1853073,2023-01-15,29597.74
TAX934487,USR6024,SPT1276439,2023-06-14,20864.98
TAX934488,USR612,SPT314164,2023-04-28,15604.63
TAX934489,USR5512,SPT1627600,2023-02-08,21549.59
TAX934490,USR7930,SPT1303341,2023-12-13,7690.35
TAX934491,USR8685,SPT126933,2022-05-08,45709.18
TAX934492,USR9460,SPT1163225,2022-05-27,39112.14
TAX934493,USR1666,SPT1532386,2023-01-05,46681.95
TAX934494,USR8613,SPT243496,2023-08-04,41708.3
TAX934495,USR8098,SPT777634,2022-02-09,28250.31
TAX934496,USR1018,SPT108965,2022-05-02,4970.78
TAX934497,USR5182,SPT1375331,2023-11-25,14874.98
TAX934498,USR5323,SPT1007729,2024-02-08,27173.28
TAX934499,USR6093,SPT467032,2023-10-12,30830.69
TAX934500,USR558,SPT1086155,2023-11-30,40213.62
TAX934501,USR1030,SPT1129385,2023-08-18,20556.42
TAX934502,USR5577,SPT1200571,2023-10-31,13586.02
TAX934503,USR4075,SPT988406,2023-11-29,24354.69
TAX934504,USR9791,SPT1740552,2023-06-06,29753.47
TAX934505,USR3843,SPT1624709,2022-06-24,12046.17
TAX934506,USR6396,SPT676997,2022-06-21,8296.91
TAX934507,USR2090,SPT1648923,2023-12-18,27981.33
TAX934508,USR2439,SPT389948,2022-12-23,17393.82
TAX934509,USR5501,SPT1126819,2022-12-07,15919.11
TAX934510,USR6302,SPT593846,2023-02-28,45022.89
TAX934511,USR7373,SPT1792751,2023-05-23,31725.06
TAX934512,USR5675,SPT6222,2022-08-02,14280.52
TAX934513,USR7906,SPT717200,2022-02-13,9271.15
TAX934514,USR1091,SPT130701,2022-03-17,31260.21
TAX934515,USR2116,SPT1014419,2023-03-30,38156.15
TAX934516,USR2391,SPT1008539,2023-08-08,35412.33
TAX934517,USR1841,SPT158851,2023-01-24,7690.63
TAX934518,USR5711,SPT908750,2023-07-15,14844.39
TAX934519,USR3181,SPT266472,2023-07-01,12196.9
TAX934520,USR318,SPT633574,2023-12-03,15871.82
TAX934521,USR8579,SPT1474080,2022-05-20,15984.97
TAX934522,USR5796,SPT1576857,2023-03-30,17585.62
TAX934523,USR6303,SPT1156319,2023-05-15,47198.1
TAX934524,USR8532,SPT1778102,2023-10-30,33476.2
TAX934525,USR849,SPT365155,2024-02-08,41960.14
TAX934526,USR1182,SPT12202,2024-01-30,46602.43
TAX934527,USR9680,SPT720205,2022-04-17,30188.02
TAX934528,USR2778,SPT640671,2022-06-23,41196.18
TAX934529,USR7213,SPT707832,2022-10-26,46012.32
TAX934530,USR595,SPT912820,2023-01-23,20012.65
TAX934531,USR7771,SPT1144369,2023-11-12,19323.99
TAX934532,USR2357,SPT1351223,2023-02-25,46803.88
TAX934533,USR6218,SPT1566617,2023-04-21,38200.48
TAX934534,USR5988,SPT739593,2022-11-01,30113.53
TAX934535,USR4246,SPT1598612,2023-08-19,25396.41
TAX934536,USR494,SPT464550,2022-08-24,49588.95
TAX934537,USR9241,SPT1487830,2023-08-29,4781.21
TAX934538,USR836,SPT1714301,2023-09-24,8250.83
TAX934539,USR6350,SPT53778,2022-04-16,24089.66
TAX934540,USR9701,SPT213654,2023-04-08,49902.73
TAX934541,USR1081,SPT1924634,2023-11-09,35192.57
TAX934542,USR2268,SPT1322131,2024-01-20,28323.6
TAX934543,USR6261,SPT739144,2023-08-05,13378.22
TAX934544,USR256,SPT200169,2023-05-11,39311.22
TAX934545,USR3707,SPT225724,2024-01-19,13659.41
TAX934546,USR7289,SPT1493007,2022-10-27,45505.1
TAX934547,USR9271,SPT1889849,2023-08-05,37251.37
TAX934548,USR1277,SPT758175,2023-09-18,12251.37
TAX934549,USR128,SPT530779,2023-04-20,5448.54
TAX934550,USR7828,SPT122340,2022-05-08,27870.93
TAX934551,USR1984,SPT1859898,2023-07-05,4062.47
TAX934552,USR4731,SPT473510,2022-09-22,41021.14
TAX934553,USR1426,SPT66145,2022-02-13,15450.14
TAX934554,USR9910,SPT1669182,2023-05-16,46679.17
TAX934555,USR9005,SPT1546915,2023-03-12,19897.72
TAX934556,USR6350,SPT587704,2022-04-12,20097.55
TAX934557,USR7699,SPT1668580,2022-12-20,20754.86
TAX934558,USR1533,SPT917559,2023-02-07,18321.37
TAX934559,USR7331,SPT348796,2023-02-10,35819.52
TAX934560,USR6250,SPT1626588,2024-01-13,31581.66
TAX934561,USR9553,SPT1818381,2023-04-16,7634.78
TAX934562,USR4009,SPT1104283,2022-05-13,34545.58
TAX934563,USR652,SPT136479,2023-03-21,21974.87
TAX934564,USR3353,SPT881944,2023-11-03,29906.09
TAX934565,USR3828,SPT1014338,2024-02-04,37772.69
TAX934566,USR9658,SPT1826489,2023-04-17,10388.91
TAX934567,USR8853,SPT1279976,2022-03-17,16107.85
TAX934568,USR44,SPT512460,2023-12-09,31725.83
TAX934569,USR8371,SPT113344,2022-04-10,17400.13
TAX934570,USR966,SPT565204,2022-02-12,46771.91
TAX934571,USR3435,SPT1697676,2023-05-19,38449.03
TAX934572,USR2416,SPT1246018,2023-10-16,36702.52
TAX934573,USR3083,SPT1108188,2023-11-27,42531.76
TAX934574,USR2974,SPT1312596,2022-09-08,3757.27
TAX934575,USR1289,SPT1607043,2023-06-14,8890.05
TAX934576,USR8581,SPT300799,2022-11-28,30447.87
TAX934577,USR5744,SPT831710,2023-08-31,37658.53
TAX934578,USR2677,SPT1947565,2022-08-09,38226.13
TAX934579,USR9371,SPT1671358,2022-04-18,7521.03
TAX934580,USR8214,SPT611521,2023-07-12,5584.95
TAX934581,USR968,SPT1132335,2023-12-04,46178.22
TAX934582,USR8250,SPT1661473,2022-07-16,48537.15
TAX934583,USR8741,SPT1966324,2023-07-19,16528.78
TAX934584,USR6630,SPT385598,2023-01-13,42067.45
TAX934585,USR1722,SPT1131947,2022-04-23,1306.4
TAX934586,USR5507,SPT504977,2022-06-18,43255.55
TAX934587,USR7488,SPT612612,2023-03-26,37664.8
TAX934588,USR8486,SPT453417,2023-01-03,14027.06
TAX934589,USR5546,SPT1269559,2022-11-11,15721.17
TAX934590,USR5943,SPT58865,2022-08-25,1696.85
TAX934591,USR6466,SPT1975564,2022-07-24,35395.08
TAX934592,USR3454,SPT1375384,2022-10-07,23433.5
TAX934593,USR1979,SPT405148,2023-01-13,24660.79
TAX934594,USR3603,SPT304420,2023-06-07,1836.3
TAX934595,USR4062,SPT1386733,2022-09-16,14004.25
TAX934596,USR4511,SPT1992512,2022-06-02,5151.17
TAX934597,USR3529,SPT1567641,2023-06-22,35091.73
TAX934598,USR4955,SPT1234042,2023-08-26,10035.98
TAX934599,USR3102,SPT626531,2023-10-30,19441.05
TAX934600,USR817,SPT48296,2023-11-20,17247.36
TAX934601,USR872,SPT1051269,2022-10-25,44846.51
TAX934602,USR3168,SPT1103360,2022-04-30,16431.0
TAX934603,USR6557,SPT753221,2022-10-26,8997.22
TAX934604,USR1946,SPT1448986,2023-02-06,30650.78
TAX934605,USR5228,SPT407593,2022-09-29,28510.8
TAX934606,USR4510,SPT727459,2022-02-10,46339.63
TAX934607,USR5567,SPT1020927,2023-07-10,47479.9
TAX934608,USR6704,SPT1285843,2023-07-11,44638.78
TAX934609,USR5125,SPT756512,2022-09-24,41100.47
TAX934610,USR9799,SPT1115849,2023-01-12,10177.16
TAX934611,USR9616,SPT923835,2023-08-12,20014.49
TAX934612,USR9796,SPT1804542,2022-12-03,36899.9
TAX934613,USR372,SPT1685244,2023-04-10,26628.73
TAX934614,USR1546,SPT282899,2022-04-21,32910.07
TAX934615,USR4495,SPT323915,2023-08-13,48228.66
TAX934616,USR2232,SPT1743575,2023-05-02,17156.31
TAX934617,USR2793,SPT882514,2022-12-04,14122.03
TAX934618,USR195,SPT207061,2022-12-07,22588.09
TAX934619,USR1375,SPT1313748,2023-11-25,20326.74
TAX934620,USR7768,SPT1338465,2022-02-22,6307.31
TAX934621,USR3548,SPT1671140,2022-09-21,38050.84
TAX934622,USR5642,SPT1018379,2022-06-16,37114.74
TAX934623,USR4407,SPT668413,2023-06-25,38833.63
TAX934624,USR6625,SPT556871,2023-05-08,13550.19
TAX934625,USR5235,SPT1113300,2023-04-15,10929.14
TAX934626,USR496,SPT993903,2023-09-01,30018.83
TAX934627,USR9642,SPT1389841,2022-06-06,26745.85
TAX934628,USR4115,SPT1991756,2022-04-02,10215.62
TAX934629,USR3226,SPT75959,2023-07-31,39791.73
TAX934630,USR1589,SPT1537407,2023-11-09,22183.7
TAX934631,USR1521,SPT399176,2023-02-07,29122.57
TAX934632,USR425,SPT1768116,2022-07-11,45542.14
TAX934633,USR6379,SPT1966189,2023-03-07,36049.07
TAX934634,USR5469,SPT1932005,2022-10-29,9026.62
TAX934635,USR1043,SPT535352,2023-06-06,6603.38
TAX934636,USR7172,SPT313866,2024-01-28,9095.09
TAX934637,USR5176,SPT1652572,2023-01-04,36339.13
TAX934638,USR7139,SPT434167,2022-05-11,17205.92
TAX934639,USR8527,SPT801561,2022-06-18,14509.37
TAX934640,USR6811,SPT1639232,2023-04-11,3601.28
TAX934641,USR779,SPT1112938,2024-02-09,14830.85
TAX934642,USR2476,SPT422536,2022-12-20,46584.71
TAX934643,USR4364,SPT560825,2022-12-09,10597.62
TAX934644,USR3665,SPT1445124,2023-12-14,14789.43
TAX934645,USR7547,SPT1326377,2023-10-10,34649.14
TAX934646,USR5838,SPT920031,2022-05-23,15848.47
TAX934647,USR6455,SPT980150,2022-03-16,10581.12
TAX934648,USR8854,SPT991239,2023-01-26,20619.46
TAX934649,USR1597,SPT296736,2023-02-09,9570.58
TAX934650,USR9125,SPT1923848,2022-06-05,34052.34
TAX934651,USR104,SPT986422,2023-03-20,39319.12
TAX934652,USR3914,SPT1857122,2023-05-15,11470.2
TAX934653,USR6299,SPT1018809,2022-09-27,3208.39
TAX934654,USR1737,SPT411172,2023-11-07,30804.44
TAX934655,USR7484,SPT108892,2022-07-12,30584.72
TAX934656,USR6966,SPT80874,2023-10-17,29368.58
TAX934657,USR3996,SPT1704804,2023-07-05,11521.32
TAX934658,USR8879,SPT1786958,2022-12-16,13609.9
TAX934659,USR6115,SPT1446409,2022-12-14,6130.76
TAX934660,USR4747,SPT1929795,2023-02-04,21642.48
TAX934661,USR4636,SPT997602,2022-05-20,49419.49
TAX934662,USR9378,SPT445952,2022-02-20,8039.26
TAX934663,USR5763,SPT752449,2023-10-30,37958.03
TAX934664,USR3590,SPT1886403,2022-10-09,43091.25
TAX934665,USR4546,SPT268706,2022-08-27,4091.5
TAX934666,USR6202,SPT930071,2022-08-27,3857.19
TAX934667,USR629,SPT1865169,2023-02-27,49130.64
TAX934668,USR4908,SPT630632,2022-10-31,2699.3
TAX934669,USR883,SPT341362,2023-12-17,9665.98
TAX934670,USR2331,SPT1692727,2023-07-30,3498.52
TAX934671,USR8856,SPT462674,2022-10-26,2113.54
TAX934672,USR4050,SPT1920478,2022-08-18,32185.84
TAX934673,USR9270,SPT434497,2023-11-30,32733.99
TAX934674,USR3425,SPT422506,2024-01-29,40252.12
TAX934675,USR1961,SPT1730699,2022-08-07,27704.88
TAX934676,USR7249,SPT1541512,2023-11-28,37430.93
TAX934677,USR1802,SPT383566,2023-04-26,5192.72
TAX934678,USR840,SPT282922,2022-10-12,6486.16
TAX934679,USR9883,SPT1074377,2023-06-16,39189.66
TAX934680,USR2630,SPT1671412,2022-05-03,14987.67
TAX934681,USR2774,SPT1207898,2023-03-12,33046.36
TAX934682,USR1800,SPT1257418,2023-04-29,15625.62
TAX934683,USR1757,SPT1335267,2023-09-03,2353.99
TAX934684,USR1434,SPT486707,2023-11-06,23286.35
TAX934685,USR873,SPT256308,2022-10-03,35618.72
TAX934686,USR3118,SPT1929465,2022-12-02,29861.37
TAX934687,USR2212,SPT942495,2024-01-12,22861.06
TAX934688,USR9975,SPT1160277,2023-08-09,36300.5
TAX934689,USR156,SPT493730,2023-10-14,28972.65
TAX934690,USR2102,SPT1755063,2022-09-03,38434.55
TAX934691,USR9658,SPT1872768,2022-08-18,36633.6
TAX934692,USR868,SPT1964403,2022-12-12,20517.61
TAX934693,USR7152,SPT844646,2022-10-31,40034.25
TAX934694,USR5093,SPT1460370,2022-10-10,24947.91
TAX934695,USR5076,SPT1437595,2022-08-01,1046.25
TAX934696,USR4629,SPT1017733,2022-04-16,13572.7
TAX934697,USR6884,SPT1361536,2022-07-02,44708.95
TAX934698,USR8192,SPT1779002,2022-05-28,23401.93
TAX934699,USR4355,SPT1638617,2023-11-25,36080.43
TAX934700,USR4001,SPT1561472,2022-10-18,39736.03
TAX934701,USR7298,SPT1123798,2022-06-24,24127.89
TAX934702,USR8614,SPT1335364,2023-05-27,36118.56
TAX934703,USR7059,SPT1875154,2024-01-18,34013.81
TAX934704,USR7080,SPT1271689,2022-10-27,5346.13
TAX934705,USR374,SPT1998761,2022-05-16,40697.35
TAX934706,USR8263,SPT918592,2022-07-24,15233.35
TAX934707,USR6918,SPT134248,2022-02-27,11349.94
TAX934708,USR2525,SPT1655677,2023-04-25,7020.64
TAX934709,USR555,SPT1900180,2023-11-29,33743.69
TAX934710,USR9832,SPT686001,2023-01-01,2047.26
TAX934711,USR6962,SPT411857,2023-11-21,1938.09
TAX934712,USR8668,SPT1956291,2022-02-12,29676.46
TAX934713,USR1670,SPT686225,2022-12-08,29565.47
TAX934714,USR6633,SPT132176,2023-04-17,14378.03
TAX934715,USR8487,SPT1946711,2023-02-12,3968.35
TAX934716,USR382,SPT833592,2022-03-12,6623.7
TAX934717,USR6509,SPT1548970,2022-09-13,15193.37
TAX934718,USR4311,SPT1708160,2022-10-14,15082.01
TAX934719,USR3165,SPT1078436,2022-05-26,32578.47
TAX934720,USR9484,SPT1670182,2023-02-17,2984.8
TAX934721,USR7275,SPT1079143,2023-09-27,39707.53
TAX934722,USR2390,SPT470733,2022-06-04,23200.47
TAX934723,USR6667,SPT845982,2022-05-06,48065.87
TAX934724,USR5288,SPT1520307,2023-12-31,5140.71
TAX934725,USR8704,SPT1687653,2023-11-19,21787.25
TAX934726,USR2598,SPT885241,2023-05-30,40237.07
TAX934727,USR6008,SPT188882,2023-01-27,43326.81
TAX934728,USR6800,SPT1411396,2023-04-10,10296.63
TAX934729,USR3978,SPT629675,2022-07-26,27932.94
TAX934730,USR5880,SPT910646,2022-03-08,9206.48
TAX934731,USR9348,SPT575804,2023-07-27,47504.05
TAX934732,USR7695,SPT1909874,2022-09-10,14847.45
TAX934733,USR3937,SPT246152,2024-01-03,15989.01
TAX934734,USR1710,SPT1254944,2023-10-14,4653.66
TAX934735,USR1804,SPT1037158,2022-03-11,19976.21
TAX934736,USR5834,SPT1912070,2022-05-16,37153.64
TAX934737,USR6889,SPT1369730,2023-04-22,36772.36
TAX934738,USR8738,SPT1746441,2023-11-13,12781.93
TAX934739,USR2664,SPT32708,2023-07-16,43737.69
TAX934740,USR7973,SPT997050,2024-02-05,49982.06
TAX934741,USR6088,SPT761794,2022-10-17,25934.89
TAX934742,USR6014,SPT563065,2023-08-27,5284.74
TAX934743,USR5499,SPT770352,2022-04-12,10060.72
TAX934744,USR7088,SPT1509850,2023-09-29,14250.57
TAX934745,USR325,SPT1035331,2023-09-17,34669.03
TAX934746,USR7958,SPT316701,2022-10-30,1303.85
TAX934747,USR4196,SPT407492,2023-05-01,21025.68
TAX934748,USR1206,SPT1776564,2023-04-27,39833.67
TAX934749,USR8196,SPT1601229,2024-02-08,17957.58
TAX934750,USR6099,SPT783321,2023-12-20,13279.69
TAX934751,USR7772,SPT479355,2023-12-26,46308.48
TAX934752,USR7295,SPT1271618,2022-12-24,14923.54
TAX934753,USR2927,SPT204499,2023-03-03,16805.75
TAX934754,USR978,SPT1983542,2023-07-23,29254.35
TAX934755,USR5647,SPT904178,2022-12-11,28379.92
TAX934756,USR5445,SPT613058,2022-12-05,2653.25
TAX934757,USR1219,SPT1708780,2022-03-23,1327.87
TAX934758,USR3822,SPT434927,2023-07-03,14833.32
TAX934759,USR6655,SPT970449,2022-06-21,24673.38
TAX934760,USR8118,SPT1248560,2023-08-26,34625.73
TAX934761,USR3774,SPT1964055,2023-10-12,39683.06
TAX934762,USR7217,SPT28051,2022-12-15,14491.27
TAX934763,USR3856,SPT1773899,2023-01-22,32844.29
TAX934764,USR9715,SPT1488908,2023-01-01,20800.4
TAX934765,USR1306,SPT528226,2023-01-13,8730.5
TAX934766,USR8681,SPT1000814,2023-01-24,14579.63
TAX934767,USR3377,SPT240031,2023-02-26,39534.85
TAX934768,USR1087,SPT850574,2022-07-23,29079.75
TAX934769,USR186,SPT954090,2023-08-25,1122.66
TAX934770,USR6984,SPT1718492,2023-08-04,47116.63
TAX934771,USR572,SPT840038,2022-07-27,31102.06
TAX934772,USR2091,SPT506152,2023-04-30,1008.15
TAX934773,USR3016,SPT954221,2023-10-09,41575.45
TAX934774,USR3642,SPT1707841,2023-02-24,48632.54
TAX934775,USR5492,SPT477955,2023-09-27,44484.01
TAX934776,USR5909,SPT55557,2023-11-18,22226.41
TAX934777,USR5734,SPT399599,2023-11-01,2996.82
TAX934778,USR5993,SPT424479,2023-12-31,42531.06
TAX934779,USR9686,SPT80637,2022-11-06,38279.87
TAX934780,USR2214,SPT1085428,2023-06-29,33598.85
TAX934781,USR5327,SPT1218074,2022-05-23,38422.58
TAX934782,USR2136,SPT1830266,2023-05-22,29363.91
TAX934783,USR9036,SPT171248,2023-07-21,23932.27
TAX934784,USR5917,SPT1037709,2022-09-12,31594.87
TAX934785,USR4914,SPT1581258,2023-11-19,47075.75
TAX934786,USR4244,SPT1328144,2023-05-14,9636.98
TAX934787,USR9197,SPT1708665,2023-08-27,3666.06
TAX934788,USR6181,SPT431194,2023-12-19,36966.79
TAX934789,USR1628,SPT896977,2022-12-06,28230.17
TAX934790,USR3109,SPT1508181,2022-06-07,24145.73
TAX934791,USR1795,SPT1386027,2022-10-13,40880.77
TAX934792,USR3875,SPT1281136,2022-11-06,27354.29
TAX934793,USR3257,SPT722928,2023-12-31,2188.77
TAX934794,USR8110,SPT259524,2023-04-16,9466.07
TAX934795,USR5537,SPT1291167,2022-04-02,13004.58
TAX934796,USR3047,SPT1310732,2022-03-31,26133.69
TAX934797,USR3029,SPT89955,2022-12-12,41856.09
TAX934798,USR8821,SPT672221,2023-10-12,35113.05
TAX934799,USR288,SPT225141,2023-02-09,49587.71
TAX934800,USR1649,SPT408211,2022-06-09,12442.89
TAX934801,USR5946,SPT1163183,2022-10-21,23778.52
TAX934802,USR3417,SPT1578274,2023-05-27,49127.09
TAX934803,USR1252,SPT1514053,2022-12-26,21995.27
TAX934804,USR6264,SPT1393546,2022-09-20,33072.75
TAX934805,USR4969,SPT1326533,2022-12-03,23568.89
TAX934806,USR2401,SPT1848849,2023-03-10,19427.61
TAX934807,USR7665,SPT849065,2023-05-12,27670.41
TAX934808,USR5656,SPT636138,2023-11-05,49817.98
TAX934809,USR7290,SPT955914,2022-04-04,13524.53
TAX934810,USR7669,SPT783292,2023-12-09,11852.23
TAX934811,USR5902,SPT641803,2023-04-30,6045.83
TAX934812,USR5190,SPT1667086,2022-06-15,26194.13
TAX934813,USR3529,SPT1310373,2022-07-20,33425.26
TAX934814,USR6821,SPT198126,2022-11-01,40120.96
TAX934815,USR7273,SPT173287,2023-10-27,44960.12
TAX934816,USR246,SPT1810987,2022-04-30,29508.81
TAX934817,USR1589,SPT1212827,2024-01-02,35706.62
TAX934818,USR588,SPT1194107,2022-08-26,48895.73
TAX934819,USR6438,SPT485574,2023-01-17,27613.29
TAX934820,USR5251,SPT1045763,2023-04-15,11053.96
TAX934821,USR3176,SPT574194,2022-02-12,48777.12
TAX934822,USR8816,SPT318206,2023-09-27,19248.7
TAX934823,USR7868,SPT302748,2023-03-29,27195.94
TAX934824,USR3876,SPT1374175,2022-05-13,18469.01
TAX934825,USR8065,SPT605102,2022-02-20,33989.62
TAX934826,USR8934,SPT1042508,2023-04-08,45599.55
TAX934827,USR7950,SPT994786,2022-04-27,37789.53
TAX934828,USR2917,SPT1048390,2022-04-01,5502.21
TAX934829,USR3103,SPT80374,2023-05-02,13500.43
TAX934830,USR7359,SPT159455,2022-05-09,42692.62
TAX934831,USR6841,SPT1408388,2023-12-23,37109.39
TAX934832,USR8212,SPT1541512,2022-02-19,40636.38
TAX934833,USR4738,SPT381194,2023-02-22,42471.6
TAX934834,USR9142,SPT395621,2022-05-01,28864.17
TAX934835,USR3057,SPT1718629,2023-12-02,44466.47
TAX934836,USR3794,SPT304594,2023-02-06,33647.64
TAX934837,USR2372,SPT1930012,2022-08-21,39521.47
TAX934838,USR7402,SPT224973,2023-11-01,40606.12
TAX934839,USR792,SPT1201482,2023-04-03,27369.23
TAX934840,USR4586,SPT336569,2023-04-26,32977.14
TAX934841,USR5781,SPT704321,2022-06-17,42946.8
TAX934842,USR8092,SPT1494558,2023-08-26,8747.31
TAX934843,USR5278,SPT345138,2023-06-09,8808.3
TAX934844,USR1531,SPT1757840,2023-06-26,29997.08
TAX934845,USR8605,SPT373205,2022-07-05,18837.68
TAX934846,USR1425,SPT882942,2023-04-30,17726.33
TAX934847,USR1498,SPT85033,2023-05-15,10987.8
TAX934848,USR7574,SPT437268,2022-06-02,10302.25
TAX934849,USR942,SPT179125,2023-04-06,29738.51
TAX934850,USR3885,SPT989361,2023-04-15,4733.59
TAX934851,USR1575,SPT1878812,2022-11-18,12099.97
TAX934852,USR7663,SPT170010,2023-02-16,21936.66
TAX934853,USR1681,SPT1218121,2022-02-13,11241.62
TAX934854,USR69,SPT1618230,2023-11-29,48486.77
TAX934855,USR6097,SPT1678016,2022-07-08,17692.29
TAX934856,USR920,SPT971243,2023-03-02,8333.11
TAX934857,USR7232,SPT1838206,2022-03-10,32533.65
TAX934858,USR4144,SPT921852,2023-06-01,10656.92
TAX934859,USR1818,SPT1623158,2022-11-26,6139.51
TAX934860,USR8957,SPT829252,2023-03-15,8722.14
TAX934861,USR4732,SPT779540,2023-03-18,29682.91
TAX934862,USR2495,SPT137022,2022-03-25,7135.29
TAX934863,USR2354,SPT449909,2023-09-15,14225.65
TAX934864,USR9062,SPT1926772,2022-06-24,18056.43
TAX934865,USR4521,SPT747552,2023-01-10,6515.86
TAX934866,USR7738,SPT1765569,2022-07-25,46562.37
TAX934867,USR7013,SPT1955195,2022-02-14,17640.7
TAX934868,USR661,SPT1863526,2022-05-02,4455.87
TAX934869,USR7950,SPT463396,2022-03-06,9967.84
TAX934870,USR4857,SPT1650212,2022-09-13,41708.53
TAX934871,USR900,SPT1114528,2022-02-17,29248.73
TAX934872,USR931,SPT1832644,2022-11-14,24995.57
TAX934873,USR7402,SPT1161066,2023-03-11,13941.13
TAX934874,USR6112,SPT1541339,2023-04-05,13274.39
TAX934875,USR6538,SPT19187,2022-04-06,47200.14
TAX934876,USR8700,SPT1597254,2023-09-25,11633.41
TAX934877,USR3118,SPT1230642,2023-03-13,26960.91
TAX934878,USR4437,SPT1220991,2022-10-06,1654.19
TAX934879,USR6785,SPT1755583,2022-09-19,14654.97
TAX934880,USR3727,SPT17518,2022-11-24,14473.83
TAX934881,USR4616,SPT1723414,2023-02-18,21647.21
TAX934882,USR7131,SPT1731897,2023-08-14,38684.94
TAX934883,USR6467,SPT811117,2023-01-01,25558.37
TAX934884,USR1262,SPT1273085,2024-01-04,5869.88
TAX934885,USR8428,SPT692202,2022-04-23,2251.36
TAX934886,USR1867,SPT563095,2023-02-15,47848.9
TAX934887,USR2329,SPT1454657,2023-07-16,3620.65
TAX934888,USR2778,SPT384520,2022-07-23,43636.43
TAX934889,USR6902,SPT609486,2022-03-09,34165.7
TAX934890,USR9250,SPT519190,2022-08-26,46989.1
TAX934891,USR2431,SPT1865542,2023-05-27,42856.1
TAX934892,USR2366,SPT697447,2023-12-13,41010.38
TAX934893,USR3245,SPT261122,2022-05-28,11536.04
TAX934894,USR4899,SPT160400,2022-12-28,17817.14
TAX934895,USR4745,SPT1113562,2024-02-09,37868.99
TAX934896,USR4014,SPT546967,2023-07-20,10380.96
TAX934897,USR2064,SPT1568085,2022-12-22,7074.06
TAX934898,USR8318,SPT1644540,2023-10-12,43547.64
TAX934899,USR8502,SPT1515302,2023-07-23,9209.18
TAX934900,USR5049,SPT883705,2023-10-16,14273.86
TAX934901,USR2506,SPT821587,2023-03-25,44967.05
TAX934902,USR5282,SPT700907,2023-07-07,49637.31
TAX934903,USR1175,SPT1186795,2022-06-14,20067.4
TAX934904,USR2343,SPT1194212,2022-05-07,12784.26
TAX934905,USR1755,SPT1377557,2022-04-03,8779.79
TAX934906,USR8734,SPT231845,2022-07-14,44816.04
TAX934907,USR9114,SPT797825,2022-10-15,42057.53
TAX934908,USR8670,SPT747523,2023-11-10,37786.57
TAX934909,USR2782,SPT713652,2022-05-05,2242.94
TAX934910,USR4819,SPT678970,2023-01-30,24972.47
TAX934911,USR8171,SPT275131,2023-07-19,33129.21
TAX934912,USR4199,SPT184016,2022-12-31,25007.91
TAX934913,USR7371,SPT1812581,2023-01-09,6290.96
TAX934914,USR6867,SPT1907145,2023-07-11,5565.77
TAX934915,USR8425,SPT60697,2022-08-12,41304.3
TAX934916,USR7241,SPT1402661,2023-11-12,31085.83
TAX934917,USR4255,SPT1157319,2022-11-30,44989.25
TAX934918,USR48,SPT937351,2023-06-26,28694.52
TAX934919,USR2858,SPT1209543,2023-06-26,8424.78
TAX934920,USR9307,SPT28363,2022-07-26,47904.03
TAX934921,USR3574,SPT1626170,2022-07-07,5675.5
TAX934922,USR7570,SPT1599779,2023-04-27,7330.03
TAX934923,USR4077,SPT1986367,2023-09-14,11745.24
TAX934924,USR1117,SPT186487,2022-05-29,47140.14
TAX934925,USR548,SPT1935490,2022-09-16,11743.99
TAX934926,USR4228,SPT1179093,2023-03-21,22259.88
TAX934927,USR9866,SPT728741,2023-09-16,17896.42
TAX934928,USR9326,SPT1677654,2022-03-15,30132.7
TAX934929,USR4117,SPT1834000,2022-12-21,27616.03
TAX934930,USR7127,SPT1443822,2022-11-10,20440.1
TAX934931,USR2240,SPT1887680,2023-02-28,10894.14
TAX934932,USR4728,SPT839738,2023-09-22,12186.22
TAX934933,USR6105,SPT728525,2023-08-22,19827.08
TAX934934,USR7059,SPT1224760,2022-11-30,46319.53
TAX934935,USR8931,SPT1966336,2023-10-23,34723.17
TAX934936,USR2875,SPT1059589,2022-08-07,4278.69
TAX934937,USR2276,SPT1871649,2023-02-27,46794.14
TAX934938,USR1212,SPT775788,2023-05-19,9170.44
TAX934939,USR531,SPT11203,2022-05-06,8985.01
TAX934940,USR8416,SPT386500,2023-08-12,26046.58
TAX934941,USR445,SPT1253177,2023-02-25,25908.82
TAX934942,USR7719,SPT1159146,2022-11-30,10080.92
TAX934943,USR1489,SPT164617,2022-02-28,23807.37
TAX934944,USR6440,SPT326744,2023-03-24,13618.9
TAX934945,USR604,SPT509523,2022-05-24,39473.98
TAX934946,USR9786,SPT1697110,2023-03-08,42069.11
TAX934947,USR7517,SPT626195,2024-01-12,34857.97
TAX934948,USR7854,SPT1122433,2022-05-28,9801.95
TAX934949,USR5042,SPT611535,2023-07-18,15638.65
TAX934950,USR1381,SPT237220,2022-06-18,13209.5
TAX934951,USR9390,SPT715419,2022-03-09,6754.57
TAX934952,USR3813,SPT911945,2023-08-02,40489.38
TAX934953,USR8019,SPT1126036,2024-01-16,28741.69
TAX934954,USR9226,SPT882928,2023-05-08,6984.94
TAX934955,USR634,SPT1501799,2022-05-29,42040.98
TAX934956,USR4769,SPT1465160,2024-01-23,32596.54
TAX934957,USR5175,SPT10534,2022-06-08,22711.53
TAX934958,USR7934,SPT410269,2022-07-15,12342.62
TAX934959,USR7763,SPT1149098,2023-05-30,20242.45
TAX934960,USR1512,SPT1312285,2022-08-17,3897.66
TAX934961,USR9964,SPT72899,2022-02-15,48373.11
TAX934962,USR8869,SPT287323,2023-12-02,19024.84
TAX934963,USR1817,SPT1841469,2023-04-16,10868.27
TAX934964,USR2175,SPT790157,2023-10-14,30091.08
TAX934965,USR9201,SPT246299,2024-01-20,7210.36
TAX934966,USR7628,SPT1494520,2023-03-13,22530.74
TAX934967,USR2677,SPT1833489,2022-02-12,14348.84
TAX934968,USR9490,SPT171863,2023-07-10,43167.59
TAX934969,USR9476,SPT623786,2024-02-01,3003.13
TAX934970,USR4392,SPT1731523,2022-08-26,40228.24
TAX934971,USR3665,SPT1527615,2024-01-29,11748.8
TAX934972,USR5598,SPT329682,2023-12-22,26767.89
TAX934973,USR2485,SPT80798,2023-10-26,25916.57
TAX934974,USR4523,SPT48859,2023-11-11,15483.77
TAX934975,USR9188,SPT1643679,2023-08-16,15274.24
TAX934976,USR9511,SPT180425,2022-09-12,3312.08
TAX934977,USR4081,SPT1234139,2022-11-18,24107.76
TAX934978,USR8683,SPT919483,2023-04-10,3588.79
TAX934979,USR7472,SPT15233,2023-07-21,8071.89
TAX934980,USR6270,SPT1329435,2023-03-15,5849.39
TAX934981,USR8484,SPT1402772,2023-05-21,20094.88
TAX934982,USR4179,SPT1737518,2023-11-07,2431.38
TAX934983,USR1915,SPT1398151,2022-12-06,29390.57
TAX934984,USR8084,SPT349162,2023-03-18,41121.4
TAX934985,USR267,SPT635031,2022-11-10,4135.59
TAX934986,USR9209,SPT1905507,2023-09-04,47031.22
TAX934987,USR8876,SPT585829,2024-01-15,35366.02
TAX934988,USR8957,SPT41106,2023-07-30,2730.35
TAX934989,USR3250,SPT696593,2024-01-25,34381.45
TAX934990,USR9061,SPT614456,2023-11-15,38067.78
TAX934991,USR8703,SPT1118175,2022-05-31,33746.68
TAX934992,USR7979,SPT649420,2023-11-11,29282.15
TAX934993,USR2349,SPT830220,2022-08-01,6520.04
TAX934994,USR1803,SPT1048602,2022-10-05,43344.46
TAX934995,USR8994,SPT110938,2022-05-08,5820.44
TAX934996,USR9309,SPT1717486,2023-07-06,40715.92
TAX934997,USR2382,SPT1388720,2023-04-01,6410.7
TAX934998,USR9941,SPT443379,2022-08-07,8140.36
TAX934999,USR5066,SPT1407256,2022-07-30,41849.28
TAX935000,USR3790,SPT154041,2022-12-03,2795.85
TAX935001,USR7830,SPT188115,2022-06-07,14122.31
TAX935002,USR1721,SPT1117933,2023-05-24,47787.5
TAX935003,USR4522,SPT1701333,2022-10-04,16755.03
TAX935004,USR3303,SPT1060028,2023-12-27,48257.5
TAX935005,USR5976,SPT1244435,2022-04-24,30975.16
TAX935006,USR313,SPT796575,2023-12-16,45628.06
TAX935007,USR9475,SPT1887934,2022-09-14,16614.24
TAX935008,USR453,SPT1139949,2024-01-05,5720.1
TAX935009,USR7612,SPT505337,2022-06-26,39218.65
TAX935010,USR9737,SPT985130,2024-01-10,33984.83
TAX935011,USR2768,SPT1939013,2022-06-27,7169.04
TAX935012,USR540,SPT730230,2024-01-12,36480.93
TAX935013,USR9469,SPT1076845,2023-08-03,17138.58
TAX935014,USR3756,SPT66523,2023-08-24,23145.3
TAX935015,USR6537,SPT975198,2022-07-02,29680.64
TAX935016,USR7025,SPT498440,2022-04-23,47268.09
TAX935017,USR8748,SPT300531,2022-05-06,38715.74
TAX935018,USR9213,SPT742704,2022-06-20,34592.47
TAX935019,USR1814,SPT1619962,2023-12-15,6124.51
TAX935020,USR1283,SPT574058,2023-12-26,11738.66
TAX935021,USR7687,SPT1994570,2022-10-28,9972.86
TAX935022,USR8530,SPT159865,2022-10-09,47372.44
TAX935023,USR9636,SPT867448,2022-08-23,22768.66
TAX935024,USR9101,SPT1381201,2024-01-09,45807.29
TAX935025,USR8878,SPT1242701,2022-10-11,36825.63
TAX935026,USR4294,SPT1497206,2023-05-29,15740.45
TAX935027,USR1394,SPT1946386,2022-04-20,3863.88
TAX935028,USR1260,SPT782394,2022-06-06,35012.58
TAX935029,USR6401,SPT590863,2022-03-13,29846.23
TAX935030,USR5924,SPT1750273,2022-03-10,33707.67
TAX935031,USR8448,SPT642146,2023-02-23,32950.9
TAX935032,USR9879,SPT1018961,2022-12-02,32186.32
TAX935033,USR4093,SPT1733786,2023-11-15,34601.79
TAX935034,USR4238,SPT1612911,2023-11-01,45724.03
TAX935035,USR4515,SPT720689,2023-10-22,39310.58
TAX935036,USR3996,SPT1519982,2022-10-15,9303.17
TAX935037,USR4164,SPT552203,2023-07-01,14354.16
TAX935038,USR5533,SPT766994,2023-06-19,46392.91
TAX935039,USR7274,SPT1873647,2023-10-27,17535.09
TAX935040,USR3325,SPT1937159,2022-07-03,41972.72
TAX935041,USR4622,SPT619612,2022-07-26,20762.05
TAX935042,USR523,SPT1064704,2023-02-24,49443.13
TAX935043,USR3942,SPT1123803,2022-08-21,31522.05
TAX935044,USR3585,SPT1653900,2023-11-02,28912.09
TAX935045,USR6416,SPT869217,2022-08-09,9338.56
TAX935046,USR1730,SPT443026,2023-03-10,36622.91
TAX935047,USR9687,SPT1429561,2023-04-13,1419.22
TAX935048,USR1175,SPT1105869,2022-03-21,10633.34
TAX935049,USR2724,SPT1663076,2023-07-24,10014.74
TAX935050,USR68,SPT3424,2023-04-17,29556.93
TAX935051,USR2445,SPT1141660,2022-06-05,5413.28
TAX935052,USR2547,SPT1175998,2022-09-15,33948.6
TAX935053,USR2601,SPT1515316,2023-12-23,31349.15
TAX935054,USR4962,SPT1605169,2023-07-30,40205.77
TAX935055,USR6019,SPT1497479,2023-10-01,32422.37
TAX935056,USR6802,SPT1106244,2024-01-21,24276.57
TAX935057,USR7724,SPT717027,2022-09-08,17527.38
TAX935058,USR2993,SPT536350,2022-10-28,46660.06
TAX935059,USR3439,SPT1508319,2022-10-24,4738.41
TAX935060,USR5713,SPT342294,2022-03-12,11614.58
TAX935061,USR5524,SPT261003,2023-11-29,33636.61
TAX935062,USR1576,SPT597852,2022-08-21,29682.26
TAX935063,USR8273,SPT1408776,2023-02-04,29708.26
TAX935064,USR6891,SPT827352,2022-08-25,25607.41
TAX935065,USR7852,SPT1232246,2023-06-26,36995.59
TAX935066,USR9875,SPT49615,2022-09-07,20061.03
TAX935067,USR1272,SPT1499685,2022-03-10,25747.87
TAX935068,USR5493,SPT145060,2022-03-02,45060.32
TAX935069,USR756,SPT1139702,2022-03-14,30419.46
TAX935070,USR9740,SPT1230382,2023-09-22,35693.09
TAX935071,USR196,SPT985850,2023-01-08,3876.1
TAX935072,USR4117,SPT624871,2023-07-20,4293.01
TAX935073,USR8190,SPT332943,2023-12-29,25246.59
TAX935074,USR8687,SPT637979,2022-08-31,26160.46
TAX935075,USR4100,SPT1907405,2022-02-26,20993.1
TAX935076,USR8751,SPT1054741,2022-09-29,20757.9
TAX935077,USR1681,SPT1901867,2022-04-03,14426.54
TAX935078,USR4846,SPT1250669,2023-11-05,38179.56
TAX935079,USR1287,SPT750962,2023-06-01,49431.53
TAX935080,USR428,SPT880820,2023-12-11,25197.01
TAX935081,USR668,SPT1207307,2023-12-23,9752.95
TAX935082,USR8291,SPT1673294,2023-03-16,34772.41
TAX935083,USR7805,SPT427897,2022-09-25,38298.74
TAX935084,USR3143,SPT246994,2022-12-06,4344.29
TAX935085,USR7535,SPT1337409,2024-01-09,44158.98
TAX935086,USR9465,SPT1321546,2022-11-11,42680.07
TAX935087,USR4927,SPT1940962,2023-08-29,48272.69
TAX935088,USR8979,SPT1310847,2023-09-23,34158.17
TAX935089,USR1015,SPT291889,2022-02-14,13885.36
TAX935090,USR1967,SPT1964382,2023-11-01,5803.76
TAX935091,USR7724,SPT834221,2022-06-18,31722.66
TAX935092,USR9580,SPT1998969,2023-04-05,28018.91
TAX935093,USR7399,SPT1735263,2022-10-24,13641.72
TAX935094,USR2925,SPT1584488,2023-05-09,12583.1
TAX935095,USR1289,SPT298766,2023-12-31,27034.28
TAX935096,USR8335,SPT783251,2022-11-30,9647.4
TAX935097,USR8777,SPT1618141,2023-05-01,39846.56
TAX935098,USR9581,SPT1842698,2022-02-13,16612.36
TAX935099,USR8,SPT122868,2023-02-24,33310.76
TAX935100,USR8985,SPT1155803,2023-03-15,3008.83
TAX935101,USR1315,SPT1374011,2023-09-28,14582.8
TAX935102,USR7564,SPT567882,2022-08-19,6279.1
TAX935103,USR4971,SPT277925,2022-06-30,41128.96
TAX935104,USR40,SPT1507707,2022-04-10,37362.47
TAX935105,USR5760,SPT484922,2022-11-25,27464.9
TAX935106,USR6886,SPT358714,2023-06-07,29662.52
TAX935107,USR9421,SPT1452951,2022-02-26,9768.27
TAX935108,USR4371,SPT916636,2022-03-28,6084.61
TAX935109,USR4371,SPT306603,2023-06-06,6903.3
TAX935110,USR8900,SPT1945814,2022-05-12,47200.41
TAX935111,USR492,SPT1753354,2022-12-10,43105.05
TAX935112,USR7689,SPT998575,2022-06-14,21297.66
TAX935113,USR4481,SPT818185,2022-02-21,44687.71
TAX935114,USR3501,SPT1357917,2023-04-18,6797.35
TAX935115,USR1585,SPT813793,2022-07-27,44493.38
TAX935116,USR6485,SPT561865,2022-05-20,24774.91
TAX935117,USR1910,SPT237016,2023-02-23,36177.47
TAX935118,USR6054,SPT942490,2022-10-27,11186.88
TAX935119,USR5737,SPT65352,2022-11-10,42819.54
TAX935120,USR1470,SPT1780141,2023-07-09,1772.66
TAX935121,USR2415,SPT619100,2022-03-15,30988.89
TAX935122,USR2908,SPT432355,2023-03-13,47628.62
TAX935123,USR52,SPT507776,2022-04-18,25654.23
TAX935124,USR7851,SPT1372165,2023-05-31,4705.59
TAX935125,USR7283,SPT479390,2023-01-26,1739.34
TAX935126,USR8203,SPT735177,2023-02-07,21114.17
TAX935127,USR4203,SPT1187694,2022-08-21,33973.46
TAX935128,USR2116,SPT1651187,2023-07-19,47229.96
TAX935129,USR7154,SPT1375709,2022-04-15,25173.84
TAX935130,USR1948,SPT593293,2022-07-01,1754.92
TAX935131,USR2241,SPT800080,2023-08-23,27862.81
TAX935132,USR9490,SPT1305804,2022-10-22,39783.99
TAX935133,USR8449,SPT280822,2022-12-24,46320.54
TAX935134,USR650,SPT339723,2023-08-14,40486.93
TAX935135,USR2669,SPT607626,2023-06-06,7834.42
TAX935136,USR3876,SPT741851,2023-05-12,17274.69
TAX935137,USR4381,SPT929179,2023-07-05,31401.68
TAX935138,USR9372,SPT1667879,2023-11-26,16684.6
TAX935139,USR8964,SPT1361733,2023-12-01,35482.97
TAX935140,USR7307,SPT588853,2022-07-28,16044.18
TAX935141,USR485,SPT489099,2022-12-26,1785.44
TAX935142,USR720,SPT828383,2022-09-14,41969.63
TAX935143,USR194,SPT1585605,2023-02-06,4581.82
TAX935144,USR7813,SPT1092841,2023-08-16,3738.1
TAX935145,USR5028,SPT1814958,2022-05-08,22643.67
TAX935146,USR6626,SPT39172,2023-01-27,16265.63
TAX935147,USR5365,SPT1947491,2024-01-01,13846.81
TAX935148,USR4418,SPT1932971,2022-07-13,6343.39
TAX935149,USR7931,SPT357177,2023-05-20,32281.78
TAX935150,USR4894,SPT173384,2023-06-03,43596.53
TAX935151,USR7708,SPT740412,2023-06-27,1314.36
TAX935152,USR4757,SPT1276288,2022-06-08,46473.81
TAX935153,USR9501,SPT1536964,2023-03-08,7191.6
TAX935154,USR4926,SPT1781476,2023-05-20,20565.21
TAX935155,USR2642,SPT1369209,2023-12-14,23792.97
TAX935156,USR3942,SPT239678,2023-08-22,2137.83
TAX935157,USR9802,SPT1130021,2023-02-16,33904.48
TAX935158,USR7488,SPT384658,2023-09-03,49161.78
TAX935159,USR45,SPT531738,2023-12-10,30455.83
TAX935160,USR37,SPT1290998,2022-04-01,28912.3
TAX935161,USR2636,SPT10529,2023-05-13,16361.65
TAX935162,USR8452,SPT102820,2023-10-24,27967.24
TAX935163,USR9158,SPT1894925,2022-08-13,24113.27
TAX935164,USR7517,SPT170217,2023-04-05,28486.01
TAX935165,USR2397,SPT333219,2023-04-30,43499.91
TAX935166,USR3756,SPT660488,2022-05-12,39514.21
TAX935167,USR909,SPT1018821,2023-02-26,34281.72
TAX935168,USR2811,SPT843974,2023-05-04,6453.43
TAX935169,USR1897,SPT1012471,2022-11-19,33126.81
TAX935170,USR7013,SPT548602,2023-05-17,37660.53
TAX935171,USR8349,SPT1313679,2023-06-18,29295.23
TAX935172,USR3857,SPT333818,2024-01-14,5768.18
TAX935173,USR4977,SPT619820,2023-04-10,38991.68
TAX935174,USR7084,SPT1369072,2022-10-07,49678.89
TAX935175,USR9734,SPT118183,2023-05-08,15491.74
TAX935176,USR8417,SPT901626,2023-11-20,44741.33
TAX935177,USR7911,SPT622359,2024-01-20,23083.76
TAX935178,USR402,SPT1150739,2022-07-20,32266.48
TAX935179,USR7429,SPT917862,2023-10-17,42841.56
TAX935180,USR9831,SPT997583,2022-04-29,29970.42
TAX935181,USR7039,SPT86202,2023-05-31,8828.29
TAX935182,USR7456,SPT1007437,2022-06-12,8358.4
TAX935183,USR5532,SPT228456,2023-02-10,1015.9
TAX935184,USR481,SPT1331995,2022-07-20,39006.72
TAX935185,USR1941,SPT1824014,2024-01-21,6019.9
TAX935186,USR8042,SPT1513151,2023-02-16,45237.3
TAX935187,USR244,SPT255789,2023-12-31,27425.6
TAX935188,USR1312,SPT1452435,2022-11-06,24174.52
TAX935189,USR5963,SPT747797,2023-05-09,19501.32
TAX935190,USR3789,SPT30916,2023-09-29,13714.03
TAX935191,USR4144,SPT844895,2023-08-12,49186.2
TAX935192,USR9600,SPT993890,2022-10-16,32642.4
TAX935193,USR6890,SPT1409513,2023-01-07,48624.78
TAX935194,USR9497,SPT749488,2022-04-01,29459.86
TAX935195,USR4026,SPT1502072,2023-11-09,41628.42
TAX935196,USR1586,SPT1186883,2022-05-05,23715.13
TAX935197,USR7810,SPT1045640,2022-05-19,27785.43
TAX935198,USR6285,SPT3871,2023-07-29,11609.25
TAX935199,USR1553,SPT121855,2023-01-08,45655.39
TAX935200,USR934,SPT864521,2022-09-18,44879.59
TAX935201,USR3029,SPT1867857,2022-06-23,38744.82
TAX935202,USR4788,SPT1235376,2022-04-11,16855.43
TAX935203,USR3697,SPT581405,2022-11-21,30608.89
TAX935204,USR1011,SPT410965,2024-01-20,1348.2
TAX935205,USR5261,SPT1690086,2022-07-18,37453.26
TAX935206,USR4909,SPT652419,2023-05-01,29780.55
TAX935207,USR2027,SPT1842821,2023-10-27,20630.29
TAX935208,USR5256,SPT1270060,2022-10-15,10939.64
TAX935209,USR8428,SPT1699485,2022-05-27,41787.98
TAX935210,USR2835,SPT791128,2023-07-25,14075.2
TAX935211,USR2740,SPT26493,2022-12-04,27375.18
TAX935212,USR2395,SPT582144,2023-08-21,43202.45
TAX935213,USR3498,SPT1952434,2023-08-19,33205.27
TAX935214,USR8179,SPT1422971,2022-07-07,29349.88
TAX935215,USR4982,SPT1473833,2022-04-08,22583.0
TAX935216,USR6102,SPT494670,2022-02-21,20359.82
TAX935217,USR6486,SPT699211,2022-12-30,24394.39
TAX935218,USR5971,SPT763741,2022-08-08,1961.09
TAX935219,USR9217,SPT286514,2022-12-30,45265.34
TAX935220,USR1082,SPT531419,2023-11-19,6388.38
TAX935221,USR1245,SPT280984,2023-12-18,14792.29
TAX935222,USR5129,SPT277462,2023-04-04,17113.93
TAX935223,USR6490,SPT977744,2023-06-11,46596.8
TAX935224,USR8618,SPT1317270,2022-07-29,28271.17
TAX935225,USR2602,SPT1319837,2023-07-11,33023.26
TAX935226,USR3027,SPT53750,2023-03-10,40363.32
TAX935227,USR3431,SPT773511,2023-06-06,16424.41
TAX935228,USR8989,SPT1761867,2022-11-03,15684.5
TAX935229,USR9213,SPT154722,2023-01-21,22702.52
TAX935230,USR5029,SPT1823747,2023-04-23,6559.84
TAX935231,USR6864,SPT1273018,2022-09-01,39600.58
TAX935232,USR9252,SPT889093,2022-07-11,13351.83
TAX935233,USR6891,SPT1578128,2023-07-07,46356.47
TAX935234,USR8439,SPT1697229,2022-10-24,30137.59
TAX935235,USR7029,SPT133215,2022-03-10,20668.26
TAX935236,USR4570,SPT33159,2023-03-27,23448.95
TAX935237,USR8518,SPT1559647,2023-12-08,19024.11
TAX935238,USR3552,SPT1950485,2023-06-19,43035.12
TAX935239,USR6857,SPT53121,2023-07-12,7120.11
TAX935240,USR2198,SPT1674016,2022-07-11,27894.43
TAX935241,USR3248,SPT1931745,2022-04-30,32276.49
TAX935242,USR5416,SPT306472,2022-09-26,41514.99
TAX935243,USR8467,SPT473052,2024-01-03,38889.76
TAX935244,USR8226,SPT1540059,2023-05-17,4279.98
TAX935245,USR3209,SPT814448,2023-09-07,30250.33
TAX935246,USR8306,SPT1598021,2024-01-12,25665.64
TAX935247,USR1869,SPT633084,2023-01-10,35990.41
TAX935248,USR2373,SPT1126830,2023-08-25,14804.86
TAX935249,USR7914,SPT735059,2023-06-08,36398.41
TAX935250,USR5828,SPT1738940,2023-09-18,11143.13
TAX935251,USR6710,SPT833793,2023-11-05,24112.46
TAX935252,USR604,SPT417124,2023-07-16,35758.02
TAX935253,USR3100,SPT465840,2023-08-06,30680.62
TAX935254,USR531,SPT1395103,2023-10-31,10091.07
TAX935255,USR686,SPT1901002,2022-05-28,5637.75
TAX935256,USR9007,SPT1756618,2022-03-02,13304.45
TAX935257,USR4909,SPT1443951,2023-07-25,18913.45
TAX935258,USR2011,SPT957955,2022-06-19,39120.2
TAX935259,USR3993,SPT1687870,2022-09-12,15769.76
TAX935260,USR3929,SPT1916056,2022-07-28,37151.62
TAX935261,USR8259,SPT655187,2022-05-31,29349.91
TAX935262,USR3920,SPT217988,2022-09-16,43377.33
TAX935263,USR4647,SPT1550828,2024-01-26,5443.07
TAX935264,USR9318,SPT736915,2023-09-03,34251.55
TAX935265,USR3774,SPT134029,2023-01-17,12549.25
TAX935266,USR4981,SPT530899,2023-10-12,49363.87
TAX935267,USR3282,SPT1477142,2022-06-05,24894.43
TAX935268,USR2006,SPT771047,2023-12-30,13195.5
TAX935269,USR5371,SPT88400,2023-09-09,45897.64
TAX935270,USR8203,SPT84647,2022-04-04,36020.12
TAX935271,USR4237,SPT1653200,2023-03-30,14114.67
TAX935272,USR6192,SPT447810,2023-06-10,13160.38
TAX935273,USR6585,SPT357341,2023-09-17,29156.98
TAX935274,USR9924,SPT357321,2022-12-15,43589.3
TAX935275,USR6518,SPT36059,2022-12-15,7970.01
TAX935276,USR7430,SPT1108748,2023-11-12,15296.1
TAX935277,USR4549,SPT1223330,2023-11-05,49433.77
TAX935278,USR8834,SPT541501,2022-11-14,10214.62
TAX935279,USR5492,SPT981220,2023-06-02,18661.53
TAX935280,USR2886,SPT1999082,2024-01-25,19576.19
TAX935281,USR9123,SPT1291246,2022-07-13,5450.73
TAX935282,USR6191,SPT830021,2023-07-28,42559.02
TAX935283,USR4286,SPT1447829,2022-11-25,14108.96
TAX935284,USR3813,SPT1825353,2023-07-11,14763.05
TAX935285,USR5616,SPT1213709,2022-12-24,31432.93
TAX935286,USR1166,SPT1983820,2022-08-05,9410.55
TAX935287,USR8895,SPT1094947,2022-12-03,23129.15
TAX935288,USR1990,SPT200146,2024-01-14,16081.39
TAX935289,USR8285,SPT1832183,2022-10-05,35228.02
TAX935290,USR8535,SPT802882,2024-01-08,7558.91
TAX935291,USR50,SPT1918433,2022-09-30,40014.96
TAX935292,USR7832,SPT1961909,2022-09-22,40513.43
TAX935293,USR2643,SPT1466467,2022-12-03,35442.93
TAX935294,USR290,SPT713428,2023-10-20,35000.07
TAX935295,USR2174,SPT1390651,2023-03-01,14190.95
TAX935296,USR9533,SPT308259,2023-05-29,40197.79
TAX935297,USR145,SPT1259945,2023-09-27,44315.29
TAX935298,USR7918,SPT929311,2022-08-16,23218.16
TAX935299,USR6852,SPT1236285,2023-06-22,38997.66
TAX935300,USR3938,SPT655785,2023-01-09,4801.57
TAX935301,USR1151,SPT209165,2022-02-11,14036.45
TAX935302,USR3928,SPT388965,2023-09-11,41769.68
TAX935303,USR7857,SPT186852,2023-06-08,38149.63
TAX935304,USR5129,SPT801582,2022-11-15,47190.51
TAX935305,USR1746,SPT698714,2023-12-04,3428.2
TAX935306,USR227,SPT1325842,2022-02-16,8653.99
TAX935307,USR4153,SPT1497637,2022-05-03,49464.65
TAX935308,USR6597,SPT1407208,2022-07-06,19283.68
TAX935309,USR7605,SPT785071,2022-07-08,48717.37
TAX935310,USR3507,SPT506681,2023-07-07,39395.11
TAX935311,USR4414,SPT141457,2023-04-25,34327.14
TAX935312,USR4608,SPT1107705,2023-01-13,23601.33
TAX935313,USR7223,SPT358430,2024-01-06,49833.98
TAX935314,USR9392,SPT1619033,2022-07-10,45521.7
TAX935315,USR1341,SPT255804,2022-04-27,28191.3
TAX935316,USR4580,SPT1472364,2023-09-26,26456.58
TAX935317,USR4369,SPT1066752,2023-04-19,8080.98
TAX935318,USR4299,SPT13707,2023-03-26,2831.86
TAX935319,USR429,SPT858327,2022-12-20,6918.22
TAX935320,USR7849,SPT1958242,2023-01-12,33403.01
TAX935321,USR6954,SPT915550,2024-01-16,18577.96
TAX935322,USR8171,SPT911871,2023-05-30,43868.1
TAX935323,USR6681,SPT1518669,2022-07-13,36793.35
TAX935324,USR9481,SPT1872828,2022-04-19,3898.45
TAX935325,USR3727,SPT184702,2022-12-14,24029.13
TAX935326,USR6350,SPT1678664,2023-04-24,15085.88
TAX935327,USR9134,SPT925306,2022-04-14,49735.05
TAX935328,USR3809,SPT1258109,2022-04-29,38392.11
TAX935329,USR3189,SPT1469651,2023-06-20,33964.06
TAX935330,USR8715,SPT1219172,2022-04-07,16272.74
TAX935331,USR1032,SPT83558,2022-05-17,35431.18
TAX935332,USR3147,SPT109658,2023-03-30,39121.87
TAX935333,USR4605,SPT1513159,2023-03-08,6049.22
TAX935334,USR4875,SPT932945,2022-08-02,22764.93
TAX935335,USR2462,SPT1420084,2023-08-30,43221.55
TAX935336,USR2729,SPT727461,2023-06-18,4263.97
TAX935337,USR8567,SPT380111,2022-05-01,15574.27
TAX935338,USR5533,SPT1669019,2024-01-04,26289.92
TAX935339,USR9616,SPT574752,2022-11-30,29221.71
TAX935340,USR8613,SPT158694,2023-12-02,30984.59
TAX935341,USR4465,SPT128821,2023-06-14,45606.17
TAX935342,USR8102,SPT1851551,2023-09-27,35150.56
TAX935343,USR5816,SPT1816664,2022-02-25,11487.16
TAX935344,USR4074,SPT1545535,2023-08-05,5381.14
TAX935345,USR7945,SPT1241521,2023-08-11,27432.79
TAX935346,USR3788,SPT265799,2023-01-29,31390.1
TAX935347,USR378,SPT961750,2022-11-02,33531.68
TAX935348,USR734,SPT1411353,2023-05-26,40841.02
TAX935349,USR4508,SPT1071335,2022-08-20,5744.14
TAX935350,USR2165,SPT1775893,2023-09-07,13683.32
TAX935351,USR8287,SPT363924,2023-12-17,45002.78
TAX935352,USR9697,SPT668517,2023-04-05,47268.62
TAX935353,USR3968,SPT191725,2022-06-17,10896.08
TAX935354,USR8950,SPT1672106,2023-10-12,2177.01
TAX935355,USR1156,SPT522030,2022-04-02,35840.29
TAX935356,USR1254,SPT264926,2024-01-10,22866.49
TAX935357,USR6597,SPT519134,2023-02-07,13313.62
TAX935358,USR1735,SPT139597,2022-11-27,39575.26
TAX935359,USR2637,SPT916745,2023-06-05,31326.09
TAX935360,USR3996,SPT1313490,2024-01-21,30108.55
TAX935361,USR328,SPT914059,2023-12-09,23406.32
TAX935362,USR6613,SPT1602698,2023-11-09,4538.99
TAX935363,USR7683,SPT1799660,2022-07-24,14564.18
TAX935364,USR9491,SPT1944971,2022-07-15,9801.38
TAX935365,USR3655,SPT876794,2022-04-27,11302.0
TAX935366,USR9405,SPT305545,2022-07-31,28022.04
TAX935367,USR2423,SPT1535714,2023-11-04,2108.16
TAX935368,USR6647,SPT617425,2022-04-25,18696.37
TAX935369,USR477,SPT662654,2023-09-10,15416.99
TAX935370,USR1981,SPT1347447,2023-11-20,33968.3
TAX935371,USR3968,SPT359804,2023-04-08,17526.47
TAX935372,USR3110,SPT1089564,2022-03-19,24091.22
TAX935373,USR1490,SPT839118,2022-09-10,18472.91
TAX935374,USR409,SPT1354180,2023-08-30,17416.85
TAX935375,USR8172,SPT1643755,2023-02-20,45381.25
TAX935376,USR2931,SPT1698983,2022-06-18,47256.44
TAX935377,USR3554,SPT108751,2022-04-05,6742.72
TAX935378,USR4579,SPT1611174,2022-10-19,18412.01
TAX935379,USR7870,SPT494487,2022-04-22,27116.34
TAX935380,USR4314,SPT705548,2022-06-06,48527.28
TAX935381,USR4881,SPT1348898,2022-05-30,42732.76
TAX935382,USR7288,SPT1988143,2022-12-06,43199.71
TAX935383,USR8485,SPT968184,2022-12-20,30728.9
TAX935384,USR5018,SPT434880,2024-01-11,35762.4
TAX935385,USR5280,SPT1785810,2022-05-26,12212.98
TAX935386,USR6505,SPT657953,2023-11-07,14309.55
TAX935387,USR822,SPT615230,2022-10-31,10266.48
TAX935388,USR6573,SPT415130,2023-06-02,16217.1
TAX935389,USR738,SPT1435564,2022-02-13,3858.34
TAX935390,USR9456,SPT667159,2022-12-07,30242.32
TAX935391,USR8325,SPT276387,2023-02-27,32275.92
TAX935392,USR9335,SPT334926,2023-10-02,18573.45
TAX935393,USR7770,SPT1071731,2023-12-11,18231.84
TAX935394,USR5998,SPT1277735,2023-04-14,42634.55
TAX935395,USR6508,SPT1957235,2023-05-09,49610.15
TAX935396,USR9290,SPT119012,2024-02-02,39030.87
TAX935397,USR5916,SPT283232,2022-08-25,35482.7
TAX935398,USR3813,SPT471418,2023-05-08,49879.59
TAX935399,USR907,SPT1675237,2022-10-12,36836.76
TAX935400,USR1766,SPT151,2023-12-22,45482.18
TAX935401,USR673,SPT1455504,2022-10-10,43562.95
TAX935402,USR8305,SPT1651782,2022-08-27,7398.98
TAX935403,USR3305,SPT1741877,2023-01-05,15931.7
TAX935404,USR7495,SPT956760,2022-12-22,13809.06
TAX935405,USR7902,SPT1315716,2023-01-05,43279.93
TAX935406,USR9414,SPT1332201,2022-07-05,18087.06
TAX935407,USR8769,SPT373840,2023-05-08,8780.77
TAX935408,USR2774,SPT1632675,2023-04-24,29376.58
TAX935409,USR7081,SPT1351182,2022-04-10,32727.63
TAX935410,USR2673,SPT301892,2022-10-25,11984.15
TAX935411,USR7882,SPT1399722,2023-03-05,18598.48
TAX935412,USR6064,SPT1767766,2022-10-15,10334.83
TAX935413,USR3977,SPT595455,2023-05-15,21070.37
TAX935414,USR9109,SPT25329,2023-12-14,10171.84
TAX935415,USR2289,SPT1051624,2022-02-25,43390.73
TAX935416,USR1806,SPT1995903,2023-12-01,4162.77
TAX935417,USR7921,SPT1360531,2022-09-23,37133.5
TAX935418,USR6671,SPT300988,2023-01-12,26622.04
TAX935419,USR5663,SPT1749710,2023-12-27,36224.39
TAX935420,USR3476,SPT230637,2022-10-28,2342.6
TAX935421,USR4439,SPT16715,2022-06-27,37342.11
TAX935422,USR4018,SPT1714528,2022-11-02,2527.75
TAX935423,USR2072,SPT1561980,2022-10-12,35020.97
TAX935424,USR8035,SPT636194,2022-06-13,11349.32
TAX935425,USR3373,SPT1043713,2023-02-08,47049.85
TAX935426,USR2492,SPT1468688,2022-03-13,3412.31
TAX935427,USR8292,SPT691359,2022-05-11,27264.22
TAX935428,USR7873,SPT1488029,2023-11-09,3320.18
TAX935429,USR5173,SPT1040283,2022-10-18,40736.11
TAX935430,USR97,SPT333049,2022-02-11,31423.02
TAX935431,USR3055,SPT129987,2023-11-03,40473.57
TAX935432,USR6840,SPT453177,2023-10-22,7709.29
TAX935433,USR9654,SPT23217,2023-05-14,44691.22
TAX935434,USR3605,SPT1663762,2023-04-19,31207.01
TAX935435,USR8413,SPT313070,2023-03-05,17271.88
TAX935436,USR2245,SPT1635160,2023-04-20,21971.46
TAX935437,USR4107,SPT1463249,2023-12-02,24228.56
TAX935438,USR256,SPT1791491,2023-09-25,49298.79
TAX935439,USR8646,SPT1350406,2022-05-27,6447.33
TAX935440,USR5523,SPT284754,2022-06-27,28342.75
TAX935441,USR5510,SPT1991462,2022-10-05,20673.13
TAX935442,USR3922,SPT1565822,2022-03-14,31995.64
TAX935443,USR2500,SPT1454432,2023-10-12,29207.34
TAX935444,USR2006,SPT611916,2023-05-05,19142.72
TAX935445,USR1347,SPT891855,2022-12-03,31770.07
TAX935446,USR6929,SPT1828812,2022-03-25,48822.59
TAX935447,USR5985,SPT250790,2023-12-21,13673.23
TAX935448,USR3662,SPT1783477,2023-03-22,30591.2
TAX935449,USR4332,SPT152801,2023-04-17,6913.3
TAX935450,USR1468,SPT1005629,2022-04-14,7658.31
TAX935451,USR6707,SPT526590,2023-02-05,2932.21
TAX935452,USR8834,SPT832610,2022-06-12,41562.07
TAX935453,USR3668,SPT1054134,2023-09-07,36750.17
TAX935454,USR8971,SPT1849145,2023-12-08,37804.21
TAX935455,USR6839,SPT1260440,2023-03-22,10818.39
TAX935456,USR2759,SPT1326064,2023-08-04,6230.23
TAX935457,USR348,SPT1401330,2022-05-22,19583.87
TAX935458,USR146,SPT150917,2023-04-08,48983.75
TAX935459,USR9885,SPT1923271,2023-12-01,43473.9
TAX935460,USR6750,SPT572912,2023-09-20,34540.16
TAX935461,USR2965,SPT1187466,2022-03-11,18477.88
TAX935462,USR8254,SPT10955,2022-07-17,11900.75
TAX935463,USR2335,SPT1290115,2023-11-06,1307.37
TAX935464,USR7373,SPT816795,2022-07-31,31467.17
TAX935465,USR5892,SPT794425,2022-10-20,15599.16
TAX935466,USR2240,SPT987649,2022-09-20,24960.65
TAX935467,USR9480,SPT511335,2024-01-16,39473.48
TAX935468,USR5262,SPT1774867,2022-11-05,47067.44
TAX935469,USR4952,SPT216580,2023-03-23,38305.28
TAX935470,USR7586,SPT1132323,2022-09-26,36792.19
TAX935471,USR9132,SPT739771,2022-05-12,30126.99
TAX935472,USR2488,SPT7600,2023-10-05,19502.64
TAX935473,USR6001,SPT95904,2022-09-22,8028.66
TAX935474,USR5258,SPT1027193,2022-10-28,34025.39
TAX935475,USR7371,SPT475728,2023-02-16,9382.89
TAX935476,USR1419,SPT1865339,2022-08-02,12878.8
TAX935477,USR2336,SPT1809181,2022-05-29,44118.02
TAX935478,USR4987,SPT817932,2023-03-13,2449.88
TAX935479,USR7614,SPT159627,2023-10-09,37191.28
TAX935480,USR4692,SPT1105513,2022-08-17,21845.39
TAX935481,USR8780,SPT722837,2023-12-25,44201.56
TAX935482,USR2372,SPT684605,2023-12-05,44593.21
TAX935483,USR4340,SPT1702630,2023-10-03,11748.68
TAX935484,USR9872,SPT1515824,2023-09-07,11803.28
TAX935485,USR6642,SPT749391,2022-08-07,17068.65
TAX935486,USR3203,SPT1591134,2023-02-18,2425.23
TAX935487,USR7055,SPT34540,2022-04-26,16797.07
TAX935488,USR6408,SPT1216753,2023-03-16,44134.38
TAX935489,USR5664,SPT1839973,2022-12-28,32202.75
TAX935490,USR7063,SPT1934978,2023-07-17,16516.21
TAX935491,USR6563,SPT165906,2022-10-10,8869.02
TAX935492,USR1616,SPT1538388,2022-11-12,35424.26
TAX935493,USR1228,SPT1214028,2023-01-17,2475.61
TAX935494,USR4799,SPT807146,2022-10-21,12336.62
TAX935495,USR7,SPT326277,2022-06-26,16430.08
TAX935496,USR3368,SPT1518704,2023-12-25,23187.3
TAX935497,USR4646,SPT1749098,2022-07-16,46561.36
TAX935498,USR2648,SPT1005060,2023-05-07,17644.97
TAX935499,USR4033,SPT1245614,2022-02-26,43297.02
TAX935500,USR4962,SPT549364,2024-01-23,6388.8
TAX935501,USR5763,SPT1209025,2022-12-08,47580.36
TAX935502,USR6488,SPT1413507,2022-07-06,38855.27
TAX935503,USR7320,SPT252967,2023-01-09,25396.41
TAX935504,USR2471,SPT360315,2023-08-27,32400.7
TAX935505,USR5517,SPT1240078,2023-05-24,32130.24
TAX935506,USR1154,SPT1664315,2023-07-27,18012.42
TAX935507,USR5690,SPT1839173,2022-05-11,4432.6
TAX935508,USR1714,SPT1371473,2024-02-02,21422.34
TAX935509,USR2976,SPT1178784,2023-04-20,23888.19
TAX935510,USR9493,SPT1426962,2023-06-14,3036.74
TAX935511,USR6286,SPT193182,2023-12-24,15565.02
TAX935512,USR4559,SPT1691104,2023-09-22,42266.42
TAX935513,USR7602,SPT817569,2022-07-28,42248.01
TAX935514,USR1256,SPT580868,2023-04-25,48497.48
TAX935515,USR1787,SPT525044,2023-01-09,11162.51
TAX935516,USR4145,SPT378433,2022-06-22,27525.14
TAX935517,USR7960,SPT1956661,2023-01-05,23330.25
TAX935518,USR4388,SPT1053309,2023-08-28,29697.49
TAX935519,USR6796,SPT1410992,2023-05-04,8947.55
TAX935520,USR4294,SPT562840,2023-10-01,45535.53
TAX935521,USR7889,SPT747302,2022-02-17,46118.3
TAX935522,USR3019,SPT788536,2023-08-23,3684.61
TAX935523,USR4896,SPT720108,2022-07-22,1573.76
TAX935524,USR6278,SPT891315,2023-12-25,44321.17
TAX935525,USR8796,SPT1399292,2024-01-21,30834.03
TAX935526,USR6924,SPT1603343,2023-05-14,19707.81
TAX935527,USR3621,SPT982977,2024-01-09,18363.53
TAX935528,USR5961,SPT295766,2023-05-10,14764.3
TAX935529,USR380,SPT1045676,2023-02-14,33779.87
TAX935530,USR1175,SPT1408094,2022-09-10,15534.73
TAX935531,USR7531,SPT1413589,2023-10-13,19305.37
TAX935532,USR1297,SPT1728742,2022-06-22,24690.36
TAX935533,USR3564,SPT768949,2022-08-11,12506.39
TAX935534,USR1552,SPT1225091,2023-04-21,24338.23
TAX935535,USR730,SPT1398805,2022-08-27,14115.37
TAX935536,USR9522,SPT819948,2023-06-17,18405.3
TAX935537,USR8844,SPT1153813,2023-03-30,41195.81
TAX935538,USR3088,SPT720664,2022-08-13,28011.76
TAX935539,USR8168,SPT919629,2023-03-29,38962.95
TAX935540,USR5556,SPT53166,2022-04-19,20840.28
TAX935541,USR8856,SPT1187617,2022-09-09,41748.83
TAX935542,USR6139,SPT981909,2022-06-23,1196.26
TAX935543,USR3254,SPT710001,2022-07-24,46789.88
TAX935544,USR171,SPT1977512,2023-08-07,12901.6
TAX935545,USR1136,SPT1983934,2023-11-21,38485.87
TAX935546,USR2305,SPT464556,2022-04-13,1033.41
TAX935547,USR2018,SPT1371107,2022-08-29,23397.07
TAX935548,USR2592,SPT846951,2023-10-20,22934.37
TAX935549,USR8823,SPT607328,2023-07-13,21505.84
TAX935550,USR5805,SPT888515,2022-04-05,40528.59
TAX935551,USR8630,SPT1693584,2023-02-05,1877.07
TAX935552,USR1600,SPT558210,2022-09-23,48453.41
TAX935553,USR7799,SPT861611,2023-02-02,22601.66
TAX935554,USR8397,SPT243786,2023-09-10,24836.14
TAX935555,USR1943,SPT910070,2023-04-18,6708.15
TAX935556,USR325,SPT945978,2023-09-02,15244.61
TAX935557,USR7781,SPT1982929,2022-04-18,2062.7
TAX935558,USR3318,SPT834688,2022-07-10,28133.53
TAX935559,USR3554,SPT1541700,2023-09-03,42300.02
TAX935560,USR2249,SPT655932,2022-03-21,46332.5
TAX935561,USR8526,SPT1788767,2023-02-16,10064.2
TAX935562,USR5644,SPT325164,2023-08-16,35518.32
TAX935563,USR5687,SPT402471,2023-01-12,24581.4
TAX935564,USR9450,SPT1890073,2022-05-05,1161.73
TAX935565,USR4497,SPT1612282,2023-01-03,17334.06
TAX935566,USR50,SPT1704208,2023-07-10,13782.58
TAX935567,USR9316,SPT1115960,2023-12-12,23144.85
TAX935568,USR3718,SPT1406961,2022-12-18,38432.3
TAX935569,USR8032,SPT127277,2022-09-06,38546.99
TAX935570,USR9762,SPT1091523,2023-12-11,13866.03
TAX935571,USR1257,SPT739677,2023-01-05,18540.31
TAX935572,USR4589,SPT598305,2023-09-22,12722.72
TAX935573,USR728,SPT477984,2022-09-22,26539.38
TAX935574,USR8100,SPT1096852,2022-08-17,10088.65
TAX935575,USR2164,SPT1569582,2023-09-06,45564.21
TAX935576,USR8236,SPT1265808,2023-06-10,36538.72
TAX935577,USR2498,SPT925761,2023-04-03,36696.37
TAX935578,USR4725,SPT604076,2023-03-15,21598.71
TAX935579,USR668,SPT171772,2023-11-29,32305.58
TAX935580,USR4518,SPT751568,2023-11-20,48212.58
TAX935581,USR676,SPT1155047,2022-08-01,14445.88
TAX935582,USR8605,SPT1818496,2023-09-25,36889.25
TAX935583,USR7404,SPT1071258,2023-05-09,11140.0
TAX935584,USR735,SPT1262382,2023-06-09,48896.16
TAX935585,USR3383,SPT1878716,2022-03-18,31466.57
TAX935586,USR6739,SPT237978,2022-06-19,9954.88
TAX935587,USR4251,SPT102029,2022-08-25,9247.23
TAX935588,USR6799,SPT1877681,2023-01-20,1261.51
TAX935589,USR1196,SPT559259,2023-11-28,7923.5
TAX935590,USR7654,SPT805717,2022-02-14,33691.54
TAX935591,USR9188,SPT938997,2022-04-27,24060.11
TAX935592,USR5282,SPT133663,2023-07-19,5812.31
TAX935593,USR180,SPT1079343,2022-12-06,24621.77
TAX935594,USR3565,SPT1581138,2024-01-26,25214.32
TAX935595,USR8082,SPT635840,2022-05-26,7940.49
TAX935596,USR4926,SPT1922964,2023-11-18,6802.09
TAX935597,USR102,SPT1830590,2023-04-10,46594.83
TAX935598,USR6116,SPT727284,2023-08-30,10252.83
TAX935599,USR4393,SPT1117280,2023-08-10,2354.09
TAX935600,USR8702,SPT1343371,2023-03-05,36638.74
TAX935601,USR3018,SPT1290190,2022-05-10,24388.99
TAX935602,USR9162,SPT321999,2023-05-10,40070.25
TAX935603,USR2017,SPT1095611,2024-01-03,41342.2
TAX935604,USR1001,SPT1883217,2022-04-28,16363.42
TAX935605,USR6021,SPT1858003,2023-11-08,1814.81
TAX935606,USR5651,SPT153829,2022-10-11,5142.77
TAX935607,USR4813,SPT1120920,2023-02-02,13213.36
TAX935608,USR6209,SPT143692,2023-07-31,17099.69
TAX935609,USR4006,SPT1760471,2023-01-27,10640.53
TAX935610,USR5977,SPT1606859,2023-06-09,6005.86
TAX935611,USR2514,SPT844236,2022-04-28,14224.88
TAX935612,USR9583,SPT381546,2023-07-09,28607.39
TAX935613,USR1687,SPT1159057,2022-05-03,30071.07
TAX935614,USR6261,SPT418961,2022-10-30,1214.24
TAX935615,USR9589,SPT1090728,2023-07-14,35496.61
TAX935616,USR2078,SPT1892546,2024-01-30,39929.4
TAX935617,USR9009,SPT1692584,2023-03-15,5765.16
TAX935618,USR887,SPT751761,2023-06-15,33578.73
TAX935619,USR6617,SPT221015,2023-12-05,31855.64
TAX935620,USR4458,SPT1755671,2023-04-28,45920.56
TAX935621,USR9607,SPT470611,2023-05-15,47375.2
TAX935622,USR4272,SPT696114,2022-11-13,4333.19
TAX935623,USR4657,SPT638043,2023-01-10,29055.59
TAX935624,USR220,SPT568591,2022-05-02,44408.08
TAX935625,USR4071,SPT1988032,2022-02-28,26790.21
TAX935626,USR6865,SPT527123,2022-04-19,4310.37
TAX935627,USR7423,SPT1743903,2023-11-08,22307.72
TAX935628,USR5561,SPT1808428,2023-09-14,6467.77
TAX935629,USR5229,SPT1215228,2022-05-17,31029.42
TAX935630,USR8085,SPT1931240,2023-04-09,46844.73
TAX935631,USR1658,SPT1220368,2022-09-04,41080.08
TAX935632,USR9153,SPT703400,2023-05-06,30246.9
TAX935633,USR8732,SPT175421,2022-02-18,36078.08
TAX935634,USR3590,SPT1404012,2022-10-11,34055.91
TAX935635,USR1888,SPT1955707,2022-02-14,5814.92
TAX935636,USR9196,SPT1357017,2023-08-20,3985.77
TAX935637,USR1920,SPT1030349,2023-01-30,49447.83
TAX935638,USR2651,SPT569543,2022-12-15,39374.43
TAX935639,USR5001,SPT402289,2023-09-23,12062.96
TAX935640,USR4885,SPT937147,2023-05-15,4519.09
TAX935641,USR1577,SPT627756,2023-02-11,43673.91
TAX935642,USR3304,SPT272178,2023-06-16,33222.72
TAX935643,USR6239,SPT1386651,2022-07-17,29490.77
TAX935644,USR6062,SPT187690,2023-01-18,7489.1
TAX935645,USR697,SPT139251,2023-12-20,45900.37
TAX935646,USR3304,SPT663357,2022-06-06,19764.61
TAX935647,USR4187,SPT1738799,2022-08-10,38077.69
TAX935648,USR8544,SPT617751,2022-03-20,24147.77
TAX935649,USR8564,SPT437173,2023-08-29,14633.73
TAX935650,USR1266,SPT947788,2022-05-07,7424.96
TAX935651,USR2993,SPT727978,2023-08-12,40890.0
TAX935652,USR4616,SPT601510,2023-10-29,40439.58
TAX935653,USR8673,SPT485484,2022-10-21,21959.43
TAX935654,USR4208,SPT192597,2024-01-25,30990.07
TAX935655,USR4696,SPT137606,2022-05-07,3640.66
TAX935656,USR9543,SPT1949800,2022-05-20,17281.62
TAX935657,USR1879,SPT1699571,2022-02-10,46367.61
TAX935658,USR5542,SPT1772797,2024-02-03,35717.97
TAX935659,USR759,SPT1759050,2022-04-12,14009.59
TAX935660,USR6359,SPT1925290,2023-04-29,12857.03
TAX935661,USR8262,SPT1017347,2023-02-25,45305.36
TAX935662,USR9097,SPT686973,2023-09-29,10286.53
TAX935663,USR9916,SPT206301,2023-03-23,1814.46
TAX935664,USR9963,SPT629736,2022-10-05,1227.77
TAX935665,USR2065,SPT1857809,2022-06-20,24648.98
TAX935666,USR2229,SPT847399,2022-05-09,22407.34
TAX935667,USR589,SPT346693,2022-07-04,7269.17
TAX935668,USR4711,SPT635393,2023-11-16,39555.81
TAX935669,USR1409,SPT1974201,2022-08-10,22861.36
TAX935670,USR1252,SPT966995,2022-05-26,15504.17
TAX935671,USR5487,SPT1577027,2023-08-29,45874.97
TAX935672,USR6709,SPT1811233,2023-10-23,38266.59
TAX935673,USR4841,SPT1782194,2023-04-02,44170.78
TAX935674,USR1885,SPT877856,2023-08-05,49214.4
TAX935675,USR7213,SPT1957116,2024-01-31,42488.72
TAX935676,USR4548,SPT1213697,2022-03-06,43791.02
TAX935677,USR1022,SPT1213003,2023-10-12,30077.33
TAX935678,USR2827,SPT345902,2023-11-27,38842.33
TAX935679,USR2293,SPT141354,2023-02-20,8285.99
TAX935680,USR4433,SPT1205821,2023-09-27,18733.54
TAX935681,USR2282,SPT1281679,2022-08-05,36634.58
TAX935682,USR986,SPT919133,2022-04-21,46837.68
TAX935683,USR748,SPT877967,2022-12-18,40439.85
TAX935684,USR2503,SPT1096319,2024-01-29,24459.47
TAX935685,USR7482,SPT1855625,2023-11-23,7844.32
TAX935686,USR5764,SPT600789,2022-12-06,32171.57
TAX935687,USR5400,SPT556341,2023-01-31,25750.34
TAX935688,USR6562,SPT787686,2023-04-19,34992.4
TAX935689,USR3062,SPT700550,2022-12-14,42688.61
TAX935690,USR3954,SPT1388737,2023-05-11,49832.71
TAX935691,USR1714,SPT275908,2022-09-16,18319.84
TAX935692,USR2452,SPT1306179,2023-05-07,19559.91
TAX935693,USR7599,SPT1774455,2023-11-02,48727.42
TAX935694,USR5795,SPT1941652,2022-07-01,25286.17
TAX935695,USR8297,SPT622733,2023-01-05,10917.01
TAX935696,USR9628,SPT1004609,2023-07-05,26241.27
TAX935697,USR6800,SPT1351080,2023-06-05,22336.43
TAX935698,USR9433,SPT90936,2023-07-05,19577.9
TAX935699,USR1220,SPT935105,2024-01-29,12103.88
TAX935700,USR5931,SPT1742759,2022-12-27,11895.56
TAX935701,USR7470,SPT1838238,2023-08-16,34480.03
TAX935702,USR9966,SPT105464,2023-02-04,30546.56
TAX935703,USR1988,SPT1589497,2023-07-13,8862.34
TAX935704,USR4266,SPT640632,2024-02-05,47054.47
TAX935705,USR5564,SPT1222686,2023-01-23,15210.07
TAX935706,USR1591,SPT1877452,2022-04-04,46026.46
TAX935707,USR3793,SPT1800369,2022-04-16,42420.79
TAX935708,USR791,SPT1402695,2022-08-27,13101.43
TAX935709,USR2141,SPT516024,2022-03-30,11647.01
TAX935710,USR9120,SPT1862418,2022-07-24,32108.78
TAX935711,USR5634,SPT1035322,2023-10-21,46794.31
TAX935712,USR9703,SPT1860543,2022-02-27,1478.13
TAX935713,USR2977,SPT428009,2022-06-30,44730.64
TAX935714,USR6479,SPT239374,2023-01-18,23196.4
TAX935715,USR1502,SPT187538,2022-05-04,11774.01
TAX935716,USR8583,SPT478602,2022-03-10,17724.41
TAX935717,USR9080,SPT1467203,2022-07-07,47690.06
TAX935718,USR9792,SPT1032479,2023-05-31,19673.34
TAX935719,USR772,SPT1757176,2023-10-19,14643.78
TAX935720,USR8733,SPT737972,2023-06-29,40973.81
TAX935721,USR1848,SPT205232,2022-07-12,36522.96
TAX935722,USR2106,SPT1157251,2022-07-18,20507.9
TAX935723,USR7421,SPT183084,2023-07-12,19148.98
TAX935724,USR804,SPT1058371,2022-09-11,13344.57
TAX935725,USR7533,SPT565753,2023-05-05,42189.12
TAX935726,USR5488,SPT409668,2023-03-07,35010.31
TAX935727,USR2953,SPT955361,2024-01-31,27475.98
TAX935728,USR7591,SPT79008,2023-10-08,40242.35
TAX935729,USR3897,SPT1734555,2022-07-30,49705.28
TAX935730,USR2987,SPT1731543,2022-10-03,12201.75
TAX935731,USR2688,SPT610055,2022-03-31,33294.65
TAX935732,USR414,SPT312656,2024-01-26,23490.42
TAX935733,USR2696,SPT1395034,2023-10-22,46758.45
TAX935734,USR9633,SPT1504220,2023-11-19,19274.27
TAX935735,USR944,SPT1961978,2022-07-27,14517.71
TAX935736,USR6121,SPT1692150,2022-10-20,35081.3
TAX935737,USR6535,SPT1251675,2022-04-30,37297.72
TAX935738,USR1363,SPT96839,2023-10-29,10171.27
TAX935739,USR4425,SPT170210,2022-12-13,5454.83
TAX935740,USR8874,SPT797723,2022-09-09,40278.66
TAX935741,USR4780,SPT235939,2022-07-05,26201.98
TAX935742,USR3104,SPT300706,2022-02-24,35685.99
TAX935743,USR3429,SPT1376817,2024-01-23,5526.24
TAX935744,USR3509,SPT1521009,2023-02-14,29544.9
TAX935745,USR2013,SPT1096074,2022-12-29,13769.02
TAX935746,USR2256,SPT1272681,2022-06-04,37399.46
TAX935747,USR9654,SPT982687,2023-10-26,2776.49
TAX935748,USR271,SPT371422,2022-08-05,40184.44
TAX935749,USR1389,SPT1922271,2022-03-25,3676.22
TAX935750,USR9761,SPT580816,2022-06-25,21143.7
TAX935751,USR7105,SPT127925,2023-05-01,20242.37
TAX935752,USR4342,SPT784668,2023-07-09,12394.7
TAX935753,USR2980,SPT1633076,2023-06-20,7866.32
TAX935754,USR2110,SPT198050,2022-03-02,47139.81
TAX935755,USR8491,SPT906133,2023-07-24,26050.78
TAX935756,USR2887,SPT1121757,2023-05-08,4356.8
TAX935757,USR475,SPT1498605,2024-01-20,42336.37
TAX935758,USR925,SPT314316,2023-07-05,37946.01
TAX935759,USR9397,SPT1974849,2022-08-02,38269.04
TAX935760,USR4391,SPT1737264,2022-04-26,46243.36
TAX935761,USR9291,SPT1716823,2022-03-17,17745.5
TAX935762,USR4540,SPT1836760,2022-12-03,1658.98
TAX935763,USR8335,SPT1702035,2023-05-30,7663.41
TAX935764,USR1035,SPT1620632,2023-08-15,16626.46
TAX935765,USR944,SPT1411531,2022-06-16,32630.5
TAX935766,USR3405,SPT807747,2022-06-11,7711.37
TAX935767,USR4307,SPT150514,2023-06-19,49250.56
TAX935768,USR3429,SPT420223,2022-07-03,36770.46
TAX935769,USR8832,SPT1827776,2022-08-22,5118.59
TAX935770,USR3161,SPT1966659,2022-04-24,24060.53
TAX935771,USR5907,SPT1690071,2023-04-18,32141.1
TAX935772,USR6479,SPT75639,2023-12-29,40692.6
TAX935773,USR3098,SPT1979072,2022-09-07,12955.64
TAX935774,USR8311,SPT201188,2022-09-10,22197.82
TAX935775,USR1514,SPT1600035,2023-06-19,25401.84
TAX935776,USR5121,SPT752981,2023-09-16,3506.92
TAX935777,USR5019,SPT1027040,2022-10-12,3463.29
TAX935778,USR2228,SPT1102633,2023-01-15,46384.98
TAX935779,USR7594,SPT901260,2022-04-03,35290.56
TAX935780,USR4613,SPT1752682,2022-09-02,43485.32
TAX935781,USR9421,SPT1314185,2022-07-14,13520.02
TAX935782,USR8672,SPT1996656,2022-11-30,12101.0
TAX935783,USR7687,SPT1510480,2022-07-01,9837.64
TAX935784,USR4359,SPT1359360,2023-09-12,48485.96
TAX935785,USR7434,SPT1800337,2023-04-13,25165.11
TAX935786,USR8826,SPT782044,2023-11-21,19016.77
TAX935787,USR8155,SPT585335,2022-10-14,3383.66
TAX935788,USR1670,SPT1475807,2022-12-05,11756.75
TAX935789,USR2221,SPT335909,2023-10-19,10231.22
TAX935790,USR2948,SPT980537,2022-06-24,25288.16
TAX935791,USR4232,SPT766890,2023-12-24,48997.05
TAX935792,USR7798,SPT373963,2023-08-24,46450.84
TAX935793,USR8489,SPT267657,2023-09-12,12154.91
TAX935794,USR4281,SPT1640570,2022-03-06,15021.51
TAX935795,USR2976,SPT1122664,2022-07-17,15438.42
TAX935796,USR2363,SPT613755,2023-11-01,24419.79
TAX935797,USR7776,SPT1199679,2022-12-31,28712.78
TAX935798,USR2871,SPT344159,2022-09-14,8626.31
TAX935799,USR7762,SPT1048428,2022-03-21,10637.57
TAX935800,USR972,SPT36981,2023-12-04,27036.64
TAX935801,USR9680,SPT145337,2022-07-16,44305.11
TAX935802,USR6811,SPT905915,2023-08-16,13881.62
TAX935803,USR896,SPT1588364,2023-07-09,46630.15
TAX935804,USR278,SPT1376753,2023-06-08,37765.76
TAX935805,USR2805,SPT1884016,2023-05-21,9138.37
TAX935806,USR61,SPT1461510,2023-10-27,39918.36
TAX935807,USR9180,SPT815699,2022-10-21,42858.8
TAX935808,USR9141,SPT143911,2022-06-14,10164.76
TAX935809,USR9750,SPT788849,2023-12-23,14692.08
TAX935810,USR6925,SPT1832342,2022-06-13,22159.68
TAX935811,USR8977,SPT877036,2023-05-13,13824.1
TAX935812,USR9693,SPT1504514,2023-09-30,26171.53
TAX935813,USR5301,SPT713885,2023-05-20,15675.15
TAX935814,USR972,SPT1096698,2023-08-16,36139.98
TAX935815,USR4211,SPT817325,2022-11-17,44139.37
TAX935816,USR9234,SPT1872129,2023-11-25,9782.5
TAX935817,USR9767,SPT1273445,2023-12-03,41547.57
TAX935818,USR2126,SPT1766742,2022-04-29,27171.66
TAX935819,USR3584,SPT705857,2022-12-06,30855.67
TAX935820,USR5437,SPT1528209,2022-08-15,42055.85
TAX935821,USR5026,SPT1237431,2023-04-16,44600.03
TAX935822,USR8017,SPT1428247,2023-11-03,26383.82
TAX935823,USR2568,SPT1033365,2022-02-15,31767.26
TAX935824,USR9401,SPT1762233,2022-12-31,48826.03
TAX935825,USR438,SPT1157093,2023-08-11,45403.26
TAX935826,USR5911,SPT1478726,2022-06-12,19184.66
TAX935827,USR4637,SPT1438191,2023-09-06,10506.36
TAX935828,USR7139,SPT1169021,2024-02-01,18522.86
TAX935829,USR3784,SPT1006677,2022-04-07,2950.32
TAX935830,USR5424,SPT438101,2023-03-04,40412.31
TAX935831,USR6091,SPT1264607,2022-09-29,23975.05
TAX935832,USR3128,SPT1958746,2022-05-21,3572.75
TAX935833,USR7191,SPT1112023,2022-07-04,18119.79
TAX935834,USR7441,SPT1020855,2022-11-09,8198.37
TAX935835,USR4460,SPT689166,2022-05-30,8103.41
TAX935836,USR8331,SPT1160575,2022-12-25,5706.12
TAX935837,USR6455,SPT1957804,2023-05-07,46035.83
TAX935838,USR2202,SPT1669392,2023-01-29,1559.81
TAX935839,USR7191,SPT801732,2023-02-13,7003.83
TAX935840,USR3971,SPT1345093,2023-11-28,31062.49
TAX935841,USR1580,SPT193301,2023-05-31,18736.0
TAX935842,USR1953,SPT1551692,2022-02-23,1718.33
TAX935843,USR5518,SPT542401,2023-09-19,44179.38
TAX935844,USR305,SPT1703747,2023-04-16,10283.17
TAX935845,USR5012,SPT1213470,2023-04-15,49634.0
TAX935846,USR8299,SPT1041386,2022-05-04,13170.61
TAX935847,USR5302,SPT1964804,2022-10-18,38488.2
TAX935848,USR1442,SPT1310202,2023-03-31,20399.39
TAX935849,USR7589,SPT852160,2022-07-03,23420.41
TAX935850,USR9208,SPT499950,2022-10-14,38752.17
TAX935851,USR9196,SPT1486645,2024-01-15,21376.99
TAX935852,USR966,SPT1459286,2023-09-10,34881.8
TAX935853,USR4851,SPT1022053,2023-06-08,26779.21
TAX935854,USR7016,SPT1981879,2022-02-24,13449.19
TAX935855,USR6518,SPT82098,2023-01-28,18747.61
TAX935856,USR7276,SPT563664,2024-02-07,44963.33
TAX935857,USR7603,SPT734240,2023-01-05,14461.42
TAX935858,USR6784,SPT485716,2022-07-13,10848.0
TAX935859,USR4479,SPT241568,2022-08-10,44267.1
TAX935860,USR7270,SPT1272323,2022-10-15,17087.13
TAX935861,USR2351,SPT985522,2023-03-03,8811.84
TAX935862,USR8944,SPT1361574,2023-10-06,48789.65
TAX935863,USR3445,SPT390604,2023-03-19,41419.47
TAX935864,USR5896,SPT723499,2023-04-24,26620.39
TAX935865,USR8775,SPT1575470,2023-07-22,40780.91
TAX935866,USR2766,SPT990660,2023-09-14,9331.44
TAX935867,USR229,SPT311735,2023-03-17,17520.22
TAX935868,USR4062,SPT1684761,2022-05-12,46210.28
TAX935869,USR7650,SPT1801813,2022-10-27,42602.66
TAX935870,USR3943,SPT1423747,2022-03-02,24611.79
TAX935871,USR3264,SPT1253430,2023-05-07,26672.85
TAX935872,USR5702,SPT1515219,2023-04-13,10563.39
TAX935873,USR2588,SPT910652,2023-10-14,36043.57
TAX935874,USR9974,SPT360078,2022-12-16,21852.21
TAX935875,USR2469,SPT829,2023-01-29,45361.9
TAX935876,USR335,SPT816138,2023-12-20,1831.7
TAX935877,USR3829,SPT1126101,2023-01-20,42015.9
TAX935878,USR5760,SPT341225,2023-08-20,17349.47
TAX935879,USR1255,SPT1484701,2023-07-18,27136.55
TAX935880,USR7590,SPT10711,2023-07-11,30552.83
TAX935881,USR2852,SPT669436,2022-08-26,1157.39
TAX935882,USR3030,SPT149661,2023-08-13,10638.36
TAX935883,USR1894,SPT1329071,2023-05-02,15991.82
TAX935884,USR3518,SPT1474582,2023-07-03,25686.82
TAX935885,USR8534,SPT348816,2023-04-18,12955.11
TAX935886,USR474,SPT789513,2022-07-12,15188.92
TAX935887,USR988,SPT1837489,2023-10-08,26877.21
TAX935888,USR4328,SPT1420734,2024-01-25,19103.28
TAX935889,USR7904,SPT1850178,2022-05-26,37181.48
TAX935890,USR8271,SPT1434764,2022-10-22,33692.1
TAX935891,USR6801,SPT263476,2023-07-01,22168.11
TAX935892,USR529,SPT1116022,2022-10-19,29907.35
TAX935893,USR1178,SPT314313,2022-09-02,32506.53
TAX935894,USR7133,SPT1757550,2023-09-10,25427.16
TAX935895,USR728,SPT934153,2022-08-19,12361.39
TAX935896,USR8225,SPT1977604,2022-08-24,26428.29
TAX935897,USR7095,SPT321172,2023-04-22,45535.97
TAX935898,USR5704,SPT906225,2023-10-11,28916.34
TAX935899,USR2236,SPT981956,2022-11-11,2475.92
TAX935900,USR3215,SPT661434,2022-03-24,24448.77
TAX935901,USR7669,SPT1028589,2023-05-28,21518.53
TAX935902,USR9430,SPT17268,2022-12-30,40791.97
TAX935903,USR1086,SPT144682,2022-04-04,47942.5
TAX935904,USR9639,SPT1884535,2023-09-04,19696.38
TAX935905,USR540,SPT1101406,2022-10-28,13891.08
TAX935906,USR8686,SPT1680914,2022-12-14,46322.93
TAX935907,USR9559,SPT43805,2022-09-27,30500.57
TAX935908,USR2037,SPT1006660,2022-11-26,21556.6
TAX935909,USR6867,SPT740811,2022-10-29,5185.81
TAX935910,USR4434,SPT1129018,2023-03-10,9079.24
TAX935911,USR283,SPT393245,2023-12-01,49128.47
TAX935912,USR1665,SPT616221,2023-05-06,39553.49
TAX935913,USR9272,SPT942513,2023-06-27,2982.45
TAX935914,USR6009,SPT450925,2023-12-25,32185.64
TAX935915,USR6780,SPT1958403,2022-06-04,9380.52
TAX935916,USR1332,SPT983195,2022-10-16,17732.98
TAX935917,USR4977,SPT723467,2023-04-29,1154.0
TAX935918,USR9252,SPT252618,2023-11-29,20410.61
TAX935919,USR8193,SPT1894882,2024-02-05,24382.16
TAX935920,USR9581,SPT124598,2022-11-29,31243.57
TAX935921,USR9889,SPT642467,2022-09-07,28055.68
TAX935922,USR9228,SPT722330,2024-02-02,49157.46
TAX935923,USR9646,SPT1772991,2022-10-31,25713.24
TAX935924,USR8444,SPT207089,2023-07-31,11361.34
TAX935925,USR4293,SPT61597,2023-10-18,11153.35
TAX935926,USR312,SPT1135327,2022-09-17,45159.26
TAX935927,USR4322,SPT1430626,2022-02-15,7989.31
TAX935928,USR5670,SPT291046,2023-10-31,40921.06
TAX935929,USR5882,SPT1896985,2023-11-02,14789.91
TAX935930,USR9352,SPT867978,2023-12-02,6982.24
TAX935931,USR5487,SPT609541,2023-06-16,3396.46
TAX935932,USR4024,SPT453264,2022-10-16,31740.18
TAX935933,USR5174,SPT1804134,2023-05-28,24039.73
TAX935934,USR3160,SPT1100780,2024-01-30,8284.98
TAX935935,USR8135,SPT14969,2022-03-15,28871.56
TAX935936,USR2800,SPT1284994,2023-03-10,36145.53
TAX935937,USR517,SPT1310705,2023-04-22,27967.42
TAX935938,USR6236,SPT1088461,2023-08-12,17217.92
TAX935939,USR2943,SPT1927222,2023-09-25,16521.03
TAX935940,USR3236,SPT267138,2023-03-06,1871.19
TAX935941,USR3674,SPT1254437,2022-07-02,25267.77
TAX935942,USR2858,SPT1090731,2023-10-22,13165.61
TAX935943,USR2244,SPT1515385,2022-11-25,37762.75
TAX935944,USR1438,SPT309395,2023-09-16,19174.1
TAX935945,USR4789,SPT1191521,2022-03-05,32205.41
TAX935946,USR3597,SPT197242,2022-07-15,48098.41
TAX935947,USR3983,SPT610003,2023-01-01,22321.18
TAX935948,USR2329,SPT439,2024-02-09,22459.07
TAX935949,USR6750,SPT819050,2023-04-25,20213.63
TAX935950,USR5460,SPT79605,2022-03-29,32144.04
TAX935951,USR592,SPT1003164,2023-09-08,48928.35
TAX935952,USR4710,SPT945129,2023-08-07,32442.36
TAX935953,USR9033,SPT1176236,2022-11-23,36056.54
TAX935954,USR1146,SPT36664,2022-04-12,32189.67
TAX935955,USR6916,SPT666339,2022-03-24,29488.95
TAX935956,USR898,SPT1475597,2022-11-01,23925.73
TAX935957,USR2538,SPT1197388,2023-05-15,24891.98
TAX935958,USR8432,SPT1888516,2023-03-19,11006.89
TAX935959,USR3231,SPT1915019,2022-03-04,20072.62
TAX935960,USR5447,SPT986975,2022-03-06,15633.12
TAX935961,USR7325,SPT227990,2023-10-22,20863.91
TAX935962,USR6221,SPT1391939,2022-02-26,45671.36
TAX935963,USR6375,SPT1847785,2022-05-29,48487.2
TAX935964,USR6692,SPT1520632,2023-01-12,38642.94
TAX935965,USR6254,SPT1480492,2023-06-22,12431.15
TAX935966,USR6269,SPT1224688,2023-01-10,1899.58
TAX935967,USR7525,SPT1135298,2023-05-11,5076.26
TAX935968,USR6991,SPT1063166,2022-08-27,49686.96
TAX935969,USR2581,SPT1138480,2023-06-26,48688.43
TAX935970,USR2788,SPT1548471,2022-07-17,16352.61
TAX935971,USR1924,SPT858800,2022-12-19,16235.71
TAX935972,USR1476,SPT141327,2022-05-25,37767.4
TAX935973,USR8262,SPT1948537,2022-03-11,40677.57
TAX935974,USR3249,SPT1445192,2022-09-30,28994.06
TAX935975,USR6649,SPT467531,2022-03-10,6556.01
TAX935976,USR9073,SPT1151503,2022-11-05,19602.96
TAX935977,USR146,SPT588727,2023-07-11,28077.55
TAX935978,USR2607,SPT496506,2024-02-09,21051.06
TAX935979,USR4517,SPT1292568,2024-02-09,2695.67
TAX935980,USR3499,SPT1579207,2022-04-03,20394.4
TAX935981,USR582,SPT555581,2023-05-28,37645.03
TAX935982,USR3443,SPT648055,2022-07-08,48190.23
TAX935983,USR6015,SPT1864440,2022-02-18,40182.07
TAX935984,USR3541,SPT1495453,2023-11-10,23832.49
TAX935985,USR6873,SPT210985,2023-06-03,41271.5
TAX935986,USR3937,SPT279981,2023-02-21,14518.03
TAX935987,USR1874,SPT399442,2022-11-05,19843.45
TAX935988,USR1023,SPT48921,2023-03-16,6471.44
TAX935989,USR6564,SPT1588253,2022-03-08,38941.04
TAX935990,USR1672,SPT1611904,2022-05-31,28721.33
TAX935991,USR5223,SPT1848478,2023-03-09,8695.61
TAX935992,USR5872,SPT1094086,2022-03-09,36287.54
TAX935993,USR6265,SPT1867438,2023-07-16,20404.77
TAX935994,USR8582,SPT1541126,2023-10-15,38214.4
TAX935995,USR5639,SPT1162669,2023-02-02,22359.71
TAX935996,USR504,SPT1586213,2023-03-20,4087.5
TAX935997,USR5440,SPT1036902,2022-08-26,24029.41
TAX935998,USR6854,SPT1893201,2023-10-21,46598.38
TAX935999,USR5372,SPT482398,2024-01-12,37933.83
TAX936000,USR4524,SPT621082,2022-06-19,32828.44
TAX936001,USR8555,SPT387044,2022-05-04,17153.8
TAX936002,USR2719,SPT1032117,2023-05-18,24870.83
TAX936003,USR9442,SPT1978736,2023-07-20,34313.29
TAX936004,USR369,SPT887870,2023-09-02,45691.48
TAX936005,USR4602,SPT408870,2023-01-03,31847.41
TAX936006,USR410,SPT1832079,2023-08-25,37618.99
TAX936007,USR5776,SPT1894244,2023-10-06,6120.13
TAX936008,USR9200,SPT1763918,2023-02-21,27803.3
TAX936009,USR558,SPT1871524,2023-04-13,37334.68
TAX936010,USR3741,SPT120279,2022-09-26,9202.72
TAX936011,USR5199,SPT945024,2024-01-22,4425.07
TAX936012,USR260,SPT887860,2022-10-05,41686.97
TAX936013,USR6238,SPT905455,2022-03-02,46950.9
TAX936014,USR8642,SPT716617,2022-11-20,48838.67
TAX936015,USR2836,SPT269578,2023-09-09,34349.59
TAX936016,USR5045,SPT1449665,2023-12-06,44919.6
TAX936017,USR7246,SPT311589,2022-07-22,27370.98
TAX936018,USR2303,SPT855290,2022-12-09,24009.9
TAX936019,USR8224,SPT462087,2023-04-11,26176.33
TAX936020,USR2389,SPT1206503,2023-07-25,2983.15
TAX936021,USR3054,SPT1766526,2022-06-10,28558.77
TAX936022,USR7547,SPT776505,2022-10-28,19881.59
TAX936023,USR4945,SPT1884722,2022-03-08,40676.94
TAX936024,USR1630,SPT1882865,2023-07-10,8417.28
TAX936025,USR8201,SPT1232902,2023-11-05,37645.54
TAX936026,USR4424,SPT1876677,2022-11-04,41262.73
TAX936027,USR2680,SPT954919,2023-02-06,30362.55
TAX936028,USR1347,SPT1706425,2023-10-21,27369.63
TAX936029,USR2224,SPT1745381,2023-08-15,14185.54
TAX936030,USR4326,SPT778654,2023-07-05,23571.48
TAX936031,USR9024,SPT1815746,2022-05-13,22227.62
TAX936032,USR4167,SPT164392,2024-01-20,34056.91
TAX936033,USR3199,SPT875092,2023-01-25,5351.88
TAX936034,USR3934,SPT570487,2022-02-24,39731.19
TAX936035,USR9031,SPT1247342,2023-05-26,39146.61
TAX936036,USR8832,SPT746898,2022-12-09,17601.14
TAX936037,USR525,SPT1125714,2023-06-03,49319.66
TAX936038,USR2257,SPT291239,2022-09-25,35883.58
TAX936039,USR651,SPT1001319,2022-12-27,38861.42
TAX936040,USR9298,SPT1992888,2023-07-22,12287.94
TAX936041,USR944,SPT1141260,2023-08-11,46459.98
TAX936042,USR9722,SPT1934418,2023-11-21,39529.76
TAX936043,USR5867,SPT1520464,2022-08-06,22715.42
TAX936044,USR8361,SPT1577309,2023-07-08,35911.43
TAX936045,USR570,SPT169862,2023-10-08,7205.1
TAX936046,USR8379,SPT28019,2022-11-25,19280.53
TAX936047,USR9419,SPT1961922,2023-04-28,42203.28
TAX936048,USR3805,SPT1193918,2024-02-04,16032.56
TAX936049,USR8045,SPT768863,2022-08-30,32575.02
TAX936050,USR1451,SPT934644,2024-02-02,44254.44
TAX936051,USR574,SPT1812857,2023-02-06,27187.93
TAX936052,USR5536,SPT680271,2023-02-10,21006.32
TAX936053,USR3142,SPT114182,2022-04-15,7830.85
TAX936054,USR1946,SPT1009652,2023-08-07,38716.31
TAX936055,USR2688,SPT677982,2024-01-31,17225.79
TAX936056,USR1898,SPT1143073,2022-12-26,13693.22
TAX936057,USR2695,SPT1588381,2022-09-16,26765.38
TAX936058,USR6535,SPT947077,2022-12-22,7363.3
TAX936059,USR1975,SPT1790568,2023-12-10,41163.26
TAX936060,USR747,SPT51558,2022-06-29,13772.43
TAX936061,USR2884,SPT1329759,2022-06-08,34662.0
TAX936062,USR3383,SPT1806364,2022-09-18,24903.65
TAX936063,USR4711,SPT1703918,2022-08-06,1370.48
TAX936064,USR3162,SPT1478676,2022-06-07,27409.27
TAX936065,USR6075,SPT62050,2022-08-13,41984.8
TAX936066,USR4129,SPT979295,2023-07-18,36524.21
TAX936067,USR8619,SPT450630,2023-10-31,46651.88
TAX936068,USR3248,SPT750259,2022-03-11,14576.4
TAX936069,USR1677,SPT877089,2022-04-07,48928.11
TAX936070,USR8459,SPT1476411,2023-08-23,3777.25
TAX936071,USR9348,SPT1320554,2022-10-09,1801.8
TAX936072,USR8185,SPT566331,2023-10-31,32252.36
TAX936073,USR9976,SPT27518,2022-05-18,45435.7
TAX936074,USR6925,SPT818573,2023-03-21,12110.46
TAX936075,USR2975,SPT882661,2023-10-01,36818.25
TAX936076,USR6677,SPT602863,2022-07-10,1619.07
TAX936077,USR4396,SPT853808,2023-08-07,29201.15
TAX936078,USR1753,SPT1432050,2023-12-19,41359.07
TAX936079,USR8388,SPT1429037,2023-09-05,24773.62
TAX936080,USR5184,SPT1095025,2022-07-23,1038.95
TAX936081,USR9568,SPT1408283,2023-12-04,33881.6
TAX936082,USR4186,SPT858741,2022-07-01,24920.04
TAX936083,USR396,SPT969748,2022-08-20,22833.67
TAX936084,USR742,SPT1612626,2022-09-04,20280.41
TAX936085,USR5055,SPT1861099,2023-08-25,35483.81
TAX936086,USR7986,SPT1123837,2023-04-18,29663.24
TAX936087,USR4231,SPT459856,2023-11-03,17494.56
TAX936088,USR2394,SPT511554,2022-03-13,38499.27
TAX936089,USR5147,SPT1519304,2023-09-15,19322.45
TAX936090,USR5657,SPT692566,2023-07-26,17158.05
TAX936091,USR4105,SPT1011506,2022-05-06,1224.78
TAX936092,USR3376,SPT298731,2023-08-23,41482.44
TAX936093,USR4663,SPT163449,2023-04-30,2446.14
TAX936094,USR7562,SPT1295364,2022-02-16,23209.55
TAX936095,USR6104,SPT773761,2022-11-24,37685.48
TAX936096,USR5119,SPT166903,2023-04-15,35609.89
TAX936097,USR4613,SPT304649,2023-03-30,30092.96
TAX936098,USR1522,SPT899787,2022-05-30,11597.02
TAX936099,USR6792,SPT997287,2022-03-07,9515.38
TAX936100,USR5135,SPT976969,2023-12-19,46946.39
TAX936101,USR2835,SPT829719,2022-08-24,24914.9
TAX936102,USR7545,SPT489420,2022-04-12,42221.14
TAX936103,USR279,SPT1288859,2022-08-15,21642.25
TAX936104,USR691,SPT1885785,2022-05-22,32628.3
TAX936105,USR8677,SPT169821,2022-10-09,45980.76
TAX936106,USR9902,SPT385912,2023-07-29,18071.92
TAX936107,USR3897,SPT1548344,2022-09-29,46305.95
TAX936108,USR4038,SPT753169,2022-04-08,39688.72
TAX936109,USR1337,SPT1028318,2023-03-11,44016.67
TAX936110,USR6296,SPT526821,2022-07-21,44331.98
TAX936111,USR1332,SPT1046839,2022-10-15,39850.41
TAX936112,USR9575,SPT483927,2022-12-02,35782.13
TAX936113,USR9698,SPT1318809,2023-10-30,25925.43
TAX936114,USR6733,SPT679685,2022-03-03,49444.92
TAX936115,USR6388,SPT1972568,2023-10-11,14320.69
TAX936116,USR1327,SPT839300,2022-06-03,37227.53
TAX936117,USR5039,SPT1932014,2022-11-20,37236.83
TAX936118,USR6264,SPT1661295,2023-09-05,37775.12
TAX936119,USR8268,SPT1702986,2023-11-19,25101.62
TAX936120,USR4968,SPT1637456,2023-09-12,49975.32
TAX936121,USR8390,SPT1602580,2023-02-06,43125.78
TAX936122,USR5592,SPT1192306,2022-07-06,11925.85
TAX936123,USR3538,SPT1796351,2022-02-21,33425.69
TAX936124,USR3030,SPT593221,2023-10-03,8888.89
TAX936125,USR3495,SPT339027,2023-03-26,29445.12
TAX936126,USR2725,SPT334834,2022-03-01,37069.14
TAX936127,USR5437,SPT679208,2024-01-02,12001.6
TAX936128,USR8673,SPT1669526,2022-02-24,38275.37
TAX936129,USR3089,SPT1944173,2022-03-04,22904.84
TAX936130,USR2139,SPT664963,2024-01-08,33346.64
TAX936131,USR5027,SPT922627,2023-06-27,6152.69
TAX936132,USR6277,SPT987773,2023-11-19,17828.96
TAX936133,USR4501,SPT439434,2023-03-11,31084.7
TAX936134,USR1416,SPT9898,2022-12-03,30577.73
TAX936135,USR1482,SPT1583588,2023-08-07,28470.59
TAX936136,USR6447,SPT1063405,2022-08-22,27256.97
TAX936137,USR4362,SPT802604,2022-10-02,13385.83
TAX936138,USR4929,SPT150439,2022-06-10,29700.29
TAX936139,USR1597,SPT1676341,2022-11-03,26071.01
TAX936140,USR7619,SPT1385102,2023-10-18,18615.46
TAX936141,USR7429,SPT277816,2023-01-09,11954.41
TAX936142,USR681,SPT824004,2023-05-05,26074.35
TAX936143,USR5347,SPT1834351,2023-06-30,33335.53
TAX936144,USR7206,SPT1791447,2024-01-06,46609.69
TAX936145,USR4725,SPT848315,2022-07-29,29523.53
TAX936146,USR6624,SPT35210,2023-01-10,4023.43
TAX936147,USR6986,SPT224258,2023-02-10,34131.18
TAX936148,USR7211,SPT1111412,2022-04-14,15496.64
TAX936149,USR8252,SPT754288,2023-06-29,19922.92
TAX936150,USR1366,SPT1804958,2022-10-09,5593.94
TAX936151,USR8983,SPT1626957,2023-02-18,16654.48
TAX936152,USR8257,SPT986346,2022-05-12,3709.06
TAX936153,USR4872,SPT1576176,2023-09-29,30360.49
TAX936154,USR7929,SPT1834867,2022-11-10,27547.48
TAX936155,USR3500,SPT221212,2023-10-05,4996.25
TAX936156,USR3762,SPT343618,2023-06-08,35645.81
TAX936157,USR7176,SPT213438,2022-08-24,39234.26
TAX936158,USR482,SPT612345,2022-09-18,14436.32
TAX936159,USR2107,SPT1108065,2023-04-13,25455.05
TAX936160,USR8116,SPT1929273,2024-01-16,30002.34
TAX936161,USR144,SPT1309376,2023-11-26,14020.44
TAX936162,USR2558,SPT1958154,2022-05-19,48273.32
TAX936163,USR1513,SPT1807757,2022-04-30,38191.3
TAX936164,USR3466,SPT24874,2022-08-30,33122.99
TAX936165,USR4463,SPT1677339,2023-10-16,40555.92
TAX936166,USR5520,SPT1745551,2022-08-25,37750.33
TAX936167,USR6363,SPT1168462,2023-10-06,13912.24
TAX936168,USR5906,SPT417953,2022-04-21,38559.98
TAX936169,USR1488,SPT1494552,2022-12-09,7546.75
TAX936170,USR9313,SPT1496418,2022-10-11,26515.36
TAX936171,USR42,SPT1565213,2022-03-09,22079.69
TAX936172,USR5479,SPT55877,2022-08-21,38528.33
TAX936173,USR2987,SPT1136038,2022-06-08,11772.1
TAX936174,USR298,SPT1681393,2023-02-05,6481.76
TAX936175,USR1772,SPT278914,2023-09-02,33536.63
TAX936176,USR7081,SPT1709789,2023-06-05,4485.02
TAX936177,USR9013,SPT1641328,2023-11-30,33095.42
TAX936178,USR972,SPT1602411,2022-08-23,23652.73
TAX936179,USR3605,SPT388103,2023-03-11,11274.75
TAX936180,USR1230,SPT45684,2022-07-28,12123.23
TAX936181,USR6166,SPT1294996,2023-11-28,9283.06
TAX936182,USR7192,SPT338268,2022-07-22,28726.75
TAX936183,USR523,SPT220711,2022-12-06,34647.23
TAX936184,USR6732,SPT54896,2023-05-09,15409.15
TAX936185,USR655,SPT1134421,2023-10-04,22206.26
TAX936186,USR6166,SPT1748455,2022-12-01,12755.46
TAX936187,USR9297,SPT1903976,2023-10-04,16112.9
TAX936188,USR3470,SPT1394073,2022-03-04,29711.67
TAX936189,USR3391,SPT1629035,2022-08-18,6818.78
TAX936190,USR4390,SPT1827044,2022-10-10,43853.99
TAX936191,USR1065,SPT1312187,2023-10-16,10604.34
TAX936192,USR8621,SPT860815,2024-02-03,5900.6
TAX936193,USR7340,SPT703403,2023-01-08,1762.68
TAX936194,USR2060,SPT1155735,2022-09-20,42571.08
TAX936195,USR220,SPT701191,2022-07-19,41209.85
TAX936196,USR4150,SPT1792964,2023-01-11,6197.05
TAX936197,USR1810,SPT1028063,2022-04-28,8966.75
TAX936198,USR2895,SPT1612967,2023-09-07,49481.99
TAX936199,USR971,SPT1630305,2022-07-21,9625.26
TAX936200,USR8414,SPT1100805,2022-06-07,43673.63
TAX936201,USR4745,SPT981894,2022-08-15,49408.9
TAX936202,USR513,SPT1788623,2023-01-06,34255.36
TAX936203,USR9026,SPT1770003,2022-07-08,35908.15
TAX936204,USR6913,SPT1860915,2023-05-09,39900.27
TAX936205,USR8760,SPT321730,2022-07-15,13633.39
TAX936206,USR9423,SPT37043,2022-04-25,26038.86
TAX936207,USR7713,SPT1176738,2022-10-26,47488.52
TAX936208,USR5215,SPT28641,2022-03-14,36791.38
TAX936209,USR4978,SPT973646,2022-08-30,37593.43
TAX936210,USR4556,SPT1986948,2023-08-05,2143.0
TAX936211,USR6483,SPT786702,2023-09-20,10700.01
TAX936212,USR2556,SPT101520,2022-03-10,47981.35
TAX936213,USR4316,SPT823193,2023-05-23,24614.64
TAX936214,USR4347,SPT977847,2024-02-01,45027.47
TAX936215,USR6372,SPT567401,2023-02-20,18870.44
TAX936216,USR1604,SPT201369,2022-06-14,23736.43
TAX936217,USR231,SPT825802,2023-07-18,14161.91
TAX936218,USR1010,SPT1371606,2023-05-04,26139.77
TAX936219,USR5743,SPT775746,2022-08-31,2936.67
TAX936220,USR2918,SPT73316,2022-03-21,19700.95
TAX936221,USR1873,SPT674860,2023-04-03,7454.65
TAX936222,USR3369,SPT1480896,2023-01-31,21830.13
TAX936223,USR5526,SPT391965,2022-12-22,13554.32
TAX936224,USR9176,SPT942318,2022-08-03,27760.87
TAX936225,USR6373,SPT1964896,2022-03-19,47520.26
TAX936226,USR675,SPT419118,2022-07-22,33106.72
TAX936227,USR5165,SPT18595,2023-12-20,34412.57
TAX936228,USR1380,SPT1058821,2023-07-07,18960.13
TAX936229,USR686,SPT1328473,2023-09-16,3575.51
TAX936230,USR2884,SPT1285538,2023-08-30,34111.04
TAX936231,USR5361,SPT850298,2023-07-21,2373.45
TAX936232,USR4635,SPT1833605,2023-04-18,30698.88
TAX936233,USR7876,SPT1036177,2022-12-26,18294.7
TAX936234,USR1922,SPT775007,2023-05-17,1832.69
TAX936235,USR9264,SPT561198,2023-05-22,6657.84
TAX936236,USR8154,SPT1496029,2023-03-16,46766.58
TAX936237,USR6786,SPT1118369,2023-05-23,15445.07
TAX936238,USR2177,SPT1574250,2022-03-21,5200.57
TAX936239,USR9071,SPT77553,2023-01-14,39088.83
TAX936240,USR5240,SPT1546179,2023-05-11,17926.45
TAX936241,USR6155,SPT292711,2023-10-06,2884.85
TAX936242,USR123,SPT1106065,2022-06-20,42290.15
TAX936243,USR1203,SPT1627461,2022-08-25,3675.79
TAX936244,USR7151,SPT175266,2023-03-12,32924.43
TAX936245,USR3967,SPT1802537,2022-05-09,44292.56
TAX936246,USR5840,SPT915141,2023-05-02,45169.08
TAX936247,USR6169,SPT1088406,2022-06-22,18133.91
TAX936248,USR4422,SPT1446523,2023-10-08,16703.6
TAX936249,USR6516,SPT1088501,2022-08-04,9110.02
TAX936250,USR1021,SPT1083286,2023-03-07,9392.2
TAX936251,USR6333,SPT1436058,2022-10-27,1390.89
TAX936252,USR516,SPT215026,2022-09-27,10738.49
TAX936253,USR6923,SPT1736840,2024-01-01,20677.64
TAX936254,USR2342,SPT814174,2022-04-20,19231.85
TAX936255,USR2745,SPT1776219,2023-09-10,26256.61
TAX936256,USR9059,SPT1312350,2023-10-02,10169.86
TAX936257,USR1479,SPT678498,2023-07-13,12943.61
TAX936258,USR5590,SPT1742703,2023-09-05,34236.68
TAX936259,USR8445,SPT549374,2022-02-24,43999.89
TAX936260,USR3764,SPT1478443,2022-06-08,24491.41
TAX936261,USR162,SPT1059259,2023-11-01,14285.61
TAX936262,USR2101,SPT950219,2023-06-03,45533.1
TAX936263,USR6455,SPT469524,2023-04-27,28887.78
TAX936264,USR3867,SPT37424,2023-09-22,38884.27
TAX936265,USR5956,SPT960279,2022-12-02,19058.32
TAX936266,USR6620,SPT398693,2022-07-11,45292.81
TAX936267,USR6178,SPT843096,2022-08-05,36067.17
TAX936268,USR5020,SPT945680,2022-05-25,19367.01
TAX936269,USR5514,SPT656124,2023-08-26,32926.5
TAX936270,USR2751,SPT1304909,2023-03-24,4297.38
TAX936271,USR4198,SPT1959484,2024-01-31,33857.38
TAX936272,USR805,SPT362781,2022-03-13,5336.07
TAX936273,USR5440,SPT1059612,2023-11-18,12864.91
TAX936274,USR9609,SPT1170223,2023-01-26,28460.22
TAX936275,USR8059,SPT182919,2022-08-15,1401.72
TAX936276,USR8878,SPT450005,2022-06-13,44289.16
TAX936277,USR2008,SPT816632,2023-07-01,4652.14
TAX936278,USR6076,SPT855333,2022-02-15,33577.7
TAX936279,USR2295,SPT1306646,2022-06-06,30936.72
TAX936280,USR7734,SPT603468,2023-08-22,22587.97
TAX936281,USR5109,SPT1479654,2023-05-16,8756.88
TAX936282,USR2227,SPT890356,2022-09-13,22925.5
TAX936283,USR3465,SPT1457128,2023-12-08,11082.47
TAX936284,USR6833,SPT896970,2023-11-25,45732.71
TAX936285,USR8766,SPT1698256,2023-06-07,42534.63
TAX936286,USR5909,SPT556722,2024-01-17,5622.55
TAX936287,USR6109,SPT757405,2023-01-21,12344.64
TAX936288,USR1966,SPT1057166,2022-04-21,39737.73
TAX936289,USR6391,SPT1746583,2022-11-02,35051.53
TAX936290,USR5814,SPT174655,2023-08-28,34316.33
TAX936291,USR9752,SPT189023,2023-04-21,6110.33
TAX936292,USR155,SPT607309,2023-07-06,7419.55
TAX936293,USR2372,SPT1484660,2023-12-28,2670.75
TAX936294,USR177,SPT616862,2023-09-22,9991.15
TAX936295,USR7960,SPT1335684,2022-11-12,24364.41
TAX936296,USR1704,SPT1687464,2023-07-21,1388.84
TAX936297,USR8374,SPT564203,2022-10-28,37524.65
TAX936298,USR5037,SPT1601489,2023-09-17,24929.23
TAX936299,USR8474,SPT325378,2023-12-03,34541.69
TAX936300,USR6552,SPT115751,2023-07-14,22347.86
TAX936301,USR2305,SPT357555,2022-04-07,35686.53
TAX936302,USR7638,SPT828116,2023-06-29,43603.91
TAX936303,USR8928,SPT1509168,2022-10-25,28753.44
TAX936304,USR6735,SPT99647,2023-02-24,23214.01
TAX936305,USR2925,SPT1166759,2022-04-24,49297.96
TAX936306,USR1389,SPT1998271,2022-11-18,7492.15
TAX936307,USR163,SPT1067683,2023-09-27,26146.15
TAX936308,USR9944,SPT1366099,2023-09-06,46052.03
TAX936309,USR3178,SPT1296597,2022-06-10,45554.79
TAX936310,USR9499,SPT413542,2023-01-17,37584.07
TAX936311,USR3896,SPT26378,2022-09-16,20408.3
TAX936312,USR8964,SPT611844,2023-05-18,11364.1
TAX936313,USR575,SPT447598,2022-12-20,21008.59
TAX936314,USR7879,SPT1275630,2023-05-22,27811.99
TAX936315,USR9716,SPT30722,2022-05-01,10805.94
TAX936316,USR2655,SPT832327,2022-11-25,46583.97
TAX936317,USR3186,SPT1990457,2022-06-25,36893.98
TAX936318,USR6055,SPT755687,2023-11-02,31561.44
TAX936319,USR2542,SPT1986391,2022-06-20,38545.94
TAX936320,USR9407,SPT1192567,2023-07-06,16492.51
TAX936321,USR5634,SPT902202,2024-02-04,26264.47
TAX936322,USR2318,SPT665616,2024-02-03,14116.26
TAX936323,USR8901,SPT773716,2022-06-04,45501.52
TAX936324,USR7608,SPT150568,2022-02-14,37850.44
TAX936325,USR8488,SPT312239,2023-04-01,10205.49
TAX936326,USR8593,SPT1883727,2022-12-19,17381.1
TAX936327,USR4863,SPT304664,2023-01-19,35902.65
TAX936328,USR5135,SPT57853,2023-10-16,37383.95
TAX936329,USR6649,SPT1190475,2023-10-02,10133.71
TAX936330,USR3424,SPT1679348,2023-03-31,14936.85
TAX936331,USR445,SPT647528,2023-01-09,15712.7
TAX936332,USR1813,SPT1004884,2022-12-26,27931.78
TAX936333,USR2391,SPT860733,2023-10-24,12040.36
TAX936334,USR9856,SPT1248921,2023-08-17,15291.69
TAX936335,USR6210,SPT1458564,2023-05-17,40057.08
TAX936336,USR6194,SPT106151,2023-06-15,23037.92
TAX936337,USR97,SPT20574,2023-01-12,7195.01
TAX936338,USR4796,SPT1804334,2023-10-11,31607.44
TAX936339,USR4341,SPT1550689,2022-06-21,2140.39
TAX936340,USR9592,SPT600477,2023-12-27,19973.76
TAX936341,USR3978,SPT928723,2023-11-28,47070.61
TAX936342,USR6228,SPT1674250,2023-02-13,36698.38
TAX936343,USR5567,SPT41017,2022-07-27,7481.45
TAX936344,USR1931,SPT574186,2022-02-24,28377.34
TAX936345,USR4859,SPT107640,2022-05-21,39077.93
TAX936346,USR8584,SPT688992,2023-03-18,1374.1
TAX936347,USR8564,SPT253300,2023-09-12,28455.9
TAX936348,USR7568,SPT432990,2022-05-20,31118.22
TAX936349,USR317,SPT803191,2023-11-11,41265.17
TAX936350,USR6642,SPT987447,2022-06-28,6296.58
TAX936351,USR6497,SPT853881,2023-09-05,30826.75
TAX936352,USR5782,SPT688610,2024-01-01,47161.88
TAX936353,USR2024,SPT904223,2023-01-19,16566.57
TAX936354,USR5796,SPT435630,2023-10-26,38196.11
TAX936355,USR338,SPT963200,2022-05-26,41939.41
TAX936356,USR2847,SPT1375783,2022-05-16,35885.12
TAX936357,USR4540,SPT1013106,2022-05-24,40784.08
TAX936358,USR6554,SPT348829,2022-12-22,7411.35
TAX936359,USR293,SPT977868,2023-01-15,4042.34
TAX936360,USR178,SPT383589,2022-02-14,40352.92
TAX936361,USR7496,SPT1152035,2022-12-09,48513.33
TAX936362,USR4170,SPT406372,2023-11-06,18596.8
TAX936363,USR1636,SPT1846467,2023-08-30,44158.32
TAX936364,USR6679,SPT1383330,2022-09-17,37303.94
TAX936365,USR9137,SPT1758222,2023-04-22,17464.6
TAX936366,USR4345,SPT1275427,2022-08-28,27634.53
TAX936367,USR5374,SPT529819,2022-06-13,37812.18
TAX936368,USR3446,SPT1402976,2023-02-10,25015.8
TAX936369,USR6075,SPT1057554,2022-10-06,49691.32
TAX936370,USR5500,SPT1905890,2023-09-12,24213.2
TAX936371,USR8426,SPT1858675,2022-03-26,47170.73
TAX936372,USR4799,SPT1243864,2022-04-13,5260.82
TAX936373,USR514,SPT1646233,2022-05-08,8490.71
TAX936374,USR6577,SPT44846,2022-06-15,16805.31
TAX936375,USR7609,SPT577442,2022-04-15,38703.04
TAX936376,USR7390,SPT1341901,2022-09-11,41565.38
TAX936377,USR7533,SPT459255,2022-03-20,4234.05
TAX936378,USR129,SPT57686,2023-10-03,3392.05
TAX936379,USR2348,SPT1881075,2022-08-28,44585.17
TAX936380,USR1148,SPT1578445,2023-09-06,9572.12
TAX936381,USR9090,SPT1282125,2022-06-04,2910.14
TAX936382,USR4628,SPT1377488,2023-10-22,26103.55
TAX936383,USR4538,SPT1505925,2022-10-25,4659.44
TAX936384,USR1433,SPT1036620,2023-07-22,37189.25
TAX936385,USR3950,SPT760917,2022-02-12,30262.57
TAX936386,USR8140,SPT1901407,2022-02-24,43976.94
TAX936387,USR7764,SPT1144703,2024-01-24,49441.89
TAX936388,USR1656,SPT1828082,2022-08-31,33547.46
TAX936389,USR8696,SPT826675,2023-07-22,15879.58
TAX936390,USR2976,SPT215782,2023-07-29,2897.34
TAX936391,USR1130,SPT1515519,2022-09-16,35575.33
TAX936392,USR5586,SPT1384949,2023-06-28,40311.02
TAX936393,USR8369,SPT718873,2023-06-24,15167.59
TAX936394,USR4152,SPT378853,2023-06-04,29553.22
TAX936395,USR332,SPT1422871,2022-02-18,21217.67
TAX936396,USR2995,SPT1036624,2022-05-23,13569.68
TAX936397,USR5060,SPT1167902,2022-03-01,28623.08
TAX936398,USR4586,SPT692698,2022-09-30,47751.5
TAX936399,USR9523,SPT1285236,2024-01-16,40006.56
TAX936400,USR3677,SPT797541,2023-03-03,27273.55
TAX936401,USR2612,SPT271519,2022-04-07,22405.67
TAX936402,USR8829,SPT38906,2023-04-14,36636.22
TAX936403,USR796,SPT96800,2022-05-06,42659.35
TAX936404,USR9228,SPT1170866,2023-08-02,27218.49
TAX936405,USR9707,SPT1593008,2023-11-18,42796.04
TAX936406,USR3807,SPT430061,2023-01-06,40390.15
TAX936407,USR856,SPT1713065,2022-05-06,3020.15
TAX936408,USR4741,SPT308369,2023-07-27,7629.19
TAX936409,USR2307,SPT457419,2022-10-26,35589.61
TAX936410,USR4016,SPT590536,2022-07-24,36183.97
TAX936411,USR3980,SPT1778952,2023-11-06,25012.61
TAX936412,USR7428,SPT642702,2023-03-23,19154.06
TAX936413,USR7354,SPT625768,2023-08-30,46859.03
TAX936414,USR7538,SPT767837,2022-05-25,29317.47
TAX936415,USR33,SPT1283428,2022-08-15,7307.48
TAX936416,USR5564,SPT437957,2023-02-12,38431.15
TAX936417,USR515,SPT959167,2024-01-22,4179.04
TAX936418,USR9486,SPT1659105,2023-12-20,36262.94
TAX936419,USR7861,SPT167053,2023-10-27,33854.44
TAX936420,USR6823,SPT1948155,2022-09-02,4653.66
TAX936421,USR6441,SPT450013,2022-02-20,25850.6
TAX936422,USR1544,SPT1296720,2022-08-09,45635.79
TAX936423,USR7350,SPT1448464,2023-10-10,35925.37
TAX936424,USR5199,SPT1054845,2022-12-27,29348.82
TAX936425,USR1313,SPT899873,2023-11-21,6509.39
TAX936426,USR4471,SPT926238,2023-11-10,40123.41
TAX936427,USR1989,SPT1673880,2022-12-25,6210.29
TAX936428,USR4853,SPT274331,2023-03-01,17888.14
TAX936429,USR5972,SPT1101294,2023-07-17,30876.44
TAX936430,USR7875,SPT977376,2023-12-24,22194.69
TAX936431,USR3902,SPT1706117,2022-06-26,17293.02
TAX936432,USR6302,SPT383003,2024-01-12,21019.83
TAX936433,USR1480,SPT12785,2022-09-23,48633.96
TAX936434,USR3174,SPT1890338,2022-03-28,19551.4
TAX936435,USR9024,SPT506212,2023-12-07,23093.35
TAX936436,USR4149,SPT1245022,2022-11-05,41952.15
TAX936437,USR4875,SPT124876,2022-08-20,37719.48
TAX936438,USR8988,SPT1281475,2023-03-21,19556.52
TAX936439,USR673,SPT1632226,2023-02-17,49664.51
TAX936440,USR2338,SPT1910285,2023-07-27,36906.91
TAX936441,USR1689,SPT23949,2023-09-19,12600.81
TAX936442,USR1988,SPT871165,2022-02-14,40451.78
TAX936443,USR206,SPT125692,2023-06-01,11675.14
TAX936444,USR1120,SPT1895475,2023-11-24,28333.65
TAX936445,USR1345,SPT109610,2023-06-20,34707.28
TAX936446,USR9284,SPT108623,2023-10-22,46509.72
TAX936447,USR4558,SPT73539,2023-02-28,42523.68
TAX936448,USR9486,SPT776580,2022-07-22,33456.46
TAX936449,USR7225,SPT239256,2022-06-09,11831.99
TAX936450,USR3613,SPT1127804,2022-06-04,5900.73
TAX936451,USR9469,SPT484390,2022-11-07,29351.88
TAX936452,USR1859,SPT194742,2022-06-07,40069.06
TAX936453,USR3575,SPT193960,2023-10-16,46226.24
TAX936454,USR2913,SPT1848304,2023-06-15,19145.01
TAX936455,USR1174,SPT1805486,2023-05-16,39966.72
TAX936456,USR8988,SPT549277,2022-06-06,27769.83
TAX936457,USR5772,SPT1473310,2023-12-31,46799.98
TAX936458,USR1307,SPT1120851,2023-10-20,6417.35
TAX936459,USR8968,SPT423964,2022-03-10,44559.94
TAX936460,USR504,SPT1925483,2023-10-31,17895.31
TAX936461,USR9515,SPT405655,2023-01-03,39771.53
TAX936462,USR604,SPT524898,2022-09-03,6814.54
TAX936463,USR2172,SPT376478,2023-12-17,31633.85
TAX936464,USR6975,SPT1913224,2022-03-27,26750.04
TAX936465,USR6487,SPT1681013,2022-12-28,7161.64
TAX936466,USR7954,SPT1394228,2023-10-30,17543.83
TAX936467,USR1915,SPT1138862,2022-04-02,15136.72
TAX936468,USR7065,SPT759446,2023-12-21,9144.4
TAX936469,USR3895,SPT185434,2022-09-12,33682.53
TAX936470,USR6773,SPT927225,2022-12-22,23237.78
TAX936471,USR6765,SPT256623,2023-02-22,26502.43
TAX936472,USR1292,SPT1640772,2023-04-18,14181.54
TAX936473,USR6792,SPT1912346,2022-04-11,23447.97
TAX936474,USR7322,SPT528910,2022-05-15,39052.54
TAX936475,USR1711,SPT400872,2022-05-22,1039.96
TAX936476,USR4389,SPT1129070,2022-12-19,45077.83
TAX936477,USR922,SPT767856,2022-05-21,37674.64
TAX936478,USR8862,SPT860368,2022-11-04,15585.91
TAX936479,USR4756,SPT1637519,2022-04-05,13364.44
TAX936480,USR1484,SPT1650522,2023-02-26,28787.23
TAX936481,USR6793,SPT460863,2023-06-16,26987.82
TAX936482,USR1021,SPT78361,2022-04-29,18789.57
TAX936483,USR904,SPT778642,2023-09-21,45528.9
TAX936484,USR1808,SPT1952007,2022-07-29,17277.19
TAX936485,USR2122,SPT670293,2022-05-25,4933.67
TAX936486,USR1136,SPT951601,2022-04-03,30113.89
TAX936487,USR3899,SPT168739,2023-04-24,10387.76
TAX936488,USR5063,SPT1088564,2022-05-26,16484.27
TAX936489,USR1317,SPT1280485,2023-02-26,14937.74
TAX936490,USR7551,SPT705019,2023-01-08,20228.84
TAX936491,USR9351,SPT107455,2022-08-11,27251.64
TAX936492,USR2513,SPT1045355,2023-02-22,49032.33
TAX936493,USR1208,SPT1643518,2023-02-11,22200.95
TAX936494,USR3703,SPT952333,2023-01-29,11894.52
TAX936495,USR5295,SPT1215729,2023-04-23,38754.15
TAX936496,USR944,SPT1937496,2022-08-27,48902.84
TAX936497,USR7564,SPT566018,2022-08-07,44908.13
TAX936498,USR1371,SPT1054954,2023-05-28,45810.24
TAX936499,USR4280,SPT524759,2022-04-11,47345.54
TAX936500,USR903,SPT1972070,2022-10-04,24441.36
TAX936501,USR890,SPT1642692,2023-08-27,9532.5
TAX936502,USR9958,SPT1126956,2023-03-07,20523.2
TAX936503,USR5725,SPT1407582,2023-10-19,30759.13
TAX936504,USR4450,SPT1661024,2024-01-12,22712.72
TAX936505,USR3908,SPT592873,2022-02-17,1567.17
TAX936506,USR7404,SPT1242672,2024-01-25,49549.08
TAX936507,USR1892,SPT737477,2022-07-31,9107.14
TAX936508,USR1882,SPT1044665,2022-07-15,29454.19
TAX936509,USR9288,SPT80272,2023-12-04,4265.87
TAX936510,USR2314,SPT1816659,2022-05-04,14402.11
TAX936511,USR2492,SPT462505,2023-03-07,14232.38
TAX936512,USR793,SPT1020700,2023-08-30,13063.83
TAX936513,USR612,SPT374901,2023-07-24,21097.63
TAX936514,USR7732,SPT595381,2022-07-14,8349.84
TAX936515,USR6179,SPT202559,2023-11-05,16055.0
TAX936516,USR4651,SPT1541334,2022-02-19,21896.61
TAX936517,USR2291,SPT1179524,2023-05-19,43899.64
TAX936518,USR4668,SPT1012401,2022-09-11,29399.33
TAX936519,USR9743,SPT183831,2023-05-19,49878.47
TAX936520,USR3903,SPT824222,2022-09-15,46197.64
TAX936521,USR4378,SPT394722,2023-01-23,33394.85
TAX936522,USR9743,SPT618741,2023-12-29,39298.24
TAX936523,USR1079,SPT866940,2022-10-20,11449.28
TAX936524,USR4083,SPT1528975,2022-08-21,35117.97
TAX936525,USR6219,SPT1764320,2022-09-22,13313.68
TAX936526,USR2074,SPT1386171,2022-06-24,11094.87
TAX936527,USR4354,SPT148995,2023-01-19,35152.01
TAX936528,USR8192,SPT166463,2023-02-17,16541.31
TAX936529,USR1474,SPT1699912,2022-04-21,32982.01
TAX936530,USR4610,SPT794719,2023-11-13,42640.83
TAX936531,USR4757,SPT1506856,2023-04-25,44200.1
TAX936532,USR3042,SPT1162229,2023-11-22,33037.2
TAX936533,USR7995,SPT1264339,2022-05-08,37839.79
TAX936534,USR429,SPT962182,2023-01-10,1323.46
TAX936535,USR6385,SPT905270,2023-12-04,41994.88
TAX936536,USR8464,SPT1364795,2023-02-04,37663.77
TAX936537,USR9050,SPT1182929,2022-02-18,6426.16
TAX936538,USR2856,SPT1062338,2023-09-19,19362.21
TAX936539,USR9110,SPT1994878,2023-06-03,9420.84
TAX936540,USR8541,SPT1966203,2022-04-12,3375.48
TAX936541,USR4889,SPT1607163,2022-11-13,42682.62
TAX936542,USR7384,SPT248779,2022-03-26,4351.88
TAX936543,USR1876,SPT42148,2023-04-04,5792.0
TAX936544,USR6867,SPT86408,2022-09-02,40857.42
TAX936545,USR4193,SPT918725,2023-10-27,1338.0
TAX936546,USR3628,SPT1714733,2022-12-26,22845.27
TAX936547,USR1515,SPT827395,2022-08-16,35598.07
TAX936548,USR9059,SPT127732,2023-08-14,10643.54
TAX936549,USR6257,SPT1523633,2023-05-02,42803.81
TAX936550,USR3750,SPT647595,2023-05-22,27469.09
TAX936551,USR5024,SPT1047733,2022-04-02,27432.77
TAX936552,USR5276,SPT1305479,2022-11-03,37160.17
TAX936553,USR9333,SPT696102,2022-03-21,33996.53
TAX936554,USR9484,SPT1598108,2023-07-16,48369.05
TAX936555,USR7218,SPT345545,2022-08-04,29683.77
TAX936556,USR1867,SPT796650,2022-05-30,8808.33
TAX936557,USR8855,SPT1851721,2022-09-18,49597.33
TAX936558,USR8896,SPT832424,2023-09-22,29691.47
TAX936559,USR1292,SPT211889,2022-03-15,34357.36
TAX936560,USR9099,SPT1122775,2024-01-28,3519.64
TAX936561,USR3505,SPT582870,2022-08-08,49689.67
TAX936562,USR4494,SPT643923,2023-01-01,9090.37
TAX936563,USR2506,SPT169533,2023-07-01,21253.98
TAX936564,USR8571,SPT593819,2023-08-06,27914.15
TAX936565,USR9714,SPT1149397,2023-10-12,11970.26
TAX936566,USR6397,SPT270077,2023-05-25,46707.28
TAX936567,USR597,SPT683353,2022-09-25,20001.63
TAX936568,USR3231,SPT1670257,2023-11-28,27838.62
TAX936569,USR5886,SPT589922,2024-02-09,11072.85
TAX936570,USR6150,SPT1325910,2023-01-26,22653.87
TAX936571,USR7739,SPT709130,2024-01-04,44665.42
TAX936572,USR4445,SPT134240,2023-12-21,42620.92
TAX936573,USR6340,SPT1935527,2023-02-28,28637.96
TAX936574,USR1960,SPT1406944,2022-09-10,45013.97
TAX936575,USR6508,SPT460532,2023-01-17,40744.81
TAX936576,USR4821,SPT408988,2022-11-08,32276.71
TAX936577,USR5734,SPT212182,2023-10-09,16230.09
TAX936578,USR2819,SPT1927442,2023-06-18,19078.87
TAX936579,USR6760,SPT765777,2023-01-27,38131.54
TAX936580,USR1963,SPT244781,2022-04-22,25843.06
TAX936581,USR2100,SPT65792,2022-02-28,26195.42
TAX936582,USR6400,SPT1206514,2022-08-09,2524.76
TAX936583,USR4904,SPT1203869,2023-02-28,36550.39
TAX936584,USR571,SPT422326,2024-01-10,22696.82
TAX936585,USR6587,SPT454524,2023-04-02,48232.6
TAX936586,USR2405,SPT1937827,2022-06-22,31159.22
TAX936587,USR3976,SPT81023,2023-04-18,21404.91
TAX936588,USR2849,SPT1788053,2023-06-03,11379.16
TAX936589,USR8606,SPT443226,2024-01-23,8412.85
TAX936590,USR8525,SPT890468,2023-06-14,10070.78
TAX936591,USR9953,SPT1994386,2022-03-03,28196.1
TAX936592,USR6470,SPT81808,2022-02-27,3089.85
TAX936593,USR2868,SPT1973338,2023-10-11,45235.33
TAX936594,USR3801,SPT1305576,2022-07-31,13938.48
TAX936595,USR354,SPT1435750,2023-01-04,27963.46
TAX936596,USR5306,SPT575434,2022-10-10,18257.94
TAX936597,USR3442,SPT1749288,2022-03-18,17167.84
TAX936598,USR1211,SPT724356,2023-03-18,38842.23
TAX936599,USR8511,SPT681505,2022-03-10,43594.22
TAX936600,USR880,SPT930212,2023-04-26,14716.97
TAX936601,USR9223,SPT1459325,2023-12-05,17756.94
TAX936602,USR4931,SPT1495490,2022-07-17,41712.19
TAX936603,USR6274,SPT1608440,2023-12-15,46842.1
TAX936604,USR1359,SPT901209,2022-09-11,24738.39
TAX936605,USR7224,SPT927229,2023-07-09,30623.07
TAX936606,USR4784,SPT1692335,2023-08-24,14955.12
TAX936607,USR2378,SPT1499158,2022-12-02,12644.39
TAX936608,USR4185,SPT479333,2023-10-01,27618.81
TAX936609,USR7987,SPT1681147,2024-01-09,45082.56
TAX936610,USR6327,SPT636317,2023-12-06,21882.16
TAX936611,USR3114,SPT1442367,2023-04-28,6685.57
TAX936612,USR8653,SPT404387,2023-12-27,38607.01
TAX936613,USR1687,SPT29859,2023-08-01,21971.43
TAX936614,USR9494,SPT1305770,2022-03-09,35253.29
TAX936615,USR4161,SPT1539887,2022-12-05,34083.54
TAX936616,USR2326,SPT756183,2022-04-04,1875.08
TAX936617,USR642,SPT1186117,2022-09-24,38128.97
TAX936618,USR1984,SPT201360,2022-12-08,3329.51
TAX936619,USR2149,SPT1480530,2022-04-05,30037.12
TAX936620,USR9055,SPT498794,2023-05-16,30849.14
TAX936621,USR8739,SPT1372579,2023-05-21,7764.38
TAX936622,USR8303,SPT90074,2022-12-17,39624.33
TAX936623,USR6528,SPT1083085,2022-08-06,20659.13
TAX936624,USR6960,SPT1854578,2023-12-27,30016.93
TAX936625,USR1239,SPT243347,2023-09-11,17378.31
TAX936626,USR5299,SPT42662,2023-04-27,9226.42
TAX936627,USR4398,SPT1705199,2022-04-08,25235.81
TAX936628,USR9257,SPT1579877,2023-07-21,32571.58
TAX936629,USR5937,SPT1560907,2022-05-07,28636.51
TAX936630,USR8852,SPT1211936,2023-11-06,8944.79
TAX936631,USR6393,SPT421902,2022-11-27,2745.96
TAX936632,USR577,SPT303358,2023-10-14,8482.02
TAX936633,USR7477,SPT1697742,2022-02-28,18127.94
TAX936634,USR7238,SPT1405379,2022-07-15,7382.21
TAX936635,USR6542,SPT1628792,2024-01-27,19220.71
TAX936636,USR532,SPT1355143,2022-06-04,34591.23
TAX936637,USR6755,SPT297539,2023-02-04,3315.15
TAX936638,USR2178,SPT1370786,2022-07-02,18494.92
TAX936639,USR6625,SPT1953931,2022-02-16,46914.39
TAX936640,USR6319,SPT1111216,2022-03-03,2975.13
TAX936641,USR3766,SPT1544419,2023-01-20,9247.98
TAX936642,USR2493,SPT17602,2023-05-25,48503.17
TAX936643,USR4851,SPT580013,2022-12-05,43100.3
TAX936644,USR1061,SPT919473,2022-11-01,14538.14
TAX936645,USR8647,SPT1284712,2024-01-16,43493.62
TAX936646,USR215,SPT1043482,2023-05-16,48685.11
TAX936647,USR53,SPT1012760,2023-03-05,31376.42
TAX936648,USR9836,SPT1420576,2022-08-23,28880.23
TAX936649,USR6541,SPT1981903,2022-04-06,8788.5
TAX936650,USR9548,SPT388292,2022-05-17,9381.22
TAX936651,USR3032,SPT256442,2023-07-14,7694.52
TAX936652,USR5174,SPT913441,2023-09-21,40074.54
TAX936653,USR43,SPT1588816,2022-12-29,39849.66
TAX936654,USR4480,SPT718467,2022-06-26,20850.38
TAX936655,USR579,SPT1714285,2022-08-28,35538.86
TAX936656,USR516,SPT1507376,2023-04-15,32134.83
TAX936657,USR6251,SPT990482,2023-07-23,24268.52
TAX936658,USR4595,SPT587756,2022-07-23,17459.72
TAX936659,USR7476,SPT1410943,2024-01-12,10507.73
TAX936660,USR9849,SPT788707,2023-07-20,9145.06
TAX936661,USR6699,SPT1507533,2023-07-12,4313.98
TAX936662,USR9212,SPT1966573,2023-08-11,49325.06
TAX936663,USR8526,SPT207183,2022-10-13,16959.69
TAX936664,USR2942,SPT1462153,2023-04-21,31952.82
TAX936665,USR400,SPT1642026,2023-08-25,5651.02
TAX936666,USR8277,SPT1579480,2022-09-14,36938.02
TAX936667,USR388,SPT933844,2023-12-07,33953.85
TAX936668,USR5229,SPT705693,2022-11-01,1406.33
TAX936669,USR7454,SPT1503291,2023-12-07,2367.39
TAX936670,USR7383,SPT1074188,2023-01-23,32969.17
TAX936671,USR221,SPT806908,2022-04-15,44152.83
TAX936672,USR1971,SPT1545353,2022-12-05,27914.15
TAX936673,USR6534,SPT177927,2023-03-01,20117.8
TAX936674,USR8477,SPT1481247,2023-05-16,18267.59
TAX936675,USR357,SPT1072167,2022-02-12,11109.85
TAX936676,USR6915,SPT1451202,2022-06-24,41649.54
TAX936677,USR8289,SPT682382,2022-06-05,7073.25
TAX936678,USR2787,SPT1925952,2022-12-11,20034.86
TAX936679,USR3463,SPT52765,2023-10-26,28344.21
TAX936680,USR1015,SPT952323,2023-05-20,42638.89
TAX936681,USR5526,SPT1518385,2023-12-03,10359.89
TAX936682,USR6267,SPT1493834,2022-06-25,15469.03
TAX936683,USR5109,SPT1141817,2022-08-29,18408.45
TAX936684,USR5854,SPT1960594,2022-03-02,13802.21
TAX936685,USR9802,SPT1329902,2023-06-10,46193.29
TAX936686,USR4604,SPT612524,2022-03-19,41623.34
TAX936687,USR237,SPT668127,2023-08-23,15865.1
TAX936688,USR27,SPT1350761,2023-03-07,24332.48
TAX936689,USR8950,SPT228619,2022-06-07,35932.78
TAX936690,USR1174,SPT539192,2023-06-28,17569.99
TAX936691,USR9203,SPT1235079,2023-01-09,4404.8
TAX936692,USR401,SPT1192631,2023-05-23,44528.43
TAX936693,USR298,SPT1278786,2022-10-27,3025.92
TAX936694,USR3161,SPT203603,2023-12-25,29121.02
TAX936695,USR8405,SPT996704,2023-12-30,23881.44
TAX936696,USR1692,SPT577200,2023-01-04,31853.01
TAX936697,USR7562,SPT369297,2023-01-31,22182.72
TAX936698,USR9531,SPT1527259,2023-04-17,48820.4
TAX936699,USR8981,SPT1489742,2023-09-21,18139.3
TAX936700,USR4634,SPT224831,2022-09-20,43267.19
TAX936701,USR8897,SPT787941,2023-10-30,11271.59
TAX936702,USR2360,SPT275012,2023-04-30,23228.7
TAX936703,USR7183,SPT1886906,2023-08-31,24180.55
TAX936704,USR1897,SPT1980540,2022-08-24,12395.48
TAX936705,USR4200,SPT511286,2022-08-28,10099.79
TAX936706,USR8316,SPT428027,2023-02-27,4164.85
TAX936707,USR8786,SPT799110,2023-04-24,49485.52
TAX936708,USR3266,SPT1577740,2022-04-14,36321.66
TAX936709,USR501,SPT1887607,2023-07-19,7996.32
TAX936710,USR5764,SPT1446355,2022-05-12,3082.5
TAX936711,USR5171,SPT1684545,2022-08-24,18583.86
TAX936712,USR3862,SPT296383,2023-06-18,36359.81
TAX936713,USR7507,SPT778408,2023-10-27,43948.32
TAX936714,USR3785,SPT965511,2023-10-13,44595.22
TAX936715,USR9118,SPT1638073,2022-10-20,37031.9
TAX936716,USR6109,SPT1316597,2023-12-13,27715.18
TAX936717,USR2983,SPT723057,2024-02-07,42795.54
TAX936718,USR293,SPT1523283,2023-10-26,7135.92
TAX936719,USR9837,SPT700629,2023-07-16,13187.08
TAX936720,USR1665,SPT489205,2022-03-13,19684.21
TAX936721,USR9621,SPT422519,2023-06-11,42156.37
TAX936722,USR5269,SPT1710436,2022-06-23,43632.61
TAX936723,USR7952,SPT437900,2023-06-17,46736.17
TAX936724,USR6487,SPT1438966,2022-12-20,28021.4
TAX936725,USR1153,SPT606949,2023-02-12,9578.3
TAX936726,USR1103,SPT1854990,2023-06-22,42495.65
TAX936727,USR8715,SPT1431484,2022-02-13,42536.91
TAX936728,USR5956,SPT403462,2023-02-04,1205.6
TAX936729,USR1673,SPT184591,2022-10-23,38105.95
TAX936730,USR678,SPT847062,2022-04-07,26527.5
TAX936731,USR7470,SPT1108387,2023-12-12,11934.42
TAX936732,USR3553,SPT474706,2023-05-04,42304.3
TAX936733,USR6365,SPT396135,2022-09-14,5193.05
TAX936734,USR7694,SPT846375,2023-03-25,8106.96
TAX936735,USR540,SPT1698957,2022-08-29,15532.66
TAX936736,USR4035,SPT1525954,2022-11-11,14661.79
TAX936737,USR8637,SPT1213933,2023-01-25,7864.28
TAX936738,USR881,SPT1890249,2023-02-01,40614.24
TAX936739,USR9856,SPT1557248,2023-02-26,23449.34
TAX936740,USR7856,SPT1581202,2023-10-01,14950.5
TAX936741,USR351,SPT271957,2022-10-31,38598.56
TAX936742,USR6693,SPT1277197,2022-04-29,2150.54
TAX936743,USR4534,SPT49932,2024-02-05,35008.48
TAX936744,USR867,SPT1699490,2022-04-12,4734.98
TAX936745,USR3794,SPT1882774,2022-11-08,45421.29
TAX936746,USR5911,SPT1902956,2022-10-19,8708.42
TAX936747,USR2388,SPT94609,2023-02-18,32036.4
TAX936748,USR4137,SPT1229764,2022-09-13,48235.94
TAX936749,USR733,SPT1579065,2023-08-03,9446.45
TAX936750,USR9898,SPT241165,2023-12-27,45614.59
TAX936751,USR1282,SPT1604879,2023-10-20,31202.59
TAX936752,USR9533,SPT1178246,2022-06-10,34957.31
TAX936753,USR640,SPT1276647,2022-06-26,37096.21
TAX936754,USR1078,SPT1807791,2024-02-02,44309.21
TAX936755,USR3982,SPT185976,2023-12-08,4911.89
TAX936756,USR540,SPT566730,2022-08-29,26928.2
TAX936757,USR2658,SPT617275,2022-06-27,9432.15
TAX936758,USR6575,SPT1835363,2023-12-31,9832.7
TAX936759,USR9885,SPT916271,2023-07-15,9028.84
TAX936760,USR438,SPT1165846,2024-01-16,42144.27
TAX936761,USR8424,SPT1593497,2022-04-12,47793.83
TAX936762,USR4564,SPT1331781,2022-06-26,47493.24
TAX936763,USR9205,SPT1180835,2022-05-16,32266.26
TAX936764,USR7476,SPT276663,2023-08-05,36870.17
TAX936765,USR4273,SPT1955810,2023-04-08,13979.83
TAX936766,USR6546,SPT8153,2023-11-07,14516.5
TAX936767,USR8581,SPT50287,2023-09-01,46122.48
TAX936768,USR6650,SPT196753,2023-10-02,26239.08
TAX936769,USR421,SPT1272591,2022-07-25,8163.26
TAX936770,USR9697,SPT1642989,2022-08-18,20500.27
TAX936771,USR8154,SPT147557,2023-08-27,25633.6
TAX936772,USR8774,SPT607460,2023-11-29,18849.1
TAX936773,USR6634,SPT623091,2022-03-18,35917.67
TAX936774,USR1087,SPT1700819,2022-08-13,5140.62
TAX936775,USR9701,SPT1734534,2023-10-16,41412.75
TAX936776,USR1705,SPT208998,2023-05-19,46437.28
TAX936777,USR7710,SPT625236,2023-11-08,44893.41
TAX936778,USR771,SPT1602295,2023-02-28,37316.1
TAX936779,USR5624,SPT643489,2023-08-19,15588.09
TAX936780,USR7016,SPT586123,2024-02-09,41763.06
TAX936781,USR7950,SPT912987,2022-06-14,45771.01
TAX936782,USR9216,SPT1245747,2022-07-05,17614.58
TAX936783,USR2442,SPT1123103,2023-10-22,20895.8
TAX936784,USR9813,SPT1319783,2023-06-10,49125.75
TAX936785,USR4398,SPT1636548,2022-03-29,10325.81
TAX936786,USR7045,SPT1153935,2023-09-11,31509.23
TAX936787,USR6700,SPT1000226,2024-01-09,10938.59
TAX936788,USR6688,SPT1156722,2022-08-15,10705.62
TAX936789,USR300,SPT73380,2023-10-11,1094.37
TAX936790,USR1207,SPT79115,2022-12-12,12028.96
TAX936791,USR8883,SPT1302810,2022-03-15,32466.6
TAX936792,USR9437,SPT125986,2022-09-10,14109.8
TAX936793,USR514,SPT1008155,2023-10-21,44200.83
TAX936794,USR4235,SPT521683,2022-05-19,47169.95
TAX936795,USR5843,SPT1343727,2023-01-31,1800.05
TAX936796,USR4305,SPT1061356,2023-01-02,22880.8
TAX936797,USR2940,SPT894667,2023-08-09,12527.41
TAX936798,USR230,SPT781735,2022-04-21,2283.87
TAX936799,USR4864,SPT621728,2022-03-21,29118.01
TAX936800,USR9103,SPT1928762,2023-12-08,6004.59
TAX936801,USR7147,SPT9967,2022-09-10,14850.58
TAX936802,USR1214,SPT1776782,2023-08-27,44716.68
TAX936803,USR3023,SPT1188497,2022-07-22,23287.91
TAX936804,USR6730,SPT178996,2022-09-10,38771.11
TAX936805,USR2326,SPT1683240,2023-10-10,44670.7
TAX936806,USR8842,SPT1617461,2022-05-24,43391.34
TAX936807,USR1103,SPT228444,2022-05-09,34583.13
TAX936808,USR3323,SPT1571988,2023-09-13,45510.33
TAX936809,USR3832,SPT1510739,2023-04-08,2489.55
TAX936810,USR3662,SPT1724704,2023-05-09,3742.24
TAX936811,USR7828,SPT257871,2023-12-25,18453.04
TAX936812,USR4947,SPT1824771,2022-06-13,37318.36
TAX936813,USR4045,SPT106815,2022-09-19,5311.7
TAX936814,USR3391,SPT722295,2022-04-09,29394.65
TAX936815,USR7376,SPT274724,2022-12-03,39741.78
TAX936816,USR2696,SPT1566386,2022-03-09,22906.08
TAX936817,USR3143,SPT1070256,2022-08-15,48691.61
TAX936818,USR776,SPT1812947,2022-08-09,44626.93
TAX936819,USR166,SPT1371283,2023-08-21,49556.89
TAX936820,USR97,SPT222609,2022-07-08,39968.85
TAX936821,USR4735,SPT931552,2023-05-01,1799.35
TAX936822,USR5609,SPT1726096,2023-06-24,10000.9
TAX936823,USR4753,SPT1587967,2022-10-23,40457.86
TAX936824,USR1032,SPT1870451,2022-07-06,29883.35
TAX936825,USR7489,SPT1400766,2022-05-29,15755.02
TAX936826,USR171,SPT784610,2022-03-30,39557.36
TAX936827,USR8554,SPT1486040,2024-01-23,35862.52
TAX936828,USR3339,SPT1903095,2022-05-01,32832.85
TAX936829,USR5186,SPT682015,2023-05-23,27035.67
TAX936830,USR4301,SPT1931458,2024-02-08,1633.01
TAX936831,USR4057,SPT1192215,2022-10-08,45471.76
TAX936832,USR856,SPT1112980,2022-05-26,17083.14
TAX936833,USR9706,SPT1960816,2022-12-17,3663.15
TAX936834,USR138,SPT1033221,2022-09-22,41185.89
TAX936835,USR901,SPT677549,2022-08-06,40311.93
TAX936836,USR1800,SPT997862,2022-04-03,37980.03
TAX936837,USR3486,SPT1988800,2023-12-02,48036.18
TAX936838,USR4982,SPT274138,2022-09-10,28762.69
TAX936839,USR5823,SPT1839832,2022-04-19,33579.79
TAX936840,USR9331,SPT1270496,2023-03-04,19175.79
TAX936841,USR3967,SPT1559411,2023-08-24,5787.33
TAX936842,USR4552,SPT600769,2022-03-20,38568.1
TAX936843,USR212,SPT1210955,2023-12-10,9655.42
TAX936844,USR4192,SPT953673,2022-04-01,21642.75
TAX936845,USR9195,SPT1972558,2023-02-14,44952.15
TAX936846,USR8763,SPT1607561,2023-06-12,30598.65
TAX936847,USR2019,SPT1884656,2023-10-04,36060.21
TAX936848,USR8448,SPT230987,2022-07-10,9394.73
TAX936849,USR5096,SPT1093900,2022-09-17,11505.94
TAX936850,USR5400,SPT232251,2023-11-29,32971.79
TAX936851,USR8715,SPT708470,2024-01-11,2679.25
TAX936852,USR3661,SPT709247,2022-05-08,6193.61
TAX936853,USR88,SPT17691,2022-11-29,40951.43
TAX936854,USR9562,SPT1623607,2023-12-13,7943.94
TAX936855,USR470,SPT122377,2022-02-20,11895.53
TAX936856,USR3028,SPT433684,2023-06-13,13736.58
TAX936857,USR1233,SPT1356157,2022-05-15,3778.24
TAX936858,USR886,SPT1647628,2022-11-23,20485.24
TAX936859,USR2841,SPT1775587,2023-06-02,1101.44
TAX936860,USR3893,SPT1602305,2022-08-16,29003.88
TAX936861,USR8845,SPT244440,2023-01-23,39932.24
TAX936862,USR2039,SPT1916997,2023-05-27,2546.07
TAX936863,USR9997,SPT173712,2022-08-29,9845.95
TAX936864,USR7520,SPT616194,2023-04-03,5046.33
TAX936865,USR317,SPT333597,2023-11-25,40834.81
TAX936866,USR7541,SPT1290690,2023-01-12,40883.72
TAX936867,USR3430,SPT833676,2022-03-07,18445.68
TAX936868,USR6359,SPT830303,2023-12-09,26093.12
TAX936869,USR7676,SPT1664833,2023-11-27,11601.39
TAX936870,USR6754,SPT1443427,2023-05-22,6302.92
TAX936871,USR6813,SPT359750,2022-07-17,10094.67
TAX936872,USR3364,SPT343162,2023-10-15,31163.93
TAX936873,USR5943,SPT1850853,2023-08-10,21908.74
TAX936874,USR1228,SPT1424790,2023-10-11,40812.62
TAX936875,USR3790,SPT608701,2023-12-18,38511.01
TAX936876,USR3748,SPT1314146,2022-06-08,9451.75
TAX936877,USR9580,SPT875852,2023-09-13,28744.25
TAX936878,USR3180,SPT234993,2022-12-17,37066.98
TAX936879,USR8456,SPT415433,2023-09-24,47568.79
TAX936880,USR1284,SPT469338,2022-06-22,11590.53
TAX936881,USR8648,SPT438171,2022-12-25,23299.26
TAX936882,USR2369,SPT382079,2023-01-02,24278.32
TAX936883,USR4182,SPT1534339,2022-04-29,4703.29
TAX936884,USR7030,SPT1539613,2022-12-04,47992.7
TAX936885,USR8800,SPT1920552,2023-05-11,22237.47
TAX936886,USR4326,SPT148933,2023-08-05,1721.75
TAX936887,USR236,SPT609412,2022-09-18,16688.85
TAX936888,USR5062,SPT1516429,2022-04-25,17026.06
TAX936889,USR5884,SPT242708,2023-02-28,15722.38
TAX936890,USR3291,SPT377963,2023-11-30,32357.48
TAX936891,USR2847,SPT53160,2022-08-18,5394.76
TAX936892,USR5116,SPT1054770,2022-10-27,45298.09
TAX936893,USR378,SPT1011070,2024-01-27,33662.61
TAX936894,USR960,SPT1541247,2023-11-04,41961.87
TAX936895,USR9067,SPT275841,2022-06-18,2186.12
TAX936896,USR1780,SPT155412,2022-06-05,20853.46
TAX936897,USR3981,SPT758515,2023-10-21,14966.83
TAX936898,USR3769,SPT1515699,2023-12-29,5605.66
TAX936899,USR9228,SPT1489712,2022-08-21,37204.93
TAX936900,USR6240,SPT1024474,2023-06-19,34439.07
TAX936901,USR9616,SPT1161006,2022-04-02,25104.31
TAX936902,USR8556,SPT992859,2022-09-02,15291.2
TAX936903,USR7521,SPT897322,2022-12-20,1896.09
TAX936904,USR5223,SPT1707634,2022-06-05,36873.58
TAX936905,USR7423,SPT1389489,2023-05-18,44053.91
TAX936906,USR6320,SPT963431,2022-07-07,20059.07
TAX936907,USR3135,SPT1795148,2023-09-01,21669.24
TAX936908,USR8070,SPT1972188,2023-01-17,12691.73
TAX936909,USR5687,SPT335524,2023-02-26,11951.86
TAX936910,USR3910,SPT1465772,2023-11-14,36253.42
TAX936911,USR923,SPT39913,2024-01-23,32396.88
TAX936912,USR1615,SPT1201697,2023-03-31,48196.31
TAX936913,USR9580,SPT1015175,2022-06-17,23544.36
TAX936914,USR9493,SPT500134,2023-06-05,37130.18
TAX936915,USR2629,SPT220489,2022-02-28,45150.33
TAX936916,USR7299,SPT310969,2023-08-19,12161.64
TAX936917,USR5502,SPT1027088,2024-01-20,6042.39
TAX936918,USR3638,SPT1846438,2023-01-08,42945.55
TAX936919,USR8747,SPT1351648,2023-04-05,16458.55
TAX936920,USR3323,SPT1761980,2024-02-08,29802.93
TAX936921,USR2481,SPT454879,2023-06-10,2676.87
TAX936922,USR8633,SPT869255,2023-08-09,46518.53
TAX936923,USR7592,SPT934755,2022-04-07,28394.64
TAX936924,USR7319,SPT1583459,2022-10-06,37921.28
TAX936925,USR9941,SPT1125617,2023-07-28,43289.82
TAX936926,USR3533,SPT1643347,2023-06-15,35132.16
TAX936927,USR6731,SPT279612,2022-04-17,43712.31
TAX936928,USR5324,SPT1326502,2022-11-28,14180.3
TAX936929,USR9033,SPT1468262,2023-10-05,5348.12
TAX936930,USR5664,SPT1500632,2023-01-19,27168.81
TAX936931,USR5160,SPT854228,2022-12-03,22927.19
TAX936932,USR5877,SPT1051464,2023-11-28,42842.82
TAX936933,USR6088,SPT1181454,2022-09-13,33524.32
TAX936934,USR832,SPT710170,2022-06-19,27547.27
TAX936935,USR7003,SPT431777,2023-09-25,8793.77
TAX936936,USR6370,SPT136367,2023-07-16,34778.73
TAX936937,USR6451,SPT1092287,2023-07-08,20810.06
TAX936938,USR6613,SPT1798776,2022-12-04,19995.72
TAX936939,USR4265,SPT1158362,2022-05-01,17306.25
TAX936940,USR4961,SPT353028,2022-07-28,48180.78
TAX936941,USR4249,SPT887476,2022-09-19,1025.63
TAX936942,USR8213,SPT321520,2022-04-26,14613.83
TAX936943,USR8065,SPT1008609,2023-03-14,20766.97
TAX936944,USR9170,SPT318987,2023-04-21,5655.51
TAX936945,USR7563,SPT838839,2022-12-24,49442.1
TAX936946,USR9911,SPT1496815,2023-06-28,2462.91
TAX936947,USR2866,SPT1310945,2022-11-07,4194.7
TAX936948,USR2231,SPT1561853,2023-05-15,17870.75
TAX936949,USR3562,SPT1110704,2023-04-01,22029.01
TAX936950,USR265,SPT468477,2022-07-12,28674.26
TAX936951,USR166,SPT77134,2023-01-03,6305.48
TAX936952,USR5425,SPT1639475,2024-01-25,41959.84
TAX936953,USR4517,SPT1076130,2022-11-01,44537.4
TAX936954,USR4105,SPT6195,2022-10-22,31269.81
TAX936955,USR2026,SPT74097,2022-08-22,12652.7
TAX936956,USR9688,SPT379237,2023-01-28,6761.23
TAX936957,USR7840,SPT237410,2022-09-12,33589.44
TAX936958,USR4922,SPT1889776,2022-12-23,46173.14
TAX936959,USR837,SPT1296577,2022-08-25,5327.62
TAX936960,USR3046,SPT1453001,2022-09-17,6748.09
TAX936961,USR8349,SPT283806,2023-06-30,11514.98
TAX936962,USR1512,SPT1642659,2023-02-25,9862.73
TAX936963,USR1430,SPT1094377,2022-12-22,14707.47
TAX936964,USR3314,SPT1385864,2023-04-11,19959.35
TAX936965,USR17,SPT49986,2023-02-18,24434.09
TAX936966,USR2329,SPT848545,2022-09-15,21941.37
TAX936967,USR4117,SPT935839,2023-05-05,43211.75
TAX936968,USR8145,SPT128934,2022-05-12,37806.4
TAX936969,USR7636,SPT1990471,2023-11-26,9609.98
TAX936970,USR623,SPT1141725,2022-07-12,29433.99
TAX936971,USR5105,SPT209799,2022-03-04,15522.49
TAX936972,USR1066,SPT646732,2023-09-21,4979.26
TAX936973,USR9203,SPT1200895,2023-04-03,37795.73
TAX936974,USR7782,SPT730818,2023-01-27,7752.39
TAX936975,USR3979,SPT1767800,2022-05-29,17573.01
TAX936976,USR4751,SPT1675636,2024-02-06,15624.18
TAX936977,USR5677,SPT1050218,2023-02-04,39897.2
TAX936978,USR2625,SPT1863261,2023-01-27,49834.59
TAX936979,USR7439,SPT1518040,2022-08-21,3612.45
TAX936980,USR8622,SPT283057,2023-01-21,5735.29
TAX936981,USR1811,SPT928766,2022-07-08,23693.73
TAX936982,USR4960,SPT1277608,2023-05-01,15164.09
TAX936983,USR5551,SPT194722,2023-04-24,22699.21
TAX936984,USR5705,SPT742404,2022-02-09,13476.96
TAX936985,USR7911,SPT16695,2023-08-09,34728.46
TAX936986,USR8482,SPT1079414,2022-04-21,41091.6
TAX936987,USR9658,SPT780345,2022-11-25,31382.49
TAX936988,USR6812,SPT505941,2023-05-25,9217.44
TAX936989,USR3400,SPT356647,2023-04-24,35535.33
TAX936990,USR176,SPT1979680,2023-12-25,47147.14
TAX936991,USR2681,SPT1518881,2022-05-05,42792.9
TAX936992,USR7110,SPT1431306,2023-01-08,35316.9
TAX936993,USR4282,SPT1818315,2023-11-02,47782.93
TAX936994,USR4543,SPT423478,2023-11-13,6673.69
TAX936995,USR8344,SPT1958274,2022-11-27,8103.1
TAX936996,USR3112,SPT1074105,2022-10-27,22556.99
TAX936997,USR8485,SPT1094945,2022-08-29,45318.02
TAX936998,USR6288,SPT519632,2023-12-17,11516.5
TAX936999,USR5766,SPT485691,2023-03-11,16522.46
TAX937000,USR3059,SPT1416751,2022-03-26,30713.21
TAX937001,USR4548,SPT573363,2023-05-10,47252.85
TAX937002,USR7356,SPT398691,2022-11-21,7187.67
TAX937003,USR2193,SPT1443450,2023-07-28,3868.59
TAX937004,USR9168,SPT837615,2023-09-24,28992.33
TAX937005,USR9810,SPT1939418,2022-05-15,16370.51
TAX937006,USR5347,SPT517696,2023-08-27,2365.14
TAX937007,USR738,SPT1177027,2024-01-22,36547.75
TAX937008,USR425,SPT618486,2023-08-22,21563.84
TAX937009,USR2189,SPT541039,2023-09-10,41285.24
TAX937010,USR1215,SPT1431235,2022-12-09,19546.41
TAX937011,USR7883,SPT13932,2023-06-17,28857.2
TAX937012,USR3338,SPT1741631,2022-09-25,1332.22
TAX937013,USR2490,SPT1249060,2024-01-30,18637.41
TAX937014,USR7468,SPT1746411,2023-07-31,28351.44
TAX937015,USR6177,SPT1540495,2023-08-06,49643.99
TAX937016,USR4035,SPT481427,2022-02-16,44156.62
TAX937017,USR5185,SPT1917838,2022-10-18,35152.0
TAX937018,USR9732,SPT1432557,2023-04-03,45911.62
TAX937019,USR7641,SPT1102190,2023-02-15,47405.33
TAX937020,USR8276,SPT1512845,2022-11-03,10657.39
TAX937021,USR6121,SPT1449557,2022-02-09,42410.36
TAX937022,USR8474,SPT1125617,2022-10-02,12481.62
TAX937023,USR2029,SPT1896564,2022-02-10,31028.57
TAX937024,USR9532,SPT1120616,2022-03-17,8023.95
TAX937025,USR686,SPT863814,2023-09-26,48507.7
TAX937026,USR5749,SPT601012,2023-05-31,28574.23
TAX937027,USR1325,SPT1899115,2023-11-15,23201.4
TAX937028,USR5888,SPT1425511,2022-02-24,26250.8
TAX937029,USR1859,SPT824999,2023-03-22,8495.13
TAX937030,USR3241,SPT1425101,2022-04-16,44536.99
TAX937031,USR3308,SPT1720163,2023-08-03,15280.36
TAX937032,USR4349,SPT332576,2024-01-01,49809.38
TAX937033,USR9032,SPT876683,2023-06-03,26853.51
TAX937034,USR6309,SPT751621,2022-04-02,14585.19
TAX937035,USR6431,SPT1309503,2023-12-22,1259.1
TAX937036,USR51,SPT248150,2023-04-27,19092.73
TAX937037,USR7048,SPT591560,2023-06-15,44459.99
TAX937038,USR1900,SPT1764804,2022-06-28,26393.89
TAX937039,USR2461,SPT163243,2022-07-23,24459.68
TAX937040,USR5319,SPT1339543,2022-06-17,27140.07
TAX937041,USR598,SPT344954,2022-05-17,47899.18
TAX937042,USR5342,SPT1575178,2022-11-03,37896.6
TAX937043,USR7245,SPT1694425,2022-12-23,38274.3
TAX937044,USR2158,SPT137939,2022-02-13,49741.29
TAX937045,USR6553,SPT423884,2023-12-13,11116.57
TAX937046,USR4944,SPT337862,2023-07-31,35078.15
TAX937047,USR4746,SPT1838793,2022-03-28,21168.82
TAX937048,USR7073,SPT369524,2022-02-19,20698.93
TAX937049,USR2871,SPT726777,2022-03-16,14840.11
TAX937050,USR2105,SPT1605098,2023-05-02,40721.5
TAX937051,USR474,SPT1459186,2022-12-23,26823.84
TAX937052,USR3608,SPT895769,2024-01-02,29234.59
TAX937053,USR2059,SPT750210,2023-02-19,2542.99
TAX937054,USR4506,SPT1342824,2022-05-14,28855.79
TAX937055,USR6655,SPT308889,2023-11-21,12160.2
TAX937056,USR889,SPT122952,2023-02-05,39263.96
TAX937057,USR6378,SPT604361,2023-03-19,6294.52
TAX937058,USR2863,SPT1931859,2023-01-06,46730.03
TAX937059,USR9846,SPT1951277,2023-01-01,16749.66
TAX937060,USR3541,SPT4377,2022-08-14,16935.04
TAX937061,USR3834,SPT1690418,2022-05-23,45753.79
TAX937062,USR2167,SPT843253,2022-12-08,24396.91
TAX937063,USR384,SPT499765,2022-12-01,41392.69
TAX937064,USR1974,SPT350211,2022-12-24,21908.24
TAX937065,USR9295,SPT149821,2022-06-24,1464.22
TAX937066,USR7503,SPT1971001,2023-07-30,20901.3
TAX937067,USR1863,SPT642291,2023-08-09,20287.68
TAX937068,USR9068,SPT1027223,2023-07-29,10451.9
TAX937069,USR3040,SPT815140,2023-11-07,33080.8
TAX937070,USR3850,SPT1232095,2022-03-11,9584.79
TAX937071,USR9348,SPT1585462,2023-05-06,10494.52
TAX937072,USR991,SPT1442905,2022-06-07,37034.83
TAX937073,USR4454,SPT503428,2022-12-23,26523.57
TAX937074,USR6765,SPT1637705,2023-10-29,34229.76
TAX937075,USR8959,SPT379677,2023-08-14,38038.4
TAX937076,USR3392,SPT1250662,2023-07-18,47408.36
TAX937077,USR2926,SPT192234,2023-06-25,43973.97
TAX937078,USR6303,SPT136756,2023-10-23,43921.11
TAX937079,USR1052,SPT664951,2022-03-16,38562.8
TAX937080,USR9597,SPT833337,2023-05-14,33959.85
TAX937081,USR7962,SPT1590891,2023-11-22,4780.45
TAX937082,USR3342,SPT1897054,2023-11-02,47608.39
TAX937083,USR995,SPT1429531,2023-05-26,15372.09
TAX937084,USR3635,SPT1549572,2022-05-08,49696.27
TAX937085,USR3238,SPT1027038,2023-08-25,24770.85
TAX937086,USR9583,SPT497486,2022-09-05,26470.46
TAX937087,USR3756,SPT485871,2023-07-02,5431.21
TAX937088,USR3553,SPT1515216,2023-03-06,14135.32
TAX937089,USR5,SPT1885887,2022-04-21,23356.51
TAX937090,USR8445,SPT1294421,2023-05-13,8400.49
TAX937091,USR9440,SPT926679,2024-01-03,23800.49
TAX937092,USR2579,SPT13578,2022-08-19,37570.7
TAX937093,USR5678,SPT1123631,2023-01-11,11368.91
TAX937094,USR1042,SPT12845,2024-01-17,33378.94
TAX937095,USR1660,SPT767467,2023-11-02,43356.58
TAX937096,USR1316,SPT1830738,2022-10-20,34498.68
TAX937097,USR7746,SPT1511304,2023-09-05,17884.83
TAX937098,USR7885,SPT1035094,2023-10-06,48128.68
TAX937099,USR8967,SPT686466,2022-10-14,49866.46
TAX937100,USR8218,SPT501022,2023-03-12,33664.44
TAX937101,USR3199,SPT1342587,2022-10-03,22259.18
TAX937102,USR7345,SPT495306,2022-06-25,12655.57
TAX937103,USR2980,SPT281155,2023-06-08,2922.18
TAX937104,USR4996,SPT1693544,2022-11-10,28768.29
TAX937105,USR9453,SPT1936807,2023-09-01,6222.37
TAX937106,USR7432,SPT274946,2023-09-18,21818.79
TAX937107,USR5192,SPT1755290,2023-09-05,12590.63
TAX937108,USR473,SPT1903081,2022-09-22,26318.83
TAX937109,USR8594,SPT272434,2022-12-03,14423.78
TAX937110,USR7709,SPT629143,2022-10-03,41013.44
TAX937111,USR4924,SPT210893,2022-11-13,42277.87
TAX937112,USR6360,SPT1474118,2022-04-03,45731.53
TAX937113,USR6902,SPT1512068,2023-10-17,31509.75
TAX937114,USR5004,SPT893491,2023-04-11,16132.67
TAX937115,USR4911,SPT1167736,2023-12-21,34224.34
TAX937116,USR5213,SPT1422251,2022-06-17,3862.59
TAX937117,USR2005,SPT606940,2022-06-18,36101.55
TAX937118,USR3886,SPT658948,2022-09-17,47720.85
TAX937119,USR4691,SPT413212,2022-12-10,26072.66
TAX937120,USR7997,SPT1461052,2022-03-31,12938.4
TAX937121,USR3070,SPT1632115,2023-11-14,37868.08
TAX937122,USR7357,SPT1166878,2023-11-18,47010.37
TAX937123,USR8350,SPT458790,2022-09-19,34326.62
TAX937124,USR769,SPT290413,2023-05-15,39674.71
TAX937125,USR8668,SPT439531,2022-03-13,41077.36
TAX937126,USR7477,SPT1021303,2022-02-18,16523.66
TAX937127,USR9639,SPT1341570,2024-02-03,33081.45
TAX937128,USR1329,SPT1442024,2022-09-11,37282.6
TAX937129,USR8581,SPT149185,2023-12-07,10906.7
TAX937130,USR4672,SPT1452606,2023-07-19,9432.69
TAX937131,USR4602,SPT1857609,2022-07-20,45285.65
TAX937132,USR6757,SPT929349,2023-05-13,25401.32
TAX937133,USR6242,SPT693540,2022-04-16,38826.25
TAX937134,USR7587,SPT1996462,2022-06-06,46502.31
TAX937135,USR4640,SPT893724,2023-02-27,12973.02
TAX937136,USR1066,SPT306357,2022-09-07,26477.62
TAX937137,USR2588,SPT582956,2023-01-13,5660.19
TAX937138,USR9907,SPT1882577,2022-03-15,23639.61
TAX937139,USR3816,SPT1833243,2023-06-21,31545.68
TAX937140,USR600,SPT619086,2022-08-29,49310.77
TAX937141,USR9020,SPT1252296,2022-05-16,33335.57
TAX937142,USR6885,SPT344489,2023-10-27,11307.61
TAX937143,USR9571,SPT1891141,2022-02-22,41026.09
TAX937144,USR2704,SPT1708393,2022-09-03,29541.93
TAX937145,USR8102,SPT425936,2022-02-13,43447.2
TAX937146,USR765,SPT293861,2022-04-15,19876.44
TAX937147,USR5930,SPT1549755,2022-12-06,13930.64
TAX937148,USR9753,SPT462510,2022-10-05,28673.88
TAX937149,USR334,SPT1731452,2022-11-07,20821.86
TAX937150,USR2542,SPT1864009,2023-11-13,36777.98
TAX937151,USR4784,SPT22551,2023-09-09,47089.31
TAX937152,USR4008,SPT1297372,2024-01-12,14534.54
TAX937153,USR7182,SPT1438093,2023-12-14,38003.58
TAX937154,USR3645,SPT1830043,2023-12-14,39940.55
TAX937155,USR9770,SPT203949,2022-07-27,48354.72
TAX937156,USR5408,SPT475907,2022-03-18,44607.99
TAX937157,USR3562,SPT862042,2023-03-23,26935.81
TAX937158,USR5503,SPT557338,2023-10-25,28587.21
TAX937159,USR3204,SPT1552812,2022-10-12,28023.1
TAX937160,USR725,SPT290230,2023-12-02,35922.55
TAX937161,USR3146,SPT103809,2023-02-01,30446.71
TAX937162,USR9531,SPT395290,2022-05-02,39884.56
TAX937163,USR9153,SPT950144,2022-09-14,14413.9
TAX937164,USR3395,SPT984847,2024-01-04,41523.46
TAX937165,USR6330,SPT1164220,2022-08-13,16453.39
TAX937166,USR4984,SPT33972,2022-04-09,29848.31
TAX937167,USR8651,SPT718007,2022-10-28,36675.65
TAX937168,USR266,SPT35286,2022-09-23,31868.18
TAX937169,USR2175,SPT1417405,2023-01-17,27328.77
TAX937170,USR1630,SPT1418989,2023-01-25,35137.35
TAX937171,USR4586,SPT150539,2023-03-15,36050.15
TAX937172,USR498,SPT352694,2023-06-03,21976.35
TAX937173,USR9468,SPT783316,2023-10-19,24542.02
TAX937174,USR9808,SPT1720635,2022-12-24,44993.15
TAX937175,USR1519,SPT1305166,2023-07-16,38884.59
TAX937176,USR1936,SPT56913,2023-07-01,41261.02
TAX937177,USR8586,SPT1916950,2022-04-22,7963.71
TAX937178,USR9618,SPT847731,2022-09-27,23088.82
TAX937179,USR9892,SPT1493170,2023-03-06,12744.68
TAX937180,USR4764,SPT763928,2023-07-11,42795.07
TAX937181,USR2582,SPT1473373,2022-12-30,28206.12
TAX937182,USR6464,SPT534757,2023-11-18,12432.57
TAX937183,USR1493,SPT35226,2023-10-30,1556.85
TAX937184,USR7946,SPT1661715,2022-11-28,33652.81
TAX937185,USR4607,SPT13202,2023-09-12,42840.09
TAX937186,USR5040,SPT1323739,2024-01-06,48217.29
TAX937187,USR645,SPT1981470,2023-05-13,2636.18
TAX937188,USR615,SPT426114,2023-03-15,12877.06
TAX937189,USR2360,SPT1135331,2022-03-15,7277.3
TAX937190,USR9922,SPT1077836,2022-04-29,1865.13
TAX937191,USR738,SPT1734783,2022-12-31,44601.06
TAX937192,USR3930,SPT753502,2023-01-15,2127.98
TAX937193,USR4979,SPT654652,2023-05-10,32632.7
TAX937194,USR2116,SPT187301,2023-10-25,25257.8
TAX937195,USR4258,SPT1162172,2023-04-14,2491.02
TAX937196,USR4488,SPT1854371,2022-06-16,19593.46
TAX937197,USR1417,SPT870411,2023-06-27,33406.97
TAX937198,USR2504,SPT1035260,2023-01-17,27091.63
TAX937199,USR3408,SPT465263,2023-04-03,38991.31
TAX937200,USR3525,SPT700218,2022-06-17,32645.04
TAX937201,USR6138,SPT1736063,2023-04-24,22724.97
TAX937202,USR66,SPT1143561,2022-06-07,25413.0
TAX937203,USR826,SPT485855,2022-07-22,27369.89
TAX937204,USR2093,SPT1617703,2022-09-08,27503.45
TAX937205,USR6245,SPT741962,2022-11-24,28815.8
TAX937206,USR9984,SPT371995,2023-02-16,22070.74
TAX937207,USR4346,SPT186751,2022-04-16,33972.43
TAX937208,USR1452,SPT1010252,2022-03-10,31188.25
TAX937209,USR4,SPT1922470,2022-03-12,15963.72
TAX937210,USR9092,SPT218909,2022-03-02,19591.06
TAX937211,USR6792,SPT372152,2022-11-21,23721.95
TAX937212,USR9264,SPT883098,2023-05-06,32079.79
TAX937213,USR1893,SPT1434960,2023-03-03,5360.92
TAX937214,USR524,SPT1468697,2022-04-23,11981.14
TAX937215,USR5750,SPT1095229,2023-10-16,20090.39
TAX937216,USR2130,SPT656043,2022-12-10,10569.41
TAX937217,USR7774,SPT496331,2022-07-26,46370.2
TAX937218,USR6091,SPT373125,2023-04-14,24485.51
TAX937219,USR3036,SPT1440683,2023-12-21,32375.22
TAX937220,USR5433,SPT803262,2023-08-02,5941.76
TAX937221,USR4889,SPT998113,2024-01-27,44898.33
TAX937222,USR7615,SPT72871,2022-04-21,19921.52
TAX937223,USR1172,SPT1665985,2023-08-27,28543.34
TAX937224,USR2974,SPT920454,2022-11-28,16441.83
TAX937225,USR1090,SPT1131925,2024-01-14,46202.94
TAX937226,USR3289,SPT1701107,2023-11-15,11853.94
TAX937227,USR3718,SPT795841,2023-11-01,25657.26
TAX937228,USR4553,SPT682843,2023-06-25,33656.36
TAX937229,USR7430,SPT1944799,2023-08-11,11072.67
TAX937230,USR7758,SPT1096734,2022-06-15,10857.2
TAX937231,USR689,SPT1773054,2023-08-21,20275.17
TAX937232,USR9633,SPT1878803,2022-05-01,29726.55
TAX937233,USR1984,SPT893120,2023-02-06,18377.47
TAX937234,USR162,SPT1430421,2022-08-13,1671.57
TAX937235,USR3020,SPT1289518,2023-03-31,25031.47
TAX937236,USR3002,SPT412709,2023-01-11,15753.05
TAX937237,USR1250,SPT967754,2024-02-02,30244.55
TAX937238,USR9313,SPT1126225,2022-12-04,40629.98
TAX937239,USR492,SPT1600191,2022-08-30,14682.46
TAX937240,USR1367,SPT967988,2022-07-22,10167.32
TAX937241,USR7926,SPT351694,2023-09-18,30271.51
TAX937242,USR415,SPT887047,2023-03-23,36386.88
TAX937243,USR7826,SPT1737900,2023-02-18,22936.46
TAX937244,USR275,SPT1799646,2023-09-19,5931.61
TAX937245,USR6764,SPT136000,2022-03-31,48878.11
TAX937246,USR2938,SPT1904325,2023-09-18,36125.04
TAX937247,USR3874,SPT400845,2022-08-05,44612.25
TAX937248,USR2348,SPT300896,2022-07-24,7389.86
TAX937249,USR2447,SPT147793,2023-08-20,8907.26
TAX937250,USR8857,SPT902111,2022-03-20,33649.83
TAX937251,USR8466,SPT609947,2022-09-29,39829.85
TAX937252,USR8356,SPT307622,2022-10-16,16942.83
TAX937253,USR4808,SPT1031519,2023-11-18,1851.89
TAX937254,USR2640,SPT442829,2024-01-13,25247.01
TAX937255,USR4138,SPT1374289,2023-06-22,43831.89
TAX937256,USR3132,SPT970854,2022-04-21,16307.65
TAX937257,USR2239,SPT1054882,2022-05-03,18270.38
TAX937258,USR1514,SPT1235464,2023-11-29,27550.2
TAX937259,USR4358,SPT1615057,2023-12-26,31359.41
TAX937260,USR9282,SPT1920511,2023-12-22,29780.12
TAX937261,USR6967,SPT1115406,2023-11-14,38009.64
TAX937262,USR2556,SPT1133881,2022-04-12,8465.44
TAX937263,USR2620,SPT1417207,2023-04-27,2682.52
TAX937264,USR4698,SPT1125080,2022-12-23,32431.1
TAX937265,USR2279,SPT1907588,2022-11-22,46226.9
TAX937266,USR8575,SPT239048,2022-09-04,38084.97
TAX937267,USR4237,SPT433687,2022-10-21,21256.75
TAX937268,USR2700,SPT202789,2024-01-12,44571.37
TAX937269,USR986,SPT1294082,2022-09-05,28607.82
TAX937270,USR6955,SPT1633930,2022-06-13,28750.99
TAX937271,USR6816,SPT1597094,2022-11-03,28070.8
TAX937272,USR2436,SPT994393,2023-02-14,4235.89
TAX937273,USR7289,SPT859979,2022-03-08,43468.52
TAX937274,USR839,SPT23105,2022-09-06,25683.13
TAX937275,USR4180,SPT331495,2022-10-07,31594.37
TAX937276,USR6379,SPT126948,2022-07-20,14321.74
TAX937277,USR5415,SPT1191369,2022-11-09,3100.78
TAX937278,USR2436,SPT1815487,2022-12-25,38778.74
TAX937279,USR373,SPT809197,2022-08-30,9144.4
TAX937280,USR9626,SPT1351529,2022-09-01,32785.35
TAX937281,USR5641,SPT1877125,2022-05-26,13490.69
TAX937282,USR2036,SPT1403259,2022-12-14,39684.32
TAX937283,USR5946,SPT906664,2022-08-19,12179.52
TAX937284,USR5512,SPT1805182,2022-11-08,47937.84
TAX937285,USR8604,SPT962523,2023-06-21,14641.93
TAX937286,USR4465,SPT1074059,2022-11-02,39370.22
TAX937287,USR5989,SPT1077173,2023-10-13,45438.11
TAX937288,USR4312,SPT117325,2022-08-12,1339.71
TAX937289,USR4989,SPT1640004,2024-01-31,1276.34
TAX937290,USR143,SPT1278224,2022-09-17,9336.24
TAX937291,USR9662,SPT1596044,2022-08-12,1359.97
TAX937292,USR6652,SPT1702405,2023-08-20,7326.37
TAX937293,USR6019,SPT1789894,2022-06-05,48895.79
TAX937294,USR8113,SPT1642653,2022-12-08,38985.3
TAX937295,USR6747,SPT1148656,2023-07-11,6733.64
TAX937296,USR2443,SPT204064,2022-10-17,38684.42
TAX937297,USR6882,SPT962368,2022-10-26,31428.71
TAX937298,USR5474,SPT897930,2022-02-10,8723.42
TAX937299,USR9029,SPT170445,2024-01-16,15553.15
TAX937300,USR2284,SPT332701,2022-08-20,14437.46
TAX937301,USR1184,SPT1096394,2023-02-19,40248.73
TAX937302,USR5624,SPT797691,2024-02-09,1319.15
TAX937303,USR1926,SPT1262546,2023-07-26,45259.85
TAX937304,USR1590,SPT1578397,2022-02-09,40897.49
TAX937305,USR9591,SPT346494,2023-01-07,20212.17
TAX937306,USR8903,SPT1471226,2023-06-21,7379.87
TAX937307,USR8363,SPT623265,2023-11-21,38880.83
TAX937308,USR6004,SPT1340111,2023-05-24,45986.43
TAX937309,USR5520,SPT999993,2022-09-05,5550.54
TAX937310,USR9079,SPT641095,2023-09-02,20428.34
TAX937311,USR9749,SPT1155708,2022-03-17,23230.53
TAX937312,USR4152,SPT557468,2024-01-10,9330.08
TAX937313,USR8882,SPT583617,2023-05-28,5399.52
TAX937314,USR9872,SPT355092,2023-11-15,38424.68
TAX937315,USR7038,SPT1149438,2022-06-22,39573.24
TAX937316,USR2197,SPT134218,2023-11-03,7199.28
TAX937317,USR3527,SPT1967365,2023-12-14,2620.96
TAX937318,USR3438,SPT1446823,2022-02-27,42650.74
TAX937319,USR8388,SPT615054,2022-09-04,29250.63
TAX937320,USR9646,SPT947688,2024-01-18,7329.37
TAX937321,USR409,SPT1893105,2022-03-19,33625.31
TAX937322,USR5456,SPT1812712,2024-01-28,6369.31
TAX937323,USR8009,SPT864567,2022-11-18,34332.65
TAX937324,USR6384,SPT1886328,2022-03-16,47315.74
TAX937325,USR5601,SPT70717,2022-02-18,7729.38
TAX937326,USR7736,SPT694106,2023-10-02,7293.27
TAX937327,USR4603,SPT1809266,2022-05-14,6733.79
TAX937328,USR3587,SPT1186072,2023-02-21,4755.6
TAX937329,USR2183,SPT1258424,2022-09-22,14931.19
TAX937330,USR6482,SPT169363,2023-08-11,3934.25
TAX937331,USR9079,SPT540944,2024-01-06,47638.17
TAX937332,USR3367,SPT947383,2022-11-13,5026.83
TAX937333,USR8441,SPT242493,2022-05-25,1189.7
TAX937334,USR7127,SPT621843,2023-01-21,48615.51
TAX937335,USR8188,SPT6510,2024-02-02,43445.33
TAX937336,USR1820,SPT189260,2023-12-24,9829.31
TAX937337,USR7058,SPT851497,2022-05-15,7600.65
TAX937338,USR7920,SPT53033,2023-09-04,19732.34
TAX937339,USR2749,SPT1485650,2024-01-14,41801.42
TAX937340,USR3483,SPT88944,2023-05-18,29220.84
TAX937341,USR1808,SPT916073,2024-01-19,10386.97
TAX937342,USR9232,SPT1043139,2023-01-08,10976.16
TAX937343,USR7922,SPT1650714,2023-05-06,32913.45
TAX937344,USR4968,SPT920958,2024-02-08,41155.23
TAX937345,USR3878,SPT912384,2023-03-25,40177.6
TAX937346,USR1415,SPT1732224,2022-07-11,1247.66
TAX937347,USR5463,SPT308162,2023-04-20,14401.37
TAX937348,USR4389,SPT1995753,2022-12-04,20815.31
TAX937349,USR833,SPT1917512,2023-11-17,20945.33
TAX937350,USR5702,SPT1785231,2023-08-28,47297.14
TAX937351,USR6558,SPT959146,2023-08-18,33233.53
TAX937352,USR1583,SPT8018,2022-06-07,47182.33
TAX937353,USR6704,SPT1355790,2022-03-07,18282.22
TAX937354,USR6748,SPT1254104,2022-06-02,7158.7
TAX937355,USR6156,SPT1101393,2022-08-13,16622.33
TAX937356,USR6335,SPT1585414,2022-03-16,20699.31
TAX937357,USR1148,SPT330435,2022-09-15,7632.99
TAX937358,USR5782,SPT46494,2023-03-14,42026.41
TAX937359,USR5382,SPT916869,2023-06-22,24651.61
TAX937360,USR4765,SPT493663,2022-07-11,21020.07
TAX937361,USR1879,SPT965353,2022-05-25,39391.8
TAX937362,USR6684,SPT1674151,2022-11-28,48232.23
TAX937363,USR4239,SPT1385857,2023-03-14,42657.11
TAX937364,USR6023,SPT635525,2022-10-09,2807.08
TAX937365,USR2563,SPT1722933,2023-07-27,32498.12
TAX937366,USR4440,SPT1466823,2022-02-21,32118.65
TAX937367,USR9095,SPT1838528,2023-04-21,12017.28
TAX937368,USR7875,SPT780537,2022-06-29,41613.27
TAX937369,USR2981,SPT1370995,2023-02-20,36178.6
TAX937370,USR8323,SPT800944,2023-08-02,3787.59
TAX937371,USR5713,SPT696735,2023-01-09,29358.6
TAX937372,USR254,SPT1095878,2022-10-19,6327.63
TAX937373,USR1562,SPT584197,2022-05-22,35626.94
TAX937374,USR8183,SPT1917608,2023-12-12,45129.15
TAX937375,USR2149,SPT133838,2023-05-11,40616.63
TAX937376,USR7101,SPT173936,2022-09-16,21276.43
TAX937377,USR268,SPT1288746,2023-07-04,13351.59
TAX937378,USR2059,SPT470145,2023-12-06,25115.5
TAX937379,USR8411,SPT1814836,2022-02-12,28470.83
TAX937380,USR8712,SPT430810,2024-01-01,38061.84
TAX937381,USR8111,SPT1019754,2023-01-29,41043.04
TAX937382,USR3016,SPT974217,2022-12-02,15430.88
TAX937383,USR8719,SPT458456,2022-11-20,42831.43
TAX937384,USR1335,SPT666174,2022-07-15,23581.99
TAX937385,USR496,SPT387257,2022-06-24,45558.44
TAX937386,USR3668,SPT1331931,2023-02-23,8521.29
TAX937387,USR2870,SPT1122159,2022-08-08,7024.76
TAX937388,USR1816,SPT1429793,2023-09-18,8082.58
TAX937389,USR3634,SPT580185,2023-09-23,29779.43
TAX937390,USR8987,SPT557539,2022-12-06,45900.59
TAX937391,USR4391,SPT1714660,2022-08-17,12636.77
TAX937392,USR4820,SPT750980,2023-04-03,22412.45
TAX937393,USR8829,SPT480755,2022-06-21,34174.22
TAX937394,USR4715,SPT511380,2022-08-26,11158.61
TAX937395,USR5805,SPT773628,2023-09-19,36709.26
TAX937396,USR1619,SPT195015,2023-04-08,37716.89
TAX937397,USR7188,SPT1968126,2023-06-15,43502.32
TAX937398,USR5501,SPT756912,2023-09-15,18180.98
TAX937399,USR875,SPT1155967,2023-03-17,49403.08
TAX937400,USR6454,SPT1254797,2022-04-16,15314.29
TAX937401,USR7268,SPT114505,2022-08-03,10112.65
TAX937402,USR5725,SPT652115,2022-08-11,40206.23
TAX937403,USR6794,SPT576281,2023-08-02,40001.58
TAX937404,USR581,SPT1727123,2022-12-15,46157.81
TAX937405,USR8052,SPT94372,2022-09-23,21288.75
TAX937406,USR6137,SPT1585270,2023-01-12,39698.66
TAX937407,USR2376,SPT1277186,2023-12-18,28258.83
TAX937408,USR9837,SPT1881581,2023-05-27,17419.47
TAX937409,USR9934,SPT390240,2022-08-14,29690.4
TAX937410,USR2376,SPT1909166,2023-12-31,30630.67
TAX937411,USR7558,SPT1427751,2023-02-28,20754.38
TAX937412,USR885,SPT1190973,2022-05-30,20990.9
TAX937413,USR4081,SPT1512984,2023-05-13,2901.65
TAX937414,USR3190,SPT1221350,2022-08-29,42038.7
TAX937415,USR8497,SPT1138767,2022-03-19,37633.46
TAX937416,USR6900,SPT594725,2023-12-16,24361.17
TAX937417,USR2024,SPT1806747,2023-11-28,32000.05
TAX937418,USR5202,SPT1402595,2023-11-14,2647.42
TAX937419,USR8469,SPT738696,2023-03-27,6008.72
TAX937420,USR3161,SPT594656,2023-02-03,29101.75
TAX937421,USR8385,SPT1717104,2023-09-15,27936.06
TAX937422,USR4102,SPT1085723,2023-07-11,20310.78
TAX937423,USR8796,SPT49506,2022-07-09,2616.11
TAX937424,USR7812,SPT1297224,2023-09-10,43332.1
TAX937425,USR4555,SPT1255789,2023-08-28,10474.48
TAX937426,USR2200,SPT1564508,2023-08-06,24299.84
TAX937427,USR3889,SPT1724676,2022-11-25,47265.47
TAX937428,USR6317,SPT282045,2023-01-20,45116.93
TAX937429,USR3446,SPT715760,2022-10-03,38894.18
TAX937430,USR7395,SPT712122,2022-03-29,48731.36
TAX937431,USR7252,SPT1877413,2023-03-04,44496.21
TAX937432,USR5988,SPT3269,2022-06-10,38988.62
TAX937433,USR99,SPT170272,2022-11-28,25676.78
TAX937434,USR3877,SPT1285481,2023-07-02,47362.15
TAX937435,USR5209,SPT855878,2022-11-13,9835.05
TAX937436,USR3750,SPT598577,2023-10-21,26501.21
TAX937437,USR7313,SPT284948,2022-12-07,10384.18
TAX937438,USR4610,SPT56572,2023-09-23,28043.79
TAX937439,USR2607,SPT1682000,2023-06-25,37301.16
TAX937440,USR6913,SPT1610298,2022-09-09,47333.95
TAX937441,USR4568,SPT358667,2024-01-28,44614.98
TAX937442,USR1526,SPT90373,2022-05-04,27650.88
TAX937443,USR3441,SPT869142,2023-10-24,2017.76
TAX937444,USR5606,SPT204556,2023-09-14,24028.48
TAX937445,USR538,SPT928332,2022-04-19,36964.6
TAX937446,USR6569,SPT198669,2022-10-24,10937.17
TAX937447,USR4015,SPT890571,2023-07-03,22849.69
TAX937448,USR5349,SPT463734,2022-06-27,14104.67
TAX937449,USR7458,SPT1575581,2023-06-01,38101.26
TAX937450,USR449,SPT532905,2022-08-15,26627.33
TAX937451,USR138,SPT912124,2023-09-17,7290.36
TAX937452,USR8268,SPT1459889,2022-10-26,44870.31
TAX937453,USR3977,SPT1303792,2022-08-23,5362.34
TAX937454,USR9362,SPT1196526,2022-12-07,47588.71
TAX937455,USR7816,SPT1597443,2022-11-04,25324.03
TAX937456,USR3089,SPT350976,2022-04-17,24190.7
TAX937457,USR5556,SPT1939986,2022-08-19,37570.04
TAX937458,USR7435,SPT462899,2023-06-30,8174.76
TAX937459,USR7788,SPT1019729,2022-02-19,49218.73
TAX937460,USR4302,SPT1459599,2022-12-12,11861.95
TAX937461,USR1795,SPT1831887,2023-07-17,13322.21
TAX937462,USR9322,SPT1094179,2023-07-22,38180.81
TAX937463,USR3280,SPT744163,2022-07-07,15824.37
TAX937464,USR5924,SPT1519280,2023-08-31,48828.28
TAX937465,USR6692,SPT462975,2022-04-24,1140.83
TAX937466,USR8615,SPT1527488,2022-02-16,37522.86
TAX937467,USR394,SPT1180391,2022-04-23,40141.98
TAX937468,USR2259,SPT1872946,2022-08-09,37647.29
TAX937469,USR4812,SPT845997,2023-03-29,45991.71
TAX937470,USR5618,SPT1902987,2023-04-23,9541.08
TAX937471,USR1717,SPT1022208,2023-07-13,45717.22
TAX937472,USR5341,SPT736228,2023-12-07,11313.47
TAX937473,USR4766,SPT461151,2022-07-20,20301.4
TAX937474,USR5167,SPT87157,2024-01-09,3804.64
TAX937475,USR6323,SPT139455,2022-07-13,20071.46
TAX937476,USR5773,SPT690148,2022-04-05,1068.13
TAX937477,USR4765,SPT1809322,2022-06-19,40903.89
TAX937478,USR3268,SPT1811284,2022-02-27,16150.12
TAX937479,USR4146,SPT1703125,2022-10-29,45979.21
TAX937480,USR6010,SPT1852390,2023-11-17,40722.01
TAX937481,USR2570,SPT296235,2023-09-06,5262.99
TAX937482,USR5783,SPT837783,2022-06-12,33853.74
TAX937483,USR5622,SPT911540,2024-01-11,3075.25
TAX937484,USR8009,SPT894981,2023-02-19,9061.44
TAX937485,USR6415,SPT1176666,2023-11-30,26433.43
TAX937486,USR7148,SPT1932874,2024-01-14,19469.72
TAX937487,USR8532,SPT1518236,2022-05-13,12296.59
TAX937488,USR1334,SPT1899456,2023-08-05,15217.9
TAX937489,USR7243,SPT728899,2023-07-25,26609.09
TAX937490,USR8683,SPT1157774,2023-05-14,36874.45
TAX937491,USR3891,SPT1097406,2023-05-11,44705.6
TAX937492,USR7704,SPT211567,2022-07-27,21933.7
TAX937493,USR3706,SPT1490473,2023-09-26,37759.06
TAX937494,USR4725,SPT1304329,2022-07-04,17332.27
TAX937495,USR8121,SPT910474,2023-01-09,17587.24
TAX937496,USR6028,SPT1827283,2022-06-03,16181.9
TAX937497,USR4648,SPT614106,2023-10-03,34096.36
TAX937498,USR6535,SPT263609,2022-07-24,12388.91
TAX937499,USR3384,SPT278459,2022-10-16,41805.92
TAX937500,USR6542,SPT1087020,2023-04-30,36989.8
TAX937501,USR2444,SPT1398898,2023-01-14,27051.2
TAX937502,USR7351,SPT16508,2023-09-17,39250.24
TAX937503,USR246,SPT1542261,2023-01-15,12670.19
TAX937504,USR1559,SPT1018732,2023-12-06,1142.5
TAX937505,USR9879,SPT1320907,2022-12-23,46116.11
TAX937506,USR3464,SPT1161183,2023-04-24,13131.26
TAX937507,USR8685,SPT372299,2022-11-18,8440.03
TAX937508,USR5798,SPT256782,2023-09-24,9643.31
TAX937509,USR4107,SPT706379,2022-04-07,48020.2
TAX937510,USR7959,SPT1549673,2022-04-23,11378.26
TAX937511,USR8599,SPT1389222,2022-06-15,27229.91
TAX937512,USR9229,SPT583523,2023-11-18,45853.66
TAX937513,USR5563,SPT248618,2022-07-12,44896.15
TAX937514,USR8088,SPT872628,2022-04-16,9668.45
TAX937515,USR3190,SPT1414168,2023-10-10,26665.58
TAX937516,USR232,SPT1997230,2023-08-18,19367.91
TAX937517,USR4884,SPT877664,2022-12-14,16300.51
TAX937518,USR2212,SPT764927,2023-04-15,45223.66
TAX937519,USR6475,SPT1878333,2023-12-28,43096.06
TAX937520,USR7911,SPT422384,2023-08-03,39441.6
TAX937521,USR5448,SPT1785533,2023-12-09,37474.12
TAX937522,USR214,SPT1907150,2022-03-13,42610.57
TAX937523,USR7795,SPT1026861,2022-04-01,3897.71
TAX937524,USR6528,SPT390597,2023-08-24,2047.27
TAX937525,USR8434,SPT1334655,2023-10-22,17983.46
TAX937526,USR8248,SPT1457548,2023-05-29,36778.79
TAX937527,USR272,SPT1712658,2022-10-29,24589.58
TAX937528,USR267,SPT551138,2023-06-16,13190.99
TAX937529,USR3388,SPT1081874,2022-03-19,34577.44
TAX937530,USR1388,SPT225300,2022-11-12,47991.15
TAX937531,USR6654,SPT1081505,2023-08-10,29768.99
TAX937532,USR2657,SPT268291,2023-09-24,19662.48
TAX937533,USR4721,SPT1148743,2023-05-10,16164.79
TAX937534,USR8364,SPT1166659,2023-03-12,40751.29
TAX937535,USR6276,SPT980956,2022-12-25,6499.72
TAX937536,USR4570,SPT1989924,2022-03-18,7031.87
TAX937537,USR3340,SPT1321316,2022-06-30,6814.16
TAX937538,USR6717,SPT1530812,2023-08-08,33257.87
TAX937539,USR1174,SPT1181548,2022-11-23,6595.41
TAX937540,USR5186,SPT364299,2023-09-28,12082.68
TAX937541,USR5916,SPT1630167,2022-11-29,31699.15
TAX937542,USR1656,SPT1244377,2023-07-03,29417.1
TAX937543,USR2738,SPT991831,2022-02-13,6067.08
TAX937544,USR1667,SPT325673,2022-03-17,15491.73
TAX937545,USR5963,SPT623886,2022-05-31,43517.05
TAX937546,USR3172,SPT1822805,2023-03-16,23155.05
TAX937547,USR5515,SPT1476553,2022-04-24,2969.65
TAX937548,USR5964,SPT1678210,2023-11-15,14640.04
TAX937549,USR2861,SPT996410,2023-08-04,23163.45
TAX937550,USR327,SPT1436517,2022-05-25,3252.46
TAX937551,USR6092,SPT1028833,2023-07-20,45406.02
TAX937552,USR8518,SPT1716481,2024-02-04,3246.47
TAX937553,USR3283,SPT1344996,2023-02-01,9314.93
TAX937554,USR1305,SPT618968,2023-01-02,12556.68
TAX937555,USR4828,SPT1506073,2022-12-07,8809.49
TAX937556,USR4356,SPT450910,2023-12-23,14121.32
TAX937557,USR2397,SPT1356316,2022-03-21,13247.92
TAX937558,USR5978,SPT1256382,2023-07-10,23010.61
TAX937559,USR6335,SPT234356,2023-04-15,42369.3
TAX937560,USR9103,SPT1614735,2022-09-25,32752.36
TAX937561,USR7467,SPT1374433,2023-05-15,13034.42
TAX937562,USR8571,SPT1674109,2023-02-01,30433.24
TAX937563,USR7836,SPT909708,2022-09-22,34832.13
TAX937564,USR6122,SPT213903,2023-02-18,6388.83
TAX937565,USR603,SPT885596,2022-05-21,48172.57
TAX937566,USR7523,SPT1543253,2022-12-11,18825.06
TAX937567,USR8003,SPT710765,2022-03-18,31761.57
TAX937568,USR7719,SPT506365,2022-10-10,7483.86
TAX937569,USR6930,SPT1460614,2023-06-02,1921.63
TAX937570,USR1127,SPT152642,2022-12-17,14925.96
TAX937571,USR6285,SPT1709021,2023-11-08,24104.83
TAX937572,USR574,SPT642662,2024-02-02,14039.77
TAX937573,USR2647,SPT315833,2023-09-08,18911.58
TAX937574,USR3971,SPT1240377,2022-12-25,29213.45
TAX937575,USR9295,SPT281419,2022-09-19,24202.0
TAX937576,USR6744,SPT1610506,2023-04-25,45651.21
TAX937577,USR4054,SPT217334,2022-06-24,38758.57
TAX937578,USR5174,SPT1876125,2023-05-11,46096.74
TAX937579,USR7145,SPT1228458,2022-08-02,19198.6
TAX937580,USR4493,SPT1978686,2023-11-01,28106.81
TAX937581,USR3248,SPT1189682,2023-01-03,7961.28
TAX937582,USR6790,SPT1897833,2022-10-12,18209.7
TAX937583,USR9966,SPT870399,2023-06-28,4932.7
TAX937584,USR3763,SPT1243554,2023-11-13,5983.41
TAX937585,USR7105,SPT964551,2024-01-25,29506.04
TAX937586,USR1346,SPT1172964,2022-09-11,16873.08
TAX937587,USR5355,SPT1709066,2022-03-31,40903.29
TAX937588,USR8069,SPT1914581,2023-04-27,4610.14
TAX937589,USR6284,SPT1191162,2023-06-23,4626.64
TAX937590,USR2314,SPT928574,2023-09-13,16219.82
TAX937591,USR2526,SPT438680,2023-02-18,25464.44
TAX937592,USR7957,SPT613717,2024-01-12,35040.59
TAX937593,USR3788,SPT1637388,2022-12-10,28331.91
TAX937594,USR7760,SPT1077893,2022-02-11,39329.28
TAX937595,USR5123,SPT1128087,2022-08-24,44838.77
TAX937596,USR8703,SPT1685627,2023-07-13,15514.64
TAX937597,USR8980,SPT706809,2022-05-19,43334.55
TAX937598,USR3215,SPT1851608,2022-02-18,31775.95
TAX937599,USR4700,SPT1755422,2023-03-05,46786.2
TAX937600,USR7659,SPT1103073,2023-12-16,44312.4
TAX937601,USR9660,SPT857468,2023-03-23,12584.52
TAX937602,USR416,SPT1014827,2022-07-31,20164.68
TAX937603,USR3284,SPT90767,2023-12-28,42315.29
TAX937604,USR6214,SPT838747,2022-06-19,28727.62
TAX937605,USR6021,SPT1320457,2023-12-03,21516.72
TAX937606,USR778,SPT539372,2022-08-12,32065.18
TAX937607,USR7395,SPT36716,2022-10-24,43801.09
TAX937608,USR3089,SPT125929,2022-03-03,39393.21
TAX937609,USR9133,SPT821383,2023-10-06,11090.34
TAX937610,USR677,SPT1345759,2023-06-23,22714.41
TAX937611,USR5431,SPT1999172,2024-01-23,16797.81
TAX937612,USR2377,SPT347170,2022-07-26,32606.3
TAX937613,USR2215,SPT625509,2023-04-21,22791.16
TAX937614,USR1950,SPT970372,2023-09-03,16529.2
TAX937615,USR7556,SPT937897,2023-03-11,5793.62
TAX937616,USR6789,SPT1842704,2024-01-31,31162.15
TAX937617,USR5403,SPT1631345,2022-02-13,44219.26
TAX937618,USR9548,SPT1112176,2023-07-02,5630.4
TAX937619,USR8659,SPT1105341,2023-04-14,36916.96
TAX937620,USR9250,SPT1921743,2024-01-21,17142.94
TAX937621,USR3199,SPT693383,2022-07-22,15824.83
TAX937622,USR3488,SPT1305177,2022-09-16,12855.25
TAX937623,USR1425,SPT1550485,2023-11-14,41130.29
TAX937624,USR8270,SPT1725144,2023-04-07,31676.69
TAX937625,USR3227,SPT955038,2022-09-24,38401.49
TAX937626,USR8368,SPT1746993,2022-02-13,17310.07
TAX937627,USR2226,SPT1632063,2022-05-10,10654.86
TAX937628,USR6409,SPT468932,2023-08-15,9344.75
TAX937629,USR6098,SPT1110682,2023-10-28,22005.63
TAX937630,USR1333,SPT1870615,2023-09-29,10130.68
TAX937631,USR2919,SPT1171430,2022-08-09,46962.4
TAX937632,USR2610,SPT673040,2022-12-30,16258.74
TAX937633,USR6028,SPT429489,2022-11-23,41560.8
TAX937634,USR5635,SPT705528,2023-08-28,16659.89
TAX937635,USR5328,SPT1013664,2023-01-20,33774.31
TAX937636,USR3209,SPT1843067,2023-01-30,5735.03
TAX937637,USR6754,SPT860427,2023-11-21,24884.1
TAX937638,USR3115,SPT1689310,2023-03-27,40381.59
TAX937639,USR9914,SPT1974374,2022-02-26,11067.17
TAX937640,USR9142,SPT1870944,2024-01-21,49966.05
TAX937641,USR7791,SPT811375,2022-09-19,23387.26
TAX937642,USR9522,SPT392852,2023-02-26,40940.92
TAX937643,USR7085,SPT1316277,2022-10-01,23826.35
TAX937644,USR6824,SPT612267,2023-11-08,22865.7
TAX937645,USR3984,SPT1562944,2023-09-01,9568.03
TAX937646,USR5282,SPT832907,2023-05-26,22618.07
TAX937647,USR7401,SPT244465,2022-12-27,39703.84
TAX937648,USR1671,SPT1359670,2023-08-13,39160.28
TAX937649,USR8016,SPT680572,2023-11-16,49749.17
TAX937650,USR9532,SPT852748,2023-06-27,25997.36
TAX937651,USR6997,SPT604701,2023-09-17,10473.57
TAX937652,USR2730,SPT1531108,2022-10-01,26440.85
TAX937653,USR2052,SPT558392,2023-12-21,39834.31
TAX937654,USR3527,SPT1463876,2022-08-13,45203.48
TAX937655,USR2497,SPT1989838,2022-09-09,27557.3
TAX937656,USR7359,SPT1130223,2023-10-26,40792.75
TAX937657,USR1925,SPT320379,2022-02-13,15515.03
TAX937658,USR9851,SPT897365,2023-05-16,30100.85
TAX937659,USR4195,SPT521827,2022-12-09,36557.08
TAX937660,USR8062,SPT325345,2022-05-10,10872.08
TAX937661,USR2779,SPT120902,2023-02-26,11845.4
TAX937662,USR8370,SPT840885,2023-08-15,5571.44
TAX937663,USR569,SPT611756,2023-08-15,34095.31
TAX937664,USR1674,SPT878693,2022-06-02,38219.47
TAX937665,USR6635,SPT1549948,2022-08-28,26953.78
TAX937666,USR6967,SPT1509462,2022-12-15,11454.48
TAX937667,USR8722,SPT1486179,2022-06-26,11697.22
TAX937668,USR7391,SPT1812059,2022-05-23,18441.11
TAX937669,USR4800,SPT1765841,2022-07-31,9279.33
TAX937670,USR7154,SPT1521492,2023-05-10,2763.17
TAX937671,USR1986,SPT1978855,2022-09-06,32609.88
TAX937672,USR7801,SPT995165,2022-12-15,48204.73
TAX937673,USR1599,SPT522753,2023-04-04,35150.14
TAX937674,USR4507,SPT10823,2023-06-27,38373.24
TAX937675,USR4880,SPT1231564,2022-09-11,34752.21
TAX937676,USR6640,SPT1264517,2022-02-20,28114.38
TAX937677,USR7002,SPT1514778,2022-09-23,11370.63
TAX937678,USR6148,SPT1848901,2023-03-31,9728.05
TAX937679,USR8715,SPT1354036,2023-10-13,15149.39
TAX937680,USR5201,SPT1510798,2022-03-01,6525.33
TAX937681,USR3484,SPT1250966,2022-03-19,19231.55
TAX937682,USR5577,SPT42637,2023-10-18,22972.12
TAX937683,USR9483,SPT1943295,2022-12-07,37708.18
TAX937684,USR3502,SPT79427,2022-11-03,22926.37
TAX937685,USR5029,SPT311209,2023-10-07,6517.99
TAX937686,USR7714,SPT1612320,2022-08-28,35904.69
TAX937687,USR414,SPT527464,2023-01-08,35614.37
TAX937688,USR358,SPT1278733,2023-02-01,37944.63
TAX937689,USR9584,SPT1562536,2022-02-22,4019.93
TAX937690,USR6344,SPT1520125,2022-07-09,42262.37
TAX937691,USR9568,SPT1074570,2023-02-25,49082.02
TAX937692,USR8955,SPT437029,2024-02-07,43315.15
TAX937693,USR8832,SPT881055,2023-11-02,44559.51
TAX937694,USR5532,SPT976283,2024-01-30,34648.44
TAX937695,USR7485,SPT1607606,2022-06-30,33004.46
TAX937696,USR8075,SPT384375,2023-10-13,9859.16
TAX937697,USR3486,SPT1566104,2023-12-31,48152.45
TAX937698,USR7970,SPT205071,2023-04-20,35527.53
TAX937699,USR460,SPT1811525,2023-01-25,46776.92
TAX937700,USR4868,SPT705280,2022-07-04,43324.51
TAX937701,USR2157,SPT1830553,2022-02-12,1800.87
TAX937702,USR659,SPT1434004,2022-09-12,25066.66
TAX937703,USR9447,SPT259578,2022-03-24,27339.95
TAX937704,USR1429,SPT287474,2024-02-04,31174.44
TAX937705,USR309,SPT1160827,2022-02-25,35050.98
TAX937706,USR455,SPT1214733,2022-03-02,41365.47
TAX937707,USR5309,SPT537846,2022-11-12,44650.78
TAX937708,USR9279,SPT63864,2023-09-20,13675.61
TAX937709,USR208,SPT174856,2023-03-21,43831.84
TAX937710,USR3396,SPT1917326,2023-07-17,15706.1
TAX937711,USR3121,SPT2037,2022-04-14,34375.78
TAX937712,USR8005,SPT1740625,2023-02-22,5719.82
TAX937713,USR9975,SPT139405,2022-09-20,18337.66
TAX937714,USR8225,SPT973466,2023-08-27,8494.69
TAX937715,USR9321,SPT696190,2023-11-25,47016.87
TAX937716,USR493,SPT845588,2023-05-10,5929.53
TAX937717,USR6138,SPT1519857,2022-11-22,25772.96
TAX937718,USR4786,SPT82677,2023-01-31,28211.47
TAX937719,USR4202,SPT890142,2022-08-24,23218.6
TAX937720,USR8418,SPT335003,2022-12-07,13098.65
TAX937721,USR3664,SPT1484334,2023-07-20,24636.2
TAX937722,USR2733,SPT827168,2022-03-17,7110.91
TAX937723,USR8514,SPT569718,2022-07-28,24578.26
TAX937724,USR3750,SPT54737,2023-08-02,12194.33
TAX937725,USR5388,SPT567882,2023-06-08,24866.34
TAX937726,USR8661,SPT1811336,2023-08-06,38934.97
TAX937727,USR3104,SPT608079,2023-03-28,2383.91
TAX937728,USR8913,SPT162760,2023-02-24,29165.89
TAX937729,USR4506,SPT1680561,2023-03-08,12044.16
TAX937730,USR9243,SPT1613050,2022-02-12,30865.91
TAX937731,USR4435,SPT226741,2023-12-08,25411.11
TAX937732,USR396,SPT1802483,2022-06-28,32463.2
TAX937733,USR6452,SPT1908638,2023-11-19,10370.87
TAX937734,USR9842,SPT1251410,2022-04-18,34730.37
TAX937735,USR4713,SPT671877,2023-07-13,46335.85
TAX937736,USR8886,SPT1582224,2023-05-16,15737.96
TAX937737,USR3196,SPT1282569,2023-10-24,47765.67
TAX937738,USR8182,SPT965840,2022-07-21,38924.24
TAX937739,USR409,SPT1114917,2023-05-23,28335.22
TAX937740,USR2846,SPT198968,2023-02-07,5315.03
TAX937741,USR252,SPT776499,2022-08-20,28221.01
TAX937742,USR602,SPT103258,2022-06-24,17526.54
TAX937743,USR667,SPT804187,2022-12-26,15095.84
TAX937744,USR7825,SPT1106701,2023-05-21,12591.31
TAX937745,USR3372,SPT205474,2023-01-01,37959.62
TAX937746,USR7580,SPT1409032,2023-11-23,34221.8
TAX937747,USR5051,SPT1739939,2023-06-21,18311.83
TAX937748,USR9196,SPT125084,2024-01-18,41497.77
TAX937749,USR1976,SPT1009312,2024-01-19,3879.83
TAX937750,USR2069,SPT1872000,2023-12-08,40736.82
TAX937751,USR9270,SPT228419,2022-11-01,47137.24
TAX937752,USR8485,SPT623834,2022-11-02,47318.66
TAX937753,USR533,SPT460663,2023-08-01,38405.61
TAX937754,USR9262,SPT624798,2022-02-26,40023.36
TAX937755,USR3791,SPT811366,2023-03-10,13267.46
TAX937756,USR4683,SPT1939605,2022-04-04,22762.7
TAX937757,USR2299,SPT588168,2022-07-24,8221.78
TAX937758,USR8171,SPT671910,2023-12-04,16998.1
TAX937759,USR7407,SPT501437,2022-12-27,38354.38
TAX937760,USR3279,SPT1846391,2022-11-02,25115.71
TAX937761,USR8390,SPT333280,2023-08-10,33727.92
TAX937762,USR6877,SPT751152,2023-05-09,42015.81
TAX937763,USR9681,SPT1210898,2022-03-12,17934.89
TAX937764,USR8005,SPT1796708,2022-05-01,41629.03
TAX937765,USR1159,SPT136153,2023-10-23,30782.53
TAX937766,USR2148,SPT886259,2023-09-26,31699.14
TAX937767,USR9079,SPT472565,2023-02-17,32099.19
TAX937768,USR4667,SPT75932,2022-10-27,18910.5
TAX937769,USR5794,SPT599806,2023-03-03,26265.92
TAX937770,USR6187,SPT1636244,2023-10-05,27168.01
TAX937771,USR4294,SPT1638364,2022-04-29,5457.27
TAX937772,USR1137,SPT1912846,2022-06-23,24034.96
TAX937773,USR1225,SPT1276305,2023-05-03,46140.41
TAX937774,USR7492,SPT1358644,2023-06-06,31867.95
TAX937775,USR152,SPT1042468,2022-08-22,25273.19
TAX937776,USR516,SPT1293764,2024-02-03,19480.96
TAX937777,USR9852,SPT1126428,2023-05-31,41734.25
TAX937778,USR660,SPT526726,2022-06-29,15608.56
TAX937779,USR733,SPT1744177,2023-11-25,35996.29
TAX937780,USR5947,SPT865542,2023-10-07,14913.77
TAX937781,USR9263,SPT877134,2022-11-25,15050.14
TAX937782,USR7288,SPT21339,2023-01-17,3778.22
TAX937783,USR5645,SPT361941,2023-11-30,43115.97
TAX937784,USR378,SPT1591799,2023-07-08,19085.56
TAX937785,USR36,SPT1619919,2022-05-07,42733.33
TAX937786,USR8386,SPT706064,2022-06-01,24406.66
TAX937787,USR5538,SPT917513,2022-07-24,32569.85
TAX937788,USR6386,SPT464041,2023-02-27,18816.63
TAX937789,USR5316,SPT79721,2023-09-25,36325.8
TAX937790,USR5622,SPT266626,2022-02-11,34596.08
TAX937791,USR3363,SPT1409036,2023-12-04,12237.26
TAX937792,USR4770,SPT228851,2023-03-02,28678.15
TAX937793,USR7837,SPT1510742,2023-03-08,38567.59
TAX937794,USR9279,SPT324280,2022-09-03,21141.71
TAX937795,USR8693,SPT902403,2022-09-13,15377.47
TAX937796,USR3972,SPT363842,2022-07-05,39091.29
TAX937797,USR7064,SPT1398035,2023-05-21,45428.3
TAX937798,USR5082,SPT1586090,2024-01-25,43125.74
TAX937799,USR5031,SPT380870,2022-08-18,41822.09
TAX937800,USR423,SPT297604,2023-03-27,10126.61
TAX937801,USR5848,SPT1320988,2023-12-12,32916.78
TAX937802,USR4154,SPT1806394,2023-04-05,44035.45
TAX937803,USR2206,SPT1203648,2023-07-17,37013.13
TAX937804,USR2998,SPT1982565,2022-05-16,28852.53
TAX937805,USR5484,SPT1933525,2023-01-28,45041.73
TAX937806,USR372,SPT378420,2022-09-07,37264.82
TAX937807,USR9460,SPT1204640,2022-03-04,8896.58
TAX937808,USR4599,SPT282973,2022-03-30,15121.47
TAX937809,USR469,SPT1015626,2023-01-14,19384.35
TAX937810,USR596,SPT1002676,2023-07-16,22447.49
TAX937811,USR294,SPT1978626,2022-07-29,30492.17
TAX937812,USR7180,SPT269111,2022-05-07,13555.36
TAX937813,USR3890,SPT490255,2022-09-07,42404.63
TAX937814,USR3602,SPT199853,2023-06-12,3650.2
TAX937815,USR7804,SPT223687,2023-04-24,45623.78
TAX937816,USR5379,SPT1503695,2023-06-23,47252.3
TAX937817,USR2247,SPT1626810,2024-01-09,27695.74
TAX937818,USR1779,SPT1466992,2022-02-24,14897.69
TAX937819,USR2007,SPT749737,2023-01-25,29543.81
TAX937820,USR3755,SPT475032,2023-02-25,25451.53
TAX937821,USR7080,SPT1583646,2022-09-09,43160.22
TAX937822,USR6333,SPT1585113,2023-03-06,43323.61
TAX937823,USR8946,SPT1205992,2023-03-18,37226.15
TAX937824,USR2600,SPT739550,2022-12-03,19403.12
TAX937825,USR8003,SPT920500,2023-08-07,34167.57
TAX937826,USR3425,SPT1155714,2022-02-24,41747.55
TAX937827,USR3898,SPT1846269,2024-02-07,48506.23
TAX937828,USR1410,SPT1525665,2023-06-17,13725.38
TAX937829,USR542,SPT309989,2022-04-01,18881.46
TAX937830,USR8152,SPT1409652,2023-04-26,49249.39
TAX937831,USR1605,SPT493277,2022-12-26,21633.57
TAX937832,USR3111,SPT119982,2023-09-09,42388.76
TAX937833,USR5006,SPT1947857,2023-02-07,36136.41
TAX937834,USR8134,SPT1851134,2024-01-03,23531.69
TAX937835,USR7089,SPT1853446,2022-05-13,36707.12
TAX937836,USR6953,SPT704359,2022-10-04,38298.46
TAX937837,USR6504,SPT60325,2024-01-17,22753.38
TAX937838,USR11,SPT578805,2022-07-12,19630.29
TAX937839,USR3737,SPT1875041,2023-02-13,6862.32
TAX937840,USR7196,SPT1263367,2023-12-12,27860.59
TAX937841,USR6341,SPT1042414,2022-03-20,33685.56
TAX937842,USR6854,SPT1887795,2023-06-01,1267.01
TAX937843,USR1028,SPT939032,2023-07-25,3147.04
TAX937844,USR5084,SPT365471,2023-08-08,18524.23
TAX937845,USR9500,SPT942373,2023-11-23,40768.06
TAX937846,USR9636,SPT826932,2023-07-02,3063.15
TAX937847,USR1723,SPT1167436,2023-06-09,3681.77
TAX937848,USR2296,SPT1725645,2023-05-04,3663.36
TAX937849,USR8112,SPT1045681,2022-06-09,12250.35
TAX937850,USR9487,SPT529684,2023-10-07,48403.97
TAX937851,USR7580,SPT626830,2022-03-27,46794.57
TAX937852,USR9045,SPT199404,2022-09-11,28604.32
TAX937853,USR2996,SPT1822369,2023-10-05,44786.39
TAX937854,USR6636,SPT104416,2023-12-24,16556.4
TAX937855,USR8625,SPT438648,2023-04-08,26251.09
TAX937856,USR2324,SPT1327436,2022-09-05,1966.39
TAX937857,USR7567,SPT1776527,2023-08-26,14643.72
TAX937858,USR7349,SPT686009,2022-05-25,9191.15
TAX937859,USR9227,SPT688461,2022-06-26,1153.24
TAX937860,USR4899,SPT487435,2023-03-20,9755.58
TAX937861,USR8992,SPT832489,2023-09-20,48176.02
TAX937862,USR3626,SPT1012843,2022-08-09,23730.39
TAX937863,USR3224,SPT1513635,2022-06-14,22578.05
TAX937864,USR9523,SPT258808,2023-04-04,15626.86
TAX937865,USR9562,SPT805078,2024-01-25,38536.82
TAX937866,USR854,SPT100038,2023-02-26,6450.99
TAX937867,USR2314,SPT502552,2023-08-04,19226.26
TAX937868,USR3202,SPT197395,2023-07-12,10930.99
TAX937869,USR5302,SPT769642,2023-08-22,38251.46
TAX937870,USR1458,SPT1068981,2023-07-07,33905.35
TAX937871,USR3661,SPT1095262,2023-01-15,25299.61
TAX937872,USR3281,SPT274911,2023-06-23,21971.36
TAX937873,USR2107,SPT93703,2022-12-27,23185.41
TAX937874,USR3821,SPT1124627,2023-12-08,38325.97
TAX937875,USR7571,SPT1138375,2022-07-05,28472.33
TAX937876,USR8846,SPT111978,2023-02-22,7654.91
TAX937877,USR4262,SPT1539643,2022-06-08,14311.85
TAX937878,USR5027,SPT643595,2022-03-05,31833.0
TAX937879,USR8280,SPT703935,2023-03-18,26484.25
TAX937880,USR1443,SPT1003324,2023-11-03,44825.36
TAX937881,USR2127,SPT604192,2022-03-05,3921.68
TAX937882,USR7724,SPT912073,2023-01-07,49468.75
TAX937883,USR5823,SPT1442079,2022-08-08,16731.63
TAX937884,USR2098,SPT1046794,2024-01-26,21287.51
TAX937885,USR2006,SPT1539862,2023-12-17,24582.2
TAX937886,USR3718,SPT756185,2023-06-19,22834.82
TAX937887,USR9234,SPT1448534,2023-12-25,44737.6
TAX937888,USR9793,SPT401105,2023-05-07,42235.84
TAX937889,USR8647,SPT908940,2022-09-26,44617.33
TAX937890,USR4374,SPT1145366,2023-05-03,43586.05
TAX937891,USR6338,SPT1969139,2022-03-29,6999.61
TAX937892,USR9913,SPT1026236,2024-01-14,24979.39
TAX937893,USR3132,SPT97617,2023-08-28,28285.29
TAX937894,USR87,SPT1340028,2022-12-14,16163.63
TAX937895,USR2515,SPT128828,2022-03-11,14188.73
TAX937896,USR5589,SPT1839876,2024-02-01,26426.9
TAX937897,USR5381,SPT268048,2022-05-12,12553.36
TAX937898,USR8676,SPT162558,2023-10-23,25326.79
TAX937899,USR7068,SPT1952782,2023-02-04,2660.8
TAX937900,USR3362,SPT1534724,2022-06-07,41610.07
TAX937901,USR2435,SPT739889,2023-03-22,13003.49
TAX937902,USR1626,SPT1892327,2023-01-18,38189.57
TAX937903,USR2601,SPT213563,2022-02-09,10935.88
TAX937904,USR3246,SPT1085724,2024-02-03,24994.4
TAX937905,USR4173,SPT292131,2022-08-20,3745.82
TAX937906,USR5117,SPT333613,2023-02-08,47949.54
TAX937907,USR4076,SPT1681822,2022-09-13,17922.16
TAX937908,USR8552,SPT1307477,2022-05-28,16176.27
TAX937909,USR1382,SPT1811379,2023-03-31,26410.36
TAX937910,USR6679,SPT535004,2022-08-26,21111.0
TAX937911,USR1086,SPT1555485,2023-05-13,35534.18
TAX937912,USR2043,SPT958379,2023-11-11,7179.66
TAX937913,USR7627,SPT852638,2022-06-23,10481.97
TAX937914,USR2297,SPT319575,2023-02-02,47837.63
TAX937915,USR3358,SPT954233,2022-07-28,24330.02
TAX937916,USR7612,SPT1710246,2022-09-22,45286.77
TAX937917,USR58,SPT1089451,2023-05-27,4019.39
TAX937918,USR9378,SPT1322527,2022-04-10,43558.03
TAX937919,USR7001,SPT1146856,2022-03-15,46649.7
TAX937920,USR4737,SPT412905,2023-03-09,17673.82
TAX937921,USR83,SPT1911070,2022-12-04,36454.82
TAX937922,USR558,SPT416009,2023-12-27,16243.19
TAX937923,USR9604,SPT1602433,2023-01-31,6245.95
TAX937924,USR5937,SPT195635,2023-01-24,37811.34
TAX937925,USR9702,SPT1064999,2022-03-07,45931.99
TAX937926,USR9938,SPT133232,2022-11-27,49686.47
TAX937927,USR5299,SPT811784,2024-01-26,7494.31
TAX937928,USR7132,SPT1885889,2023-06-10,48317.12
TAX937929,USR8255,SPT1584734,2024-01-10,26025.38
TAX937930,USR5196,SPT1931410,2023-09-24,15993.55
TAX937931,USR988,SPT637858,2023-06-02,22878.76
TAX937932,USR1033,SPT669448,2023-02-17,2740.05
TAX937933,USR1756,SPT1380401,2023-11-20,19359.31
TAX937934,USR8404,SPT816307,2023-10-06,24402.25
TAX937935,USR2394,SPT491306,2022-11-15,5850.38
TAX937936,USR4552,SPT503047,2023-12-31,45896.22
TAX937937,USR1958,SPT152977,2023-12-02,25941.72
TAX937938,USR4738,SPT911525,2022-06-03,33370.26
TAX937939,USR190,SPT1020129,2024-01-02,38812.94
TAX937940,USR3032,SPT755742,2022-08-21,19431.6
TAX937941,USR721,SPT1755169,2023-04-11,46190.49
TAX937942,USR9070,SPT1374500,2022-06-28,8565.83
TAX937943,USR4706,SPT306520,2023-01-16,9874.6
TAX937944,USR7163,SPT789466,2022-11-14,17190.01
TAX937945,USR2975,SPT1791451,2023-07-01,11405.22
TAX937946,USR9209,SPT313197,2022-12-24,41248.64
TAX937947,USR948,SPT172889,2022-11-14,23454.86
TAX937948,USR3643,SPT608699,2022-06-13,48789.53
TAX937949,USR9584,SPT1787815,2022-09-03,5705.27
TAX937950,USR7753,SPT1287342,2023-03-19,8900.37
TAX937951,USR399,SPT1657747,2023-05-31,14848.29
TAX937952,USR1289,SPT753905,2023-07-25,25347.74
TAX937953,USR3990,SPT197246,2022-03-28,24955.5
TAX937954,USR5317,SPT450129,2023-05-11,4374.22
TAX937955,USR1912,SPT1252723,2022-07-21,22609.86
TAX937956,USR5917,SPT560447,2022-03-15,42307.83
TAX937957,USR309,SPT235356,2023-05-03,22445.76
TAX937958,USR1396,SPT1495752,2023-10-02,22477.03
TAX937959,USR3125,SPT940084,2023-11-20,27079.8
TAX937960,USR4090,SPT1975291,2023-03-18,11584.22
TAX937961,USR1508,SPT1811978,2022-11-21,14331.97
TAX937962,USR7033,SPT446317,2023-01-25,19691.32
TAX937963,USR2845,SPT796875,2023-03-30,6546.76
TAX937964,USR5028,SPT1996402,2023-09-17,29735.65
TAX937965,USR3234,SPT1650330,2024-01-04,24164.47
TAX937966,USR9382,SPT1966660,2022-06-27,1285.04
TAX937967,USR2214,SPT1909907,2022-11-21,13663.42
TAX937968,USR1996,SPT941722,2023-11-14,29860.62
TAX937969,USR6090,SPT554482,2023-06-24,48151.74
TAX937970,USR5311,SPT6088,2023-04-04,37916.08
TAX937971,USR2353,SPT1131689,2022-12-31,6925.79
TAX937972,USR2008,SPT1573401,2023-04-26,2064.05
TAX937973,USR2266,SPT1068005,2023-03-25,32221.2
TAX937974,USR9780,SPT956778,2022-11-08,21124.46
TAX937975,USR428,SPT1203583,2023-10-01,10010.63
TAX937976,USR8129,SPT1318522,2022-10-11,8730.45
TAX937977,USR3817,SPT1273712,2022-12-02,3548.04
TAX937978,USR2019,SPT220465,2023-09-07,19715.81
TAX937979,USR10000,SPT1585500,2022-03-22,4522.48
TAX937980,USR1530,SPT825037,2023-02-12,44807.55
TAX937981,USR3142,SPT1038837,2022-03-21,8623.59
TAX937982,USR1138,SPT443438,2023-11-18,28298.72
TAX937983,USR7871,SPT1891139,2022-10-13,30920.13
TAX937984,USR1094,SPT440283,2022-02-19,42779.62
TAX937985,USR5588,SPT1857405,2023-08-23,26321.44
TAX937986,USR8265,SPT985389,2022-10-20,27456.72
TAX937987,USR1340,SPT1727939,2022-04-07,43487.55
TAX937988,USR8639,SPT645644,2023-09-18,12390.19
TAX937989,USR1312,SPT1684057,2022-07-13,46819.29
TAX937990,USR2111,SPT360007,2022-05-19,33757.23
TAX937991,USR6947,SPT1533449,2022-11-18,29735.7
TAX937992,USR405,SPT1366043,2022-12-10,24575.5
TAX937993,USR9827,SPT1222760,2022-11-22,45077.26
TAX937994,USR5657,SPT462944,2022-05-05,7409.66
TAX937995,USR5516,SPT655660,2022-10-01,49726.14
TAX937996,USR3329,SPT528313,2023-08-15,40070.97
TAX937997,USR5189,SPT968961,2022-09-05,31228.27
TAX937998,USR116,SPT1030139,2023-09-04,31356.97
TAX937999,USR1797,SPT1841682,2024-02-02,42542.19
TAX938000,USR1384,SPT1685043,2023-10-08,4233.15
TAX938001,USR184,SPT1604041,2022-04-17,20962.47
TAX938002,USR2168,SPT1724562,2024-01-10,29137.54
TAX938003,USR7694,SPT593656,2023-02-27,37677.94
TAX938004,USR7052,SPT90098,2023-06-20,5176.31
TAX938005,USR383,SPT693652,2023-01-17,45033.79
TAX938006,USR582,SPT332996,2022-03-31,38505.63
TAX938007,USR4804,SPT1761225,2022-05-11,38126.81
TAX938008,USR2510,SPT1760488,2023-03-28,24829.37
TAX938009,USR8973,SPT139884,2023-05-19,2320.17
TAX938010,USR6596,SPT1554186,2022-05-04,31349.82
TAX938011,USR1366,SPT1960988,2022-10-22,49410.79
TAX938012,USR763,SPT150231,2022-09-10,12996.2
TAX938013,USR6939,SPT1433745,2023-01-06,9493.06
TAX938014,USR9624,SPT661862,2024-01-22,19391.37
TAX938015,USR6372,SPT9589,2024-01-28,37272.93
TAX938016,USR3216,SPT1638784,2024-01-10,33093.01
TAX938017,USR853,SPT1119828,2022-04-19,17228.37
TAX938018,USR1646,SPT1914111,2023-11-02,16383.7
TAX938019,USR274,SPT176834,2023-08-01,4052.13
TAX938020,USR8391,SPT923369,2023-04-15,45834.37
TAX938021,USR2814,SPT513805,2023-01-23,38043.52
TAX938022,USR8857,SPT1591444,2022-12-11,40725.75
TAX938023,USR2389,SPT1609318,2023-03-04,4305.78
TAX938024,USR8744,SPT437897,2022-05-10,3871.99
TAX938025,USR1663,SPT416531,2023-11-14,10086.25
TAX938026,USR2642,SPT1204099,2022-12-20,38503.36
TAX938027,USR34,SPT253192,2023-01-13,32320.82
TAX938028,USR4945,SPT196301,2023-05-07,23687.23
TAX938029,USR849,SPT510996,2023-07-31,18515.28
TAX938030,USR6767,SPT1866136,2022-04-20,9952.49
TAX938031,USR746,SPT1491215,2022-04-12,5166.77
TAX938032,USR449,SPT1124588,2022-03-15,13847.91
TAX938033,USR9698,SPT1570779,2023-12-21,48110.45
TAX938034,USR2506,SPT1281729,2024-02-07,21590.57
TAX938035,USR6165,SPT1127316,2022-10-02,15904.49
TAX938036,USR6773,SPT793211,2022-03-22,20079.39
TAX938037,USR5687,SPT1127485,2023-03-31,40494.32
TAX938038,USR1839,SPT651986,2022-03-13,14129.42
TAX938039,USR9779,SPT1312959,2023-06-25,32200.07
TAX938040,USR209,SPT180244,2023-01-24,19096.42
TAX938041,USR6400,SPT1797758,2022-12-31,41010.82
TAX938042,USR1593,SPT587702,2022-08-05,36821.11
TAX938043,USR6108,SPT693691,2023-06-18,46046.69
TAX938044,USR4273,SPT571965,2023-07-27,34538.11
TAX938045,USR5976,SPT1376025,2022-02-15,49576.97
TAX938046,USR7366,SPT902061,2023-05-29,24440.75
TAX938047,USR8889,SPT1547613,2022-04-24,38995.18
TAX938048,USR6896,SPT973910,2022-10-17,13566.74
TAX938049,USR9768,SPT3815,2023-10-05,17312.19
TAX938050,USR1934,SPT528976,2022-06-19,28874.02
TAX938051,USR1755,SPT1906668,2022-10-02,37913.5
TAX938052,USR2623,SPT1055586,2022-11-26,23891.53
TAX938053,USR1065,SPT1671463,2022-08-04,36872.64
TAX938054,USR1233,SPT699469,2023-04-21,41236.3
TAX938055,USR6737,SPT633768,2023-11-14,12879.12
TAX938056,USR3186,SPT106380,2023-10-07,26375.55
TAX938057,USR780,SPT505906,2023-01-20,31529.6
TAX938058,USR6533,SPT152196,2022-10-23,25600.95
TAX938059,USR3240,SPT1932435,2023-12-04,38039.48
TAX938060,USR3323,SPT1668339,2022-07-13,14826.08
TAX938061,USR3001,SPT71307,2024-01-20,19387.89
TAX938062,USR9578,SPT425083,2022-05-25,14207.73
TAX938063,USR4928,SPT407721,2023-11-06,49497.2
TAX938064,USR9517,SPT1063858,2022-12-20,4676.06
TAX938065,USR1169,SPT830360,2022-11-02,37494.27
TAX938066,USR5803,SPT148755,2023-08-08,10758.33
TAX938067,USR5540,SPT611096,2024-01-02,6443.09
TAX938068,USR9020,SPT957807,2023-01-29,4260.41
TAX938069,USR7095,SPT519467,2022-11-24,21433.47
TAX938070,USR1628,SPT485843,2022-12-10,34430.97
TAX938071,USR7761,SPT1654045,2022-02-17,48471.03
TAX938072,USR9163,SPT1126766,2022-06-01,2606.77
TAX938073,USR1356,SPT213538,2023-10-23,12342.9
TAX938074,USR8130,SPT1284686,2023-09-21,2412.78
TAX938075,USR3194,SPT1610855,2022-04-17,22049.64
TAX938076,USR349,SPT1504067,2022-10-09,21130.35
TAX938077,USR2997,SPT969491,2022-03-08,11728.69
TAX938078,USR8479,SPT1748285,2023-05-16,1219.13
TAX938079,USR8863,SPT944407,2023-03-14,32728.85
TAX938080,USR5752,SPT1964306,2023-12-26,47677.28
TAX938081,USR2636,SPT1543650,2023-03-11,13750.51
TAX938082,USR6827,SPT361986,2022-06-04,46841.83
TAX938083,USR2743,SPT1986495,2023-09-26,44031.53
TAX938084,USR2622,SPT1234156,2023-06-05,9323.5
TAX938085,USR8168,SPT1429696,2022-09-06,13773.9
TAX938086,USR871,SPT749335,2023-11-15,1768.61
TAX938087,USR6688,SPT599324,2023-05-17,28231.54
TAX938088,USR9225,SPT1658957,2023-01-17,33712.46
TAX938089,USR9416,SPT1360577,2022-06-16,18396.39
TAX938090,USR610,SPT886832,2023-10-02,39958.93
TAX938091,USR6610,SPT1683334,2022-11-25,10985.85
TAX938092,USR59,SPT11939,2022-12-10,45979.92
TAX938093,USR7065,SPT1414436,2022-10-09,9519.1
TAX938094,USR2883,SPT659898,2022-11-28,28013.98
TAX938095,USR4373,SPT965365,2023-09-07,35213.48
TAX938096,USR401,SPT1273315,2022-05-14,1891.14
TAX938097,USR2727,SPT458146,2023-02-09,4848.37
TAX938098,USR9148,SPT1690123,2022-11-18,15462.15
TAX938099,USR4165,SPT1804593,2024-01-26,44048.37
TAX938100,USR1541,SPT265025,2023-07-15,42018.26
TAX938101,USR8264,SPT908853,2022-07-02,5904.44
TAX938102,USR7548,SPT1669935,2022-04-09,12340.1
TAX938103,USR746,SPT189671,2023-06-16,16480.96
TAX938104,USR6580,SPT1964149,2022-09-08,7206.18
TAX938105,USR7626,SPT640143,2022-03-27,5657.97
TAX938106,USR2374,SPT1192609,2023-01-04,24794.94
TAX938107,USR4927,SPT723545,2023-10-28,12649.88
TAX938108,USR1313,SPT812196,2023-01-23,9498.26
TAX938109,USR2519,SPT393677,2022-03-02,26567.52
TAX938110,USR5133,SPT468445,2023-12-09,20866.79
TAX938111,USR2474,SPT1075564,2022-03-24,26439.28
TAX938112,USR6754,SPT1826838,2023-03-30,42810.37
TAX938113,USR9587,SPT335467,2022-02-24,22405.05
TAX938114,USR3561,SPT30141,2022-08-12,2819.26
TAX938115,USR8830,SPT288351,2022-03-29,48245.33
TAX938116,USR7172,SPT561700,2022-12-22,41825.64
TAX938117,USR4856,SPT852317,2023-04-23,43348.4
TAX938118,USR5719,SPT1426256,2023-07-15,34276.13
TAX938119,USR6590,SPT211318,2022-10-27,17070.64
TAX938120,USR5964,SPT1150111,2023-06-09,24056.06
TAX938121,USR4738,SPT1644342,2023-10-22,40026.78
TAX938122,USR1226,SPT1535349,2023-12-30,12694.81
TAX938123,USR9328,SPT783565,2022-12-27,10084.7
TAX938124,USR1762,SPT1453045,2024-01-22,42157.61
TAX938125,USR1380,SPT1775159,2022-08-26,24607.81
TAX938126,USR8740,SPT493395,2022-05-19,27500.11
TAX938127,USR7489,SPT507741,2022-11-08,24973.17
TAX938128,USR3623,SPT660909,2022-12-03,29702.52
TAX938129,USR2409,SPT244451,2022-06-07,37369.77
TAX938130,USR3308,SPT1352646,2023-02-16,6481.28
TAX938131,USR6129,SPT1956731,2022-11-29,21603.49
TAX938132,USR1595,SPT189904,2022-05-09,6395.01
TAX938133,USR1667,SPT1188877,2022-12-27,34900.36
TAX938134,USR833,SPT1696926,2022-02-14,34496.67
TAX938135,USR2789,SPT1185824,2022-02-19,7277.03
TAX938136,USR6341,SPT1457741,2022-02-21,9494.24
TAX938137,USR3072,SPT679078,2022-07-26,29177.92
TAX938138,USR1278,SPT1186068,2023-01-11,33648.81
TAX938139,USR5389,SPT1862003,2022-03-14,24991.35
TAX938140,USR1060,SPT1092963,2023-10-27,11577.22
TAX938141,USR4242,SPT1414882,2022-09-15,26535.93
TAX938142,USR5801,SPT273195,2023-03-20,35207.34
TAX938143,USR4049,SPT1040801,2022-07-15,16917.96
TAX938144,USR9292,SPT425133,2023-07-03,15872.68
TAX938145,USR474,SPT1660070,2022-12-27,43244.86
TAX938146,USR5080,SPT1119539,2023-08-25,47306.05
TAX938147,USR1914,SPT1393775,2023-06-03,21801.24
TAX938148,USR3222,SPT1816965,2023-04-23,48236.82
TAX938149,USR651,SPT179514,2022-09-06,29265.32
TAX938150,USR752,SPT1804052,2022-06-30,23663.58
TAX938151,USR6421,SPT257189,2023-10-16,42250.68
TAX938152,USR4987,SPT804524,2023-03-17,15262.17
TAX938153,USR3291,SPT1437810,2022-12-17,5933.1
TAX938154,USR2962,SPT1795290,2023-04-24,29147.9
TAX938155,USR2203,SPT359181,2023-03-20,23549.98
TAX938156,USR8638,SPT1971161,2023-10-17,1204.0
TAX938157,USR5881,SPT107778,2023-08-14,9987.47
TAX938158,USR4720,SPT406594,2023-08-05,28763.03
TAX938159,USR9188,SPT1741835,2023-01-07,36289.76
TAX938160,USR4297,SPT37624,2023-04-02,31205.16
TAX938161,USR8651,SPT1534507,2022-10-17,32115.18
TAX938162,USR3231,SPT1503068,2022-05-23,18480.99
TAX938163,USR4691,SPT1248097,2022-09-02,19123.79
TAX938164,USR9105,SPT1281726,2023-03-03,44700.45
TAX938165,USR6262,SPT1076394,2022-07-25,16395.57
TAX938166,USR1741,SPT16705,2023-04-08,30346.06
TAX938167,USR5610,SPT666227,2023-03-26,48139.62
TAX938168,USR8691,SPT963636,2023-08-31,48334.33
TAX938169,USR2389,SPT1392803,2023-02-22,33125.46
TAX938170,USR5131,SPT1367316,2022-10-25,29669.73
TAX938171,USR4133,SPT1319350,2023-08-05,15143.62
TAX938172,USR5933,SPT484115,2022-12-08,41416.6
TAX938173,USR1280,SPT1861220,2023-02-16,23663.0
TAX938174,USR9096,SPT1140411,2022-06-30,18722.31
TAX938175,USR1872,SPT975813,2023-04-03,17893.11
TAX938176,USR8717,SPT1145124,2022-11-24,29686.59
TAX938177,USR8409,SPT251759,2022-03-21,46965.76
TAX938178,USR6909,SPT949504,2022-12-23,3878.09
TAX938179,USR3630,SPT1668874,2023-09-20,23165.41
TAX938180,USR5955,SPT1304454,2022-12-29,44696.37
TAX938181,USR818,SPT1837344,2022-02-26,24352.17
TAX938182,USR3354,SPT1847203,2022-06-10,23667.32
TAX938183,USR4909,SPT1563676,2022-05-20,19611.59
TAX938184,USR6446,SPT1033946,2022-06-21,29317.68
TAX938185,USR9703,SPT1090036,2022-07-27,10422.86
TAX938186,USR9082,SPT1448582,2024-01-28,6276.24
TAX938187,USR3611,SPT1478138,2022-05-11,10481.2
TAX938188,USR3929,SPT916713,2023-04-24,10425.23
TAX938189,USR5322,SPT996363,2023-05-21,2668.1
TAX938190,USR3621,SPT1456705,2023-11-17,38002.26
TAX938191,USR4878,SPT1300014,2023-02-19,23841.36
TAX938192,USR8176,SPT22993,2022-10-03,36895.24
TAX938193,USR1794,SPT1065845,2023-01-26,13085.94
TAX938194,USR9088,SPT711706,2024-01-28,3136.03
TAX938195,USR5071,SPT558712,2023-08-25,23874.19
TAX938196,USR9829,SPT1826256,2022-10-24,11848.07
TAX938197,USR455,SPT661170,2023-10-16,20828.87
TAX938198,USR220,SPT1304457,2022-07-27,13767.38
TAX938199,USR9119,SPT1476886,2022-05-24,9620.07
TAX938200,USR5105,SPT990977,2023-02-14,5040.03
TAX938201,USR5418,SPT10950,2023-06-26,21023.23
TAX938202,USR2024,SPT1688785,2022-03-25,48586.92
TAX938203,USR9918,SPT1465935,2023-05-27,13555.83
TAX938204,USR6704,SPT1667838,2023-03-10,40801.74
TAX938205,USR3871,SPT1142281,2023-11-11,8936.29
TAX938206,USR7012,SPT404026,2023-01-07,28879.09
TAX938207,USR3264,SPT1082668,2022-02-19,13556.7
TAX938208,USR1181,SPT1103486,2023-10-02,2453.25
TAX938209,USR8992,SPT838176,2023-10-12,12958.93
TAX938210,USR901,SPT1493530,2022-09-15,40429.54
TAX938211,USR415,SPT1670325,2023-01-13,15510.5
TAX938212,USR1208,SPT1388943,2022-07-17,2277.15
TAX938213,USR7092,SPT1707714,2023-04-29,20953.1
TAX938214,USR3791,SPT1415370,2022-03-19,20540.76
TAX938215,USR821,SPT1485226,2022-11-22,33770.39
TAX938216,USR6135,SPT300032,2023-06-13,11911.27
TAX938217,USR8250,SPT1538472,2022-07-07,44854.91
TAX938218,USR6744,SPT1617181,2023-09-05,42920.1
TAX938219,USR6551,SPT1937490,2023-05-18,11668.23
TAX938220,USR7460,SPT549712,2023-10-26,7371.02
TAX938221,USR7993,SPT944370,2022-06-05,14256.04
TAX938222,USR9552,SPT558582,2022-11-27,15003.79
TAX938223,USR3691,SPT313920,2023-08-20,23754.4
TAX938224,USR7219,SPT23071,2022-05-16,9342.4
TAX938225,USR8717,SPT340005,2023-08-01,36722.51
TAX938226,USR7278,SPT436200,2022-12-18,28089.42
TAX938227,USR4168,SPT773069,2023-07-25,31679.37
TAX938228,USR9929,SPT1287594,2022-07-15,14850.77
TAX938229,USR2486,SPT519642,2023-07-22,31416.39
TAX938230,USR5304,SPT945739,2023-10-10,27674.67
TAX938231,USR917,SPT499240,2022-08-12,5204.62
TAX938232,USR9391,SPT459196,2024-02-01,23993.89
TAX938233,USR2958,SPT1557072,2024-01-15,42719.25
TAX938234,USR5961,SPT611748,2022-12-02,29534.06
TAX938235,USR2405,SPT957306,2023-03-22,47840.3
TAX938236,USR2338,SPT687270,2022-08-14,5016.66
TAX938237,USR207,SPT81456,2022-02-18,22113.74
TAX938238,USR1422,SPT231495,2023-10-15,2701.41
TAX938239,USR8018,SPT1244605,2023-10-12,42734.04
TAX938240,USR754,SPT860047,2022-10-04,30534.34
TAX938241,USR8677,SPT1083305,2023-02-16,43142.14
TAX938242,USR1331,SPT1860745,2023-03-09,22265.15
TAX938243,USR6675,SPT1218222,2022-02-09,37502.38
TAX938244,USR4686,SPT1534716,2023-08-19,25256.26
TAX938245,USR9698,SPT1590175,2023-10-02,23156.38
TAX938246,USR6767,SPT1597618,2023-09-11,40325.07
TAX938247,USR4394,SPT263442,2023-09-12,6394.08
TAX938248,USR9901,SPT1234559,2022-11-12,26683.25
TAX938249,USR9940,SPT574617,2022-09-14,26861.31
TAX938250,USR1467,SPT1138411,2022-11-05,19821.54
TAX938251,USR6760,SPT483466,2023-11-02,16162.1
TAX938252,USR2341,SPT1081421,2022-08-17,34092.15
TAX938253,USR1244,SPT959294,2022-09-29,38603.55
TAX938254,USR7446,SPT537637,2023-01-15,24236.31
TAX938255,USR2970,SPT279205,2023-04-28,1054.33
TAX938256,USR1731,SPT136247,2023-06-09,13433.82
TAX938257,USR2827,SPT611673,2023-02-12,45379.33
TAX938258,USR2645,SPT198541,2022-02-19,35665.46
TAX938259,USR6904,SPT447006,2022-03-05,7313.24
TAX938260,USR4481,SPT997733,2022-11-15,25584.49
TAX938261,USR7990,SPT97972,2023-04-05,17376.56
TAX938262,USR4006,SPT1379789,2023-06-02,25144.08
TAX938263,USR9110,SPT1751655,2024-01-20,24212.48
TAX938264,USR5685,SPT41506,2022-06-21,33972.83
TAX938265,USR8423,SPT419110,2023-12-06,27510.27
TAX938266,USR3706,SPT851462,2022-03-29,18182.99
TAX938267,USR50,SPT694762,2022-09-03,10666.66
TAX938268,USR3036,SPT417044,2022-10-08,38721.92
TAX938269,USR991,SPT514746,2022-11-29,8275.27
TAX938270,USR962,SPT91037,2023-05-19,2673.12
TAX938271,USR3407,SPT689920,2022-09-22,21668.76
TAX938272,USR6211,SPT1073241,2022-06-25,40498.11
TAX938273,USR8373,SPT1266929,2023-03-14,43721.12
TAX938274,USR205,SPT1606638,2022-07-21,23191.71
TAX938275,USR6117,SPT955736,2022-10-06,49920.84
TAX938276,USR540,SPT1593352,2023-11-08,13599.54
TAX938277,USR3300,SPT272144,2022-05-23,14779.35
TAX938278,USR6159,SPT870054,2022-03-01,24878.65
TAX938279,USR7002,SPT1339702,2023-08-10,16686.96
TAX938280,USR4078,SPT182682,2023-02-07,25002.56
TAX938281,USR916,SPT1218686,2022-07-15,37542.74
TAX938282,USR2774,SPT1944491,2022-11-19,26916.97
TAX938283,USR6360,SPT1815668,2023-04-30,23988.96
TAX938284,USR6417,SPT1200287,2022-10-22,47130.77
TAX938285,USR734,SPT505609,2024-02-02,38758.15
TAX938286,USR4101,SPT1758224,2023-01-31,9806.3
TAX938287,USR4788,SPT704579,2023-04-11,39244.9
TAX938288,USR4394,SPT1418362,2023-01-09,33827.38
TAX938289,USR3280,SPT521968,2023-12-12,39276.15
TAX938290,USR4755,SPT345746,2023-12-09,44748.9
TAX938291,USR7991,SPT1486400,2022-09-02,35954.88
TAX938292,USR5089,SPT1815641,2023-10-25,18317.08
TAX938293,USR7919,SPT1452382,2023-07-11,22764.93
TAX938294,USR5491,SPT1028692,2023-10-31,15492.59
TAX938295,USR226,SPT1559414,2023-12-14,18682.47
TAX938296,USR2421,SPT202296,2023-03-30,27623.96
TAX938297,USR7035,SPT1803559,2023-02-04,4516.32
TAX938298,USR4714,SPT1277521,2023-10-07,36154.04
TAX938299,USR6173,SPT1224260,2022-04-22,22689.59
TAX938300,USR599,SPT1496269,2022-03-20,36376.14
TAX938301,USR9128,SPT850013,2022-12-07,26445.74
TAX938302,USR9426,SPT81639,2023-05-21,19695.53
TAX938303,USR4688,SPT83374,2022-03-07,12464.58
TAX938304,USR2296,SPT728908,2023-02-23,42757.21
TAX938305,USR7243,SPT838576,2022-03-11,47244.93
TAX938306,USR1488,SPT556671,2022-05-07,12058.48
TAX938307,USR3342,SPT891126,2023-10-17,41942.88
TAX938308,USR9697,SPT325102,2023-11-09,47240.01
TAX938309,USR9590,SPT1220585,2023-10-08,15903.21
TAX938310,USR7820,SPT575221,2024-01-14,41637.66
TAX938311,USR6814,SPT335275,2023-09-03,29521.61
TAX938312,USR4976,SPT1862545,2023-06-05,45959.56
TAX938313,USR8784,SPT1847018,2023-05-04,45995.62
TAX938314,USR5001,SPT1714842,2023-01-24,7249.85
TAX938315,USR8509,SPT193044,2022-06-05,3330.0
TAX938316,USR578,SPT509762,2022-08-21,24750.83
TAX938317,USR9471,SPT239613,2024-02-05,37290.09
TAX938318,USR5951,SPT974901,2023-10-27,28670.61
TAX938319,USR838,SPT1548448,2023-07-17,25022.09
TAX938320,USR4639,SPT1002922,2023-12-03,20358.75
TAX938321,USR2296,SPT1376907,2022-11-25,35153.63
TAX938322,USR4201,SPT52896,2022-06-20,3009.59
TAX938323,USR6746,SPT661543,2023-05-19,29834.93
TAX938324,USR6981,SPT1330491,2023-05-24,7428.05
TAX938325,USR1831,SPT859013,2023-01-10,37722.76
TAX938326,USR402,SPT1799711,2023-06-07,28560.87
TAX938327,USR455,SPT498565,2022-05-26,24827.89
TAX938328,USR2831,SPT1586920,2023-08-16,23893.7
TAX938329,USR575,SPT184425,2023-06-22,19326.68
TAX938330,USR2869,SPT1920989,2022-09-21,45604.05
TAX938331,USR5257,SPT951331,2023-02-03,21978.31
TAX938332,USR4844,SPT1973857,2023-12-08,49641.01
TAX938333,USR9740,SPT1773955,2023-07-18,8043.74
TAX938334,USR564,SPT213647,2022-06-16,49596.36
TAX938335,USR6306,SPT634589,2023-10-07,35873.07
TAX938336,USR890,SPT1305558,2023-09-15,12562.17
TAX938337,USR3998,SPT600954,2022-10-05,36298.17
TAX938338,USR9465,SPT1244795,2022-04-05,33205.83
TAX938339,USR6502,SPT525685,2023-12-08,31524.14
TAX938340,USR9804,SPT1982693,2023-05-20,49775.09
TAX938341,USR9523,SPT52317,2023-01-25,46612.99
TAX938342,USR3919,SPT148995,2023-05-13,4118.2
TAX938343,USR5702,SPT1982405,2023-05-10,3899.94
TAX938344,USR6807,SPT558932,2023-01-15,25878.17
TAX938345,USR2182,SPT1358221,2023-02-05,27407.9
TAX938346,USR8268,SPT1666711,2022-06-24,5950.02
TAX938347,USR9333,SPT1366553,2023-10-28,35257.61
TAX938348,USR4678,SPT1390197,2022-05-30,18918.32
TAX938349,USR721,SPT525674,2023-10-08,40567.42
TAX938350,USR5921,SPT927995,2023-11-28,30707.87
TAX938351,USR6833,SPT1135102,2022-11-13,34840.44
TAX938352,USR527,SPT282959,2022-07-16,10273.22
TAX938353,USR7105,SPT1718699,2022-03-02,32106.1
TAX938354,USR9046,SPT1492762,2023-09-08,6791.63
TAX938355,USR9463,SPT952976,2022-07-19,25009.95
TAX938356,USR6297,SPT128065,2024-01-01,46041.4
TAX938357,USR3792,SPT564882,2023-10-18,11790.01
TAX938358,USR8886,SPT1511131,2023-03-07,28783.44
TAX938359,USR6736,SPT1983224,2023-11-05,32594.55
TAX938360,USR6802,SPT1706960,2023-08-21,2371.91
TAX938361,USR4855,SPT915466,2022-07-28,19284.2
TAX938362,USR283,SPT971231,2022-11-21,40633.93
TAX938363,USR4938,SPT482718,2022-06-04,39232.4
TAX938364,USR590,SPT1893498,2022-03-13,8507.6
TAX938365,USR7377,SPT449030,2022-05-08,43128.03
TAX938366,USR3609,SPT613844,2022-03-17,2298.73
TAX938367,USR5585,SPT142852,2022-02-18,20898.37
TAX938368,USR3204,SPT724736,2022-09-29,20243.18
TAX938369,USR6729,SPT849723,2023-12-23,26965.85
TAX938370,USR7163,SPT715117,2022-02-11,40285.49
TAX938371,USR5121,SPT1022597,2023-07-16,14986.65
TAX938372,USR9726,SPT692901,2023-02-11,6615.82
TAX938373,USR6611,SPT1944760,2023-05-16,23499.72
TAX938374,USR6432,SPT515356,2023-04-24,22383.7
TAX938375,USR3479,SPT908702,2022-02-16,42291.74
TAX938376,USR6062,SPT636665,2023-05-04,37364.39
TAX938377,USR7202,SPT624626,2022-06-22,40689.76
TAX938378,USR2032,SPT1305573,2022-07-15,7609.11
TAX938379,USR7737,SPT66651,2022-07-23,18818.59
TAX938380,USR5467,SPT989521,2023-08-11,36853.78
TAX938381,USR4066,SPT715249,2023-02-27,25579.11
TAX938382,USR2339,SPT1162488,2023-06-17,42964.59
TAX938383,USR7812,SPT1184163,2023-07-06,27649.55
TAX938384,USR2493,SPT1153821,2022-04-09,23489.34
TAX938385,USR5421,SPT1419268,2023-06-29,27939.03
TAX938386,USR6863,SPT1793125,2024-01-01,49420.99
TAX938387,USR7479,SPT855839,2023-07-24,1301.94
TAX938388,USR4278,SPT1413904,2024-01-04,26077.25
TAX938389,USR5706,SPT1307257,2022-11-09,41261.25
TAX938390,USR9554,SPT1036335,2024-01-22,25728.18
TAX938391,USR6368,SPT869379,2022-03-25,15309.15
TAX938392,USR4344,SPT613080,2023-10-31,35289.56
TAX938393,USR2097,SPT1670374,2022-03-01,1059.35
TAX938394,USR2165,SPT1434402,2024-01-23,11599.41
TAX938395,USR5377,SPT848599,2022-03-10,26021.7
TAX938396,USR9915,SPT1664148,2022-08-14,16604.35
TAX938397,USR7816,SPT1286269,2023-04-02,19971.2
TAX938398,USR8349,SPT1960233,2023-08-24,25891.51
TAX938399,USR3478,SPT1887143,2022-12-06,8457.47
TAX938400,USR7637,SPT1703368,2023-10-11,36034.11
TAX938401,USR6938,SPT982063,2022-08-14,15249.59
TAX938402,USR5296,SPT73621,2024-01-27,2082.86
TAX938403,USR3455,SPT1247993,2023-09-13,26950.84
TAX938404,USR9072,SPT1638412,2023-04-12,39302.73
TAX938405,USR9492,SPT729323,2023-07-26,40478.34
TAX938406,USR6469,SPT1937504,2023-01-03,29401.98
TAX938407,USR5416,SPT1282274,2022-07-08,31284.53
TAX938408,USR5722,SPT1363979,2023-04-04,1809.45
TAX938409,USR3737,SPT1810893,2022-05-16,25974.23
TAX938410,USR804,SPT1574679,2023-03-29,44264.54
TAX938411,USR3230,SPT442516,2023-08-13,12725.31
TAX938412,USR4041,SPT1434199,2022-04-16,6065.62
TAX938413,USR4924,SPT1369365,2022-04-01,45204.4
TAX938414,USR1575,SPT53796,2022-04-01,8150.1
TAX938415,USR6191,SPT1875486,2024-01-17,34779.2
TAX938416,USR8995,SPT1597360,2023-08-29,33195.32
TAX938417,USR3514,SPT1762836,2022-02-21,10311.71
TAX938418,USR7060,SPT652325,2022-12-04,35442.23
TAX938419,USR3037,SPT16303,2023-03-30,7766.94
TAX938420,USR721,SPT907052,2022-03-03,4499.95
TAX938421,USR2208,SPT820853,2023-06-26,48695.41
TAX938422,USR2948,SPT867217,2022-12-05,26371.73
TAX938423,USR3241,SPT913023,2023-07-25,45365.1
TAX938424,USR1854,SPT1891680,2022-11-07,31232.55
TAX938425,USR561,SPT1316203,2024-02-08,24347.08
TAX938426,USR3195,SPT4280,2023-11-19,42531.0
TAX938427,USR938,SPT1617370,2023-02-20,1353.67
TAX938428,USR9901,SPT181353,2022-04-02,21821.55
TAX938429,USR8797,SPT843562,2023-08-31,30679.21
TAX938430,USR59,SPT1874181,2022-11-18,21518.31
TAX938431,USR1490,SPT1684811,2023-12-21,24943.51
TAX938432,USR9719,SPT462995,2023-11-12,21825.81
TAX938433,USR2513,SPT1364410,2023-08-11,17018.68
TAX938434,USR393,SPT1039576,2023-10-01,27778.52
TAX938435,USR6392,SPT309996,2023-02-17,37562.76
TAX938436,USR6709,SPT663350,2024-01-26,6876.9
TAX938437,USR4639,SPT563335,2022-04-01,14022.01
TAX938438,USR7595,SPT1989791,2023-09-14,4503.19
TAX938439,USR9797,SPT67165,2023-10-06,33641.94
TAX938440,USR4700,SPT240310,2023-11-16,15855.88
TAX938441,USR2153,SPT147944,2023-12-28,41025.32
TAX938442,USR5875,SPT590777,2022-10-04,42788.2
TAX938443,USR6842,SPT1559926,2022-07-20,39795.85
TAX938444,USR2835,SPT423705,2022-05-09,47004.51
TAX938445,USR2723,SPT1183606,2023-06-24,5792.48
TAX938446,USR3951,SPT878564,2022-04-13,2316.62
TAX938447,USR5683,SPT1484469,2024-02-03,37658.04
TAX938448,USR7971,SPT1145177,2022-03-04,31693.63
TAX938449,USR8426,SPT1468586,2022-03-17,44080.61
TAX938450,USR3415,SPT1773845,2022-02-15,33546.47
TAX938451,USR4418,SPT1940414,2024-02-03,44955.93
TAX938452,USR4803,SPT184457,2023-04-18,22455.47
TAX938453,USR4958,SPT85329,2023-11-12,14356.48
TAX938454,USR5531,SPT1322162,2022-06-02,25901.9
TAX938455,USR9503,SPT850114,2023-09-15,16631.13
TAX938456,USR4447,SPT1545937,2022-03-08,20220.17
TAX938457,USR8835,SPT193636,2023-10-12,15343.47
TAX938458,USR7898,SPT716905,2023-08-26,45450.17
TAX938459,USR4778,SPT861469,2022-06-06,41479.43
TAX938460,USR9921,SPT1232536,2023-06-19,4323.15
TAX938461,USR1418,SPT720648,2022-07-27,9316.53
TAX938462,USR6202,SPT678741,2022-06-05,7266.99
TAX938463,USR1162,SPT324422,2022-04-19,46581.69
TAX938464,USR8439,SPT1306558,2023-09-06,31069.79
TAX938465,USR2169,SPT1343826,2023-12-10,21364.29
TAX938466,USR5236,SPT129751,2022-07-13,17285.27
TAX938467,USR893,SPT607611,2023-01-13,48526.91
TAX938468,USR9010,SPT905298,2024-02-08,17121.92
TAX938469,USR8007,SPT959829,2022-09-13,33533.71
TAX938470,USR9406,SPT42506,2023-08-09,25957.31
TAX938471,USR7688,SPT1803853,2024-01-17,41075.97
TAX938472,USR7061,SPT1673112,2023-07-05,48545.11
TAX938473,USR4183,SPT1752447,2022-12-05,27855.02
TAX938474,USR482,SPT1513846,2022-03-14,1727.75
TAX938475,USR2321,SPT560280,2022-11-16,17654.05
TAX938476,USR1635,SPT1668143,2024-01-11,5338.7
TAX938477,USR6101,SPT1997417,2022-03-06,25855.23
TAX938478,USR9889,SPT1555088,2022-05-24,3392.19
TAX938479,USR6400,SPT1033766,2023-08-06,9836.96
TAX938480,USR5504,SPT193694,2022-08-17,22793.69
TAX938481,USR2880,SPT1107108,2023-06-18,11272.77
TAX938482,USR275,SPT1872952,2022-03-20,4161.25
TAX938483,USR3525,SPT391676,2022-10-17,7179.06
TAX938484,USR2868,SPT1199719,2022-09-23,25918.49
TAX938485,USR6891,SPT1148759,2023-04-25,46835.57
TAX938486,USR351,SPT1509344,2023-01-30,25210.58
TAX938487,USR4078,SPT1687936,2023-10-16,5200.13
TAX938488,USR9554,SPT1563123,2023-05-02,33409.01
TAX938489,USR3760,SPT716558,2022-09-20,35666.33
TAX938490,USR2596,SPT316309,2023-11-05,28766.25
TAX938491,USR1035,SPT1495877,2023-04-15,17727.34
TAX938492,USR434,SPT1956207,2023-12-10,20730.92
TAX938493,USR6828,SPT337155,2023-06-29,9913.67
TAX938494,USR2561,SPT541074,2022-05-27,31856.84
TAX938495,USR2461,SPT172226,2022-05-24,15999.51
TAX938496,USR2455,SPT1534870,2022-08-18,49385.87
TAX938497,USR1174,SPT862855,2022-10-10,30785.05
TAX938498,USR7027,SPT631966,2022-05-24,1079.45
TAX938499,USR98,SPT1284829,2023-01-03,49125.19
TAX938500,USR2845,SPT269520,2023-08-09,40477.34
TAX938501,USR7536,SPT1818952,2023-02-16,9326.15
TAX938502,USR7933,SPT432782,2022-12-05,7077.02
TAX938503,USR3110,SPT1231334,2022-08-12,26754.25
TAX938504,USR6193,SPT1005663,2022-06-09,1753.67
TAX938505,USR8115,SPT1343737,2022-02-26,7680.33
TAX938506,USR5238,SPT50812,2023-11-19,38695.83
TAX938507,USR2332,SPT1007214,2023-04-04,7374.25
TAX938508,USR3152,SPT1656136,2022-06-21,15713.41
TAX938509,USR9269,SPT267782,2023-05-27,13536.58
TAX938510,USR864,SPT1078194,2023-02-21,46102.98
TAX938511,USR966,SPT520427,2022-11-14,39970.87
TAX938512,USR7447,SPT1326139,2022-07-30,10827.0
TAX938513,USR2412,SPT8860,2023-06-10,5348.6
TAX938514,USR8560,SPT1229775,2022-07-09,39142.7
TAX938515,USR3745,SPT1388848,2022-04-28,24564.51
TAX938516,USR1744,SPT931265,2022-06-09,22645.07
TAX938517,USR405,SPT1993270,2022-03-10,44967.48
TAX938518,USR2691,SPT524353,2024-01-29,16906.96
TAX938519,USR2050,SPT1704417,2023-03-11,20841.35
TAX938520,USR5120,SPT602866,2023-07-21,16045.76
TAX938521,USR8253,SPT572883,2023-08-27,38896.76
TAX938522,USR4237,SPT1394842,2023-05-30,23026.94
TAX938523,USR3816,SPT1053768,2022-12-26,7465.0
TAX938524,USR4209,SPT770325,2024-01-18,16577.31
TAX938525,USR2811,SPT350725,2023-12-23,13081.14
TAX938526,USR2505,SPT1058591,2022-10-18,36574.63
TAX938527,USR3044,SPT1989317,2023-07-20,12607.87
TAX938528,USR6392,SPT370462,2022-06-15,2377.66
TAX938529,USR8143,SPT405386,2022-09-09,48229.28
TAX938530,USR9277,SPT1471134,2023-12-10,26098.02
TAX938531,USR7468,SPT1819399,2022-08-26,40655.87
TAX938532,USR5583,SPT394838,2022-12-01,42393.69
TAX938533,USR7607,SPT579286,2023-07-19,33290.41
TAX938534,USR9187,SPT1289401,2023-09-06,25808.13
TAX938535,USR960,SPT1922202,2023-02-17,42321.77
TAX938536,USR7736,SPT869611,2023-05-03,6647.92
TAX938537,USR1702,SPT943233,2023-11-29,48525.79
TAX938538,USR1296,SPT405865,2023-07-27,38483.88
TAX938539,USR3643,SPT521822,2023-11-03,31190.29
TAX938540,USR7555,SPT1990388,2022-12-24,26511.84
TAX938541,USR90,SPT301447,2023-04-14,11032.72
TAX938542,USR7110,SPT1797630,2023-09-13,48817.71
TAX938543,USR5060,SPT1302743,2022-02-19,37407.2
TAX938544,USR1965,SPT1144256,2023-03-24,43756.34
TAX938545,USR92,SPT352457,2022-05-18,14178.72
TAX938546,USR2717,SPT1032441,2023-10-28,47309.96
TAX938547,USR6033,SPT348352,2022-02-24,42459.86
TAX938548,USR5684,SPT1273315,2023-06-24,22229.85
TAX938549,USR4387,SPT566316,2022-07-14,17191.01
TAX938550,USR5054,SPT954628,2023-06-25,46951.44
TAX938551,USR6214,SPT888167,2023-08-02,46668.99
TAX938552,USR1386,SPT1610475,2023-04-10,31598.23
TAX938553,USR6032,SPT769462,2022-08-21,1075.62
TAX938554,USR7798,SPT1690135,2022-05-31,7886.53
TAX938555,USR6043,SPT1480241,2023-04-01,35976.68
TAX938556,USR120,SPT501870,2023-07-07,4982.29
TAX938557,USR9378,SPT1159889,2024-01-25,48289.12
TAX938558,USR4548,SPT976657,2024-01-13,35416.63
TAX938559,USR270,SPT375119,2023-03-07,8414.93
TAX938560,USR8217,SPT332791,2022-05-05,28717.73
TAX938561,USR3678,SPT105761,2022-05-11,23160.76
TAX938562,USR6306,SPT1231986,2022-10-06,49933.48
TAX938563,USR1878,SPT74193,2022-07-13,42935.23
TAX938564,USR8770,SPT1697194,2023-12-08,28932.06
TAX938565,USR8511,SPT1170634,2022-03-30,37340.11
TAX938566,USR391,SPT1141322,2023-04-01,9351.26
TAX938567,USR5821,SPT80719,2023-06-28,41316.7
TAX938568,USR7200,SPT205358,2022-12-15,3813.26
TAX938569,USR5996,SPT1960298,2022-10-01,32808.04
TAX938570,USR8319,SPT1651912,2023-08-27,36176.97
TAX938571,USR7437,SPT514705,2022-05-20,6808.84
TAX938572,USR9015,SPT1677048,2022-05-12,23261.96
TAX938573,USR7628,SPT1284802,2022-12-17,27973.65
TAX938574,USR7494,SPT1853762,2023-01-03,28606.09
TAX938575,USR7621,SPT1189711,2023-11-18,11235.92
TAX938576,USR8517,SPT1137384,2022-03-01,5232.05
TAX938577,USR8437,SPT1536572,2023-09-02,15375.49
TAX938578,USR9855,SPT856671,2023-04-01,47409.61
TAX938579,USR5513,SPT414612,2024-01-06,30174.62
TAX938580,USR9113,SPT1268946,2022-09-21,12054.65
TAX938581,USR1204,SPT1172906,2022-10-26,37785.63
TAX938582,USR359,SPT1915785,2022-04-14,43998.02
TAX938583,USR9945,SPT384178,2022-11-18,44949.95
TAX938584,USR4937,SPT509847,2022-07-17,20719.01
TAX938585,USR862,SPT1441060,2023-02-24,46415.16
TAX938586,USR8067,SPT265424,2022-06-08,30434.2
TAX938587,USR6990,SPT444921,2022-02-21,35860.26
TAX938588,USR2153,SPT1291031,2023-10-20,46166.08
TAX938589,USR3131,SPT534167,2022-04-14,1504.2
TAX938590,USR6370,SPT1337402,2023-01-16,33874.28
TAX938591,USR6591,SPT1031337,2023-06-13,11308.56
TAX938592,USR1508,SPT355818,2022-06-07,42803.2
TAX938593,USR5886,SPT275878,2022-07-12,6326.11
TAX938594,USR2857,SPT1902691,2023-06-04,41599.2
TAX938595,USR7685,SPT1453184,2022-04-24,11005.06
TAX938596,USR5872,SPT822440,2022-05-11,11213.83
TAX938597,USR5928,SPT1290984,2023-10-20,2073.79
TAX938598,USR1955,SPT1456247,2023-11-10,38965.96
TAX938599,USR461,SPT1932934,2022-03-05,8288.57
TAX938600,USR1930,SPT387478,2023-05-12,20004.39
TAX938601,USR6179,SPT958728,2023-09-22,8735.31
TAX938602,USR5792,SPT1335205,2022-05-12,18735.57
TAX938603,USR489,SPT479232,2022-09-30,28843.32
TAX938604,USR9223,SPT1724223,2023-06-20,28253.53
TAX938605,USR4304,SPT1577273,2022-12-30,6184.76
TAX938606,USR6166,SPT393483,2023-07-14,11194.84
TAX938607,USR9469,SPT264183,2023-04-16,21711.93
TAX938608,USR7290,SPT1871000,2024-01-29,46909.25
TAX938609,USR2076,SPT1632120,2023-07-03,46288.36
TAX938610,USR5941,SPT1170010,2023-10-22,9009.47
TAX938611,USR4356,SPT944864,2023-01-29,39319.54
TAX938612,USR6327,SPT598685,2022-08-21,17498.05
TAX938613,USR3941,SPT1532226,2023-06-21,39668.27
TAX938614,USR2773,SPT472805,2023-07-27,29606.37
TAX938615,USR8592,SPT1371297,2022-07-25,29796.9
TAX938616,USR3559,SPT849102,2022-06-29,37551.94
TAX938617,USR9771,SPT1443748,2024-01-25,39562.95
TAX938618,USR4882,SPT1737197,2022-11-14,46926.48
TAX938619,USR6689,SPT1549473,2023-06-10,22592.88
TAX938620,USR9908,SPT965063,2023-02-01,24828.75
TAX938621,USR6032,SPT479118,2023-02-07,27863.91
TAX938622,USR9454,SPT625122,2023-08-04,15956.36
TAX938623,USR3774,SPT282322,2024-01-30,21593.0
TAX938624,USR2848,SPT1633452,2023-06-20,28877.51
TAX938625,USR5005,SPT1935237,2022-05-17,48604.0
TAX938626,USR4889,SPT460619,2022-06-17,27603.16
TAX938627,USR5476,SPT490635,2023-09-30,11009.96
TAX938628,USR2782,SPT377865,2023-07-10,10559.51
TAX938629,USR3615,SPT1642502,2022-11-29,29481.79
TAX938630,USR2529,SPT21875,2023-07-05,1427.23
TAX938631,USR112,SPT1139043,2024-01-19,42076.41
TAX938632,USR9656,SPT936588,2024-01-09,9696.71
TAX938633,USR2518,SPT696688,2023-02-25,10270.01
TAX938634,USR8408,SPT1242506,2023-12-30,1041.65
TAX938635,USR1334,SPT273835,2023-12-30,7124.6
TAX938636,USR824,SPT227516,2023-01-07,37557.85
TAX938637,USR917,SPT62310,2022-04-26,15022.34
TAX938638,USR1021,SPT305696,2022-05-19,19742.36
TAX938639,USR9170,SPT1578834,2022-07-07,37136.29
TAX938640,USR4046,SPT366365,2022-06-28,33327.38
TAX938641,USR7028,SPT1350242,2023-03-15,19000.99
TAX938642,USR1484,SPT685122,2022-12-14,12085.34
TAX938643,USR6899,SPT1896313,2023-04-30,36684.01
TAX938644,USR7845,SPT1479193,2023-05-26,4096.52
TAX938645,USR9347,SPT1826354,2022-02-23,3209.87
TAX938646,USR9548,SPT1947159,2022-09-11,17410.29
TAX938647,USR2963,SPT247940,2022-08-20,39394.46
TAX938648,USR4126,SPT1889041,2023-12-21,4066.97
TAX938649,USR6394,SPT1596649,2023-07-10,11625.01
TAX938650,USR6728,SPT146240,2022-03-02,44542.94
TAX938651,USR1293,SPT1054838,2023-07-25,31648.03
TAX938652,USR4603,SPT1531659,2023-01-24,35955.87
TAX938653,USR7578,SPT285367,2022-05-14,34020.59
TAX938654,USR9285,SPT1494324,2022-11-19,45772.44
TAX938655,USR4888,SPT13166,2023-01-31,43888.95
TAX938656,USR9674,SPT1859955,2022-05-21,10594.45
TAX938657,USR1337,SPT371680,2022-06-21,23242.46
TAX938658,USR5294,SPT937606,2023-03-13,6376.67
TAX938659,USR7830,SPT1501161,2022-04-16,25702.25
TAX938660,USR9468,SPT306877,2022-05-28,31564.42
TAX938661,USR9623,SPT1027615,2022-07-18,4461.99
TAX938662,USR2543,SPT147906,2023-08-04,22489.43
TAX938663,USR2803,SPT824986,2022-02-11,15824.07
TAX938664,USR3330,SPT1834268,2022-02-25,10597.11
TAX938665,USR5193,SPT260689,2022-04-16,21227.26
TAX938666,USR2721,SPT545985,2022-12-22,28784.52
TAX938667,USR6466,SPT1538658,2023-05-02,15100.96
TAX938668,USR8561,SPT1616200,2022-04-22,36312.37
TAX938669,USR1333,SPT155213,2022-07-25,6360.89
TAX938670,USR3167,SPT288610,2023-02-14,32514.56
TAX938671,USR8583,SPT1035614,2022-02-14,5928.98
TAX938672,USR8429,SPT1337462,2022-03-09,34194.35
TAX938673,USR2828,SPT1019523,2023-09-19,45562.44
TAX938674,USR8446,SPT1110069,2022-08-22,19609.07
TAX938675,USR5168,SPT1278208,2022-10-20,49943.71
TAX938676,USR5220,SPT682852,2023-09-07,2414.37
TAX938677,USR3972,SPT560784,2023-12-05,15219.14
TAX938678,USR1927,SPT1076807,2024-02-03,9975.52
TAX938679,USR4866,SPT1772712,2022-11-08,21985.58
TAX938680,USR3448,SPT538303,2023-03-19,18339.23
TAX938681,USR2645,SPT1543972,2023-07-25,10630.42
TAX938682,USR5299,SPT437206,2023-05-31,24327.04
TAX938683,USR8796,SPT1793525,2024-01-12,38089.05
TAX938684,USR4002,SPT214238,2024-01-21,39902.44
TAX938685,USR7036,SPT1445898,2023-07-16,24465.7
TAX938686,USR6522,SPT1397873,2022-03-22,23450.07
TAX938687,USR264,SPT1923039,2023-02-09,24387.37
TAX938688,USR3709,SPT368327,2022-05-15,22617.05
TAX938689,USR440,SPT1879307,2023-05-28,33371.09
TAX938690,USR6074,SPT379387,2022-12-19,15049.32
TAX938691,USR6908,SPT941872,2022-05-18,17680.38
TAX938692,USR7103,SPT1772342,2023-08-17,4856.79
TAX938693,USR4448,SPT1726139,2023-05-07,44525.15
TAX938694,USR9933,SPT1874918,2023-06-02,5264.76
TAX938695,USR9028,SPT677854,2023-12-22,10613.36
TAX938696,USR8800,SPT1281983,2023-10-24,25688.4
TAX938697,USR4302,SPT845405,2023-12-16,43949.46
TAX938698,USR3053,SPT436374,2022-06-07,40006.04
TAX938699,USR1023,SPT885121,2022-06-15,3844.12
TAX938700,USR3978,SPT260135,2022-03-08,7758.2
TAX938701,USR7862,SPT844677,2022-08-21,33747.95
TAX938702,USR740,SPT707727,2022-06-26,7832.69
TAX938703,USR7239,SPT146466,2022-06-15,2482.57
TAX938704,USR4560,SPT396610,2023-02-09,37637.33
TAX938705,USR2276,SPT1459210,2023-02-13,13504.33
TAX938706,USR3469,SPT1342844,2023-08-04,34817.82
TAX938707,USR9568,SPT1807401,2023-12-11,10483.71
TAX938708,USR3159,SPT249266,2023-04-02,10596.43
TAX938709,USR8131,SPT585988,2023-08-16,30006.65
TAX938710,USR1673,SPT581978,2022-11-19,17495.02
TAX938711,USR99,SPT720011,2022-11-29,48037.01
TAX938712,USR8381,SPT1939155,2024-01-14,37751.83
TAX938713,USR6454,SPT1370530,2023-08-10,6137.99
TAX938714,USR9288,SPT726336,2023-02-05,43585.67
TAX938715,USR4250,SPT835840,2022-03-28,27128.9
TAX938716,USR2370,SPT157783,2022-04-29,49058.83
TAX938717,USR8095,SPT1570251,2022-06-12,48109.14
TAX938718,USR9955,SPT417486,2023-04-11,44066.0
TAX938719,USR3668,SPT61916,2022-08-02,26522.45
TAX938720,USR2313,SPT76060,2023-02-17,32208.33
TAX938721,USR2227,SPT911512,2023-07-04,49266.7
TAX938722,USR8660,SPT1049261,2022-10-16,37564.33
TAX938723,USR5898,SPT113667,2023-03-17,6602.19
TAX938724,USR5651,SPT103632,2023-08-23,20170.36
TAX938725,USR9805,SPT1405868,2023-07-16,25293.15
TAX938726,USR9325,SPT1935706,2022-04-01,31712.79
TAX938727,USR8059,SPT197256,2023-08-29,18593.29
TAX938728,USR5137,SPT1235533,2024-01-16,37575.34
TAX938729,USR6266,SPT1677252,2023-09-04,35952.27
TAX938730,USR84,SPT1961717,2023-09-30,9597.36
TAX938731,USR243,SPT1363788,2022-03-21,26104.42
TAX938732,USR5544,SPT1082038,2024-01-04,40322.95
TAX938733,USR9844,SPT47875,2022-09-04,9226.16
TAX938734,USR3663,SPT935700,2023-05-24,11610.76
TAX938735,USR6021,SPT194668,2022-05-03,45200.14
TAX938736,USR9942,SPT1866806,2023-12-29,23133.36
TAX938737,USR9266,SPT521956,2023-12-08,21723.25
TAX938738,USR4500,SPT1364751,2022-02-23,31294.05
TAX938739,USR2376,SPT1601453,2023-06-27,10775.19
TAX938740,USR9646,SPT942996,2023-09-26,17530.59
TAX938741,USR4576,SPT305638,2023-01-27,14489.99
TAX938742,USR3538,SPT1793953,2023-01-22,15684.74
TAX938743,USR7564,SPT134730,2022-12-14,17656.22
TAX938744,USR9714,SPT1920170,2023-09-03,4361.62
TAX938745,USR7346,SPT1799284,2023-04-01,23874.44
TAX938746,USR7498,SPT1581865,2023-07-22,8028.26
TAX938747,USR3074,SPT1769237,2023-08-29,10364.61
TAX938748,USR4331,SPT1117872,2023-09-18,15541.48
TAX938749,USR2718,SPT1187404,2022-05-26,38127.16
TAX938750,USR543,SPT770155,2023-09-28,39737.18
TAX938751,USR432,SPT1450054,2023-02-24,23086.93
TAX938752,USR196,SPT1198913,2022-10-17,30793.46
TAX938753,USR358,SPT47457,2023-03-18,34584.06
TAX938754,USR123,SPT1772310,2022-08-19,12115.46
TAX938755,USR5024,SPT1773084,2022-07-17,18259.82
TAX938756,USR8869,SPT418143,2022-07-22,30800.95
TAX938757,USR2273,SPT580869,2022-02-22,15038.28
TAX938758,USR3503,SPT191520,2022-09-13,15536.73
TAX938759,USR902,SPT1886346,2022-09-14,46592.2
TAX938760,USR8948,SPT830628,2023-01-25,19147.9
TAX938761,USR7016,SPT1533785,2024-02-02,12813.4
TAX938762,USR2706,SPT1232320,2023-02-10,10486.59
TAX938763,USR6102,SPT1949339,2022-09-29,26703.88
TAX938764,USR5319,SPT1696444,2022-11-27,24711.26
TAX938765,USR9557,SPT997628,2023-09-06,45248.93
TAX938766,USR1745,SPT1254771,2023-01-15,24829.74
TAX938767,USR2289,SPT1120741,2023-04-28,24014.64
TAX938768,USR8646,SPT1207621,2022-04-16,33084.48
TAX938769,USR8187,SPT1432896,2022-05-10,14410.55
TAX938770,USR8668,SPT268677,2022-07-30,37020.1
TAX938771,USR446,SPT108631,2023-12-24,10550.58
TAX938772,USR603,SPT579587,2023-02-03,12806.09
TAX938773,USR4990,SPT1996325,2023-09-22,2902.21
TAX938774,USR9172,SPT924594,2023-12-17,13591.13
TAX938775,USR1357,SPT499024,2023-12-31,41470.99
TAX938776,USR5944,SPT1787124,2022-10-03,33736.01
TAX938777,USR382,SPT396306,2022-12-22,8095.79
TAX938778,USR4025,SPT1222418,2022-11-26,49672.22
TAX938779,USR1146,SPT35010,2022-05-09,38857.93
TAX938780,USR1799,SPT1091283,2022-05-22,12109.97
TAX938781,USR8583,SPT1109172,2023-04-04,6672.73
TAX938782,USR9891,SPT812577,2023-06-27,12433.11
TAX938783,USR7288,SPT1936709,2023-04-01,27335.4
TAX938784,USR710,SPT1524327,2022-05-21,25589.54
TAX938785,USR6228,SPT76510,2023-01-22,12285.94
TAX938786,USR9500,SPT203223,2024-02-04,28549.63
TAX938787,USR9870,SPT1210193,2023-01-15,25243.11
TAX938788,USR3129,SPT902485,2022-04-12,39241.72
TAX938789,USR3454,SPT191735,2023-05-25,11499.78
TAX938790,USR8996,SPT690734,2023-01-30,32795.46
TAX938791,USR607,SPT351178,2022-05-28,10927.81
TAX938792,USR9484,SPT782826,2022-05-01,37039.42
TAX938793,USR1336,SPT1305111,2022-10-07,4588.27
TAX938794,USR7606,SPT181753,2023-12-13,45196.1
TAX938795,USR9282,SPT569227,2023-12-27,43462.44
TAX938796,USR5702,SPT1086917,2023-01-01,20155.49
TAX938797,USR8010,SPT199422,2023-07-31,34319.29
TAX938798,USR1267,SPT223307,2022-03-11,30848.0
TAX938799,USR8767,SPT1589403,2022-02-19,36787.77
TAX938800,USR6173,SPT770031,2022-02-15,47991.42
TAX938801,USR8926,SPT1086960,2022-05-24,17843.87
TAX938802,USR7213,SPT152582,2023-03-30,15755.55
TAX938803,USR3925,SPT1348256,2022-10-13,46217.2
TAX938804,USR6886,SPT894867,2022-05-12,33181.39
TAX938805,USR8846,SPT1983389,2022-10-24,14352.82
TAX938806,USR8720,SPT313111,2022-09-11,3716.6
TAX938807,USR5315,SPT1620782,2022-06-04,17096.53
TAX938808,USR9480,SPT393025,2022-05-03,29107.45
TAX938809,USR9049,SPT1401177,2022-12-26,30657.08
TAX938810,USR4548,SPT1320520,2023-04-02,36547.77
TAX938811,USR9348,SPT1536093,2022-12-13,14999.0
TAX938812,USR650,SPT1434989,2022-02-12,21003.33
TAX938813,USR7559,SPT862275,2023-03-11,6098.6
TAX938814,USR7837,SPT1118736,2022-09-27,7888.61
TAX938815,USR5397,SPT1405816,2023-08-07,35756.84
TAX938816,USR8115,SPT1600824,2022-03-18,25335.65
TAX938817,USR6371,SPT1464906,2023-01-30,2189.22
TAX938818,USR4689,SPT1186875,2023-06-01,41891.77
TAX938819,USR4982,SPT336252,2022-02-14,48018.51
TAX938820,USR5048,SPT22647,2023-02-18,21171.28
TAX938821,USR1668,SPT1803601,2024-01-06,29367.44
TAX938822,USR9966,SPT1876389,2022-12-28,38703.56
TAX938823,USR3672,SPT1652876,2022-11-17,13162.47
TAX938824,USR9462,SPT55484,2022-02-24,2227.13
TAX938825,USR184,SPT1925774,2023-12-30,8111.5
TAX938826,USR3339,SPT835791,2023-05-27,41097.57
TAX938827,USR7460,SPT1138354,2023-01-18,5701.75
TAX938828,USR8287,SPT1080223,2022-04-29,4886.47
TAX938829,USR8392,SPT374227,2022-07-17,36438.17
TAX938830,USR9851,SPT640092,2023-05-01,2700.77
TAX938831,USR4273,SPT728617,2022-07-05,1523.39
TAX938832,USR1829,SPT1305765,2023-01-03,36410.83
TAX938833,USR4734,SPT987529,2022-10-19,2648.06
TAX938834,USR1853,SPT1905225,2024-01-26,24273.65
TAX938835,USR626,SPT469742,2022-08-23,11610.35
TAX938836,USR8961,SPT659088,2022-05-04,42926.56
TAX938837,USR7947,SPT270431,2023-07-05,45681.22
TAX938838,USR7091,SPT403104,2022-11-23,21531.69
TAX938839,USR4061,SPT1537221,2023-10-21,33090.87
TAX938840,USR1098,SPT1955561,2022-06-22,40914.99
TAX938841,USR2528,SPT1776111,2023-07-22,33691.46
TAX938842,USR5700,SPT947016,2022-05-27,2881.93
TAX938843,USR4422,SPT1013942,2022-04-28,16193.55
TAX938844,USR4692,SPT805615,2022-04-30,4709.7
TAX938845,USR4900,SPT1116587,2022-11-12,21947.65
TAX938846,USR7647,SPT639623,2023-02-28,42946.3
TAX938847,USR192,SPT1286152,2023-12-11,41051.38
TAX938848,USR4107,SPT498379,2023-09-19,23250.88
TAX938849,USR6158,SPT289538,2022-02-18,3851.25
TAX938850,USR4572,SPT1398636,2022-05-24,14293.68
TAX938851,USR9012,SPT1986017,2022-10-15,48143.06
TAX938852,USR1806,SPT1313811,2023-10-25,33270.14
TAX938853,USR4540,SPT723886,2024-01-31,16096.78
TAX938854,USR6352,SPT658344,2022-05-08,17176.59
TAX938855,USR3696,SPT1740609,2023-02-20,6303.66
TAX938856,USR4350,SPT886315,2023-04-21,41990.36
TAX938857,USR2434,SPT881406,2023-01-23,38658.86
TAX938858,USR103,SPT1382795,2023-01-08,25392.52
TAX938859,USR9037,SPT455040,2023-08-12,39010.95
TAX938860,USR4006,SPT279374,2023-07-26,32964.37
TAX938861,USR8889,SPT822068,2024-01-08,48033.96
TAX938862,USR4386,SPT198428,2022-11-07,14146.19
TAX938863,USR4867,SPT378121,2022-03-31,46168.71
TAX938864,USR9766,SPT1031186,2022-07-15,11842.13
TAX938865,USR824,SPT591149,2023-10-07,42784.46
TAX938866,USR6060,SPT1401377,2022-06-07,38803.15
TAX938867,USR6447,SPT1682373,2022-07-23,38928.09
TAX938868,USR1980,SPT1716794,2023-02-06,34130.26
TAX938869,USR9171,SPT1231057,2023-04-21,3513.92
TAX938870,USR435,SPT368549,2024-01-07,20495.9
TAX938871,USR8769,SPT1531912,2023-09-07,17126.33
TAX938872,USR5549,SPT1826371,2023-12-26,40119.18
TAX938873,USR2603,SPT1030414,2023-05-01,21857.54
TAX938874,USR9851,SPT1542341,2022-09-27,2032.13
TAX938875,USR7721,SPT1844192,2023-12-05,12541.09
TAX938876,USR7062,SPT254343,2022-06-23,24746.91
TAX938877,USR6493,SPT867877,2022-10-18,5830.08
TAX938878,USR1595,SPT419868,2023-01-05,26142.99
TAX938879,USR6444,SPT1085553,2023-10-22,3077.19
TAX938880,USR3209,SPT1753957,2022-05-23,25252.96
TAX938881,USR4949,SPT729473,2023-10-23,34370.65
TAX938882,USR4691,SPT203138,2022-03-28,28314.9
TAX938883,USR2475,SPT975284,2023-10-01,21933.95
TAX938884,USR8653,SPT1745314,2022-09-14,30527.02
TAX938885,USR3623,SPT1201718,2023-01-14,38437.44
TAX938886,USR5457,SPT1662559,2023-08-15,37763.27
TAX938887,USR1141,SPT401956,2023-04-29,26249.68
TAX938888,USR589,SPT503252,2023-02-19,47389.29
TAX938889,USR6780,SPT628283,2022-05-02,40230.17
TAX938890,USR7971,SPT568199,2023-06-02,39223.68
TAX938891,USR1439,SPT546606,2023-07-25,20571.42
TAX938892,USR8895,SPT350555,2023-06-23,45025.49
TAX938893,USR9784,SPT544486,2023-06-21,16820.46
TAX938894,USR5683,SPT1810909,2023-04-02,5798.72
TAX938895,USR6668,SPT329676,2024-01-12,2763.75
TAX938896,USR9797,SPT1446669,2023-01-08,12878.47
TAX938897,USR6261,SPT1981697,2023-12-18,31859.5
TAX938898,USR8240,SPT1883915,2023-07-20,14670.86
TAX938899,USR2020,SPT1557975,2023-05-10,35184.1
TAX938900,USR3768,SPT1368965,2023-05-07,45786.57
TAX938901,USR9483,SPT1959497,2022-02-23,6874.66
TAX938902,USR1862,SPT500631,2024-02-07,20333.81
TAX938903,USR2991,SPT1838931,2022-03-16,39308.87
TAX938904,USR3592,SPT253305,2022-06-03,2642.92
TAX938905,USR1008,SPT198905,2022-11-05,39088.99
TAX938906,USR6847,SPT1493454,2023-08-27,36859.28
TAX938907,USR3619,SPT1985549,2023-05-16,45504.1
TAX938908,USR601,SPT1373636,2023-11-30,25849.43
TAX938909,USR7484,SPT1017943,2022-09-06,18230.07
TAX938910,USR4681,SPT1572567,2022-07-20,17252.92
TAX938911,USR4780,SPT1633000,2023-07-16,11447.18
TAX938912,USR2116,SPT1720420,2023-08-17,18581.28
TAX938913,USR260,SPT1856511,2023-01-05,47190.67
TAX938914,USR8326,SPT1638798,2022-05-19,8723.83
TAX938915,USR9570,SPT1861737,2022-05-31,11192.17
TAX938916,USR4453,SPT1156383,2023-12-18,4630.23
TAX938917,USR6521,SPT1712957,2023-06-17,31602.54
TAX938918,USR9861,SPT138226,2023-07-13,49605.77
TAX938919,USR12,SPT1109216,2023-12-09,42624.96
TAX938920,USR4200,SPT101091,2023-08-06,18844.24
TAX938921,USR9410,SPT1793080,2023-08-24,9145.91
TAX938922,USR74,SPT312826,2022-06-01,14457.74
TAX938923,USR4383,SPT236456,2023-05-25,8234.45
TAX938924,USR9282,SPT1407373,2022-02-14,22487.84
TAX938925,USR7699,SPT811826,2023-01-27,2011.03
TAX938926,USR6876,SPT1917098,2023-05-17,46370.54
TAX938927,USR761,SPT554290,2022-02-09,12759.96
TAX938928,USR858,SPT365201,2023-12-24,42711.96
TAX938929,USR7028,SPT1166623,2023-01-18,28730.47
TAX938930,USR2153,SPT1751233,2022-04-01,24860.59
TAX938931,USR372,SPT960274,2022-04-02,33087.25
TAX938932,USR1709,SPT1188521,2022-02-20,22867.82
TAX938933,USR7381,SPT297503,2022-11-09,18344.59
TAX938934,USR7053,SPT398072,2023-03-25,44383.02
TAX938935,USR6446,SPT88372,2023-12-05,7770.2
TAX938936,USR2974,SPT981856,2023-10-04,6058.61
TAX938937,USR7477,SPT1974850,2022-04-27,33708.86
TAX938938,USR7272,SPT1006006,2023-10-25,33666.78
TAX938939,USR5090,SPT55212,2022-10-11,45233.47
TAX938940,USR7489,SPT1501451,2023-03-22,18692.77
TAX938941,USR8204,SPT1169118,2022-09-18,6380.02
TAX938942,USR2913,SPT624162,2024-01-28,43794.54
TAX938943,USR8969,SPT1292698,2022-06-24,16080.87
TAX938944,USR1699,SPT535849,2023-03-07,34224.54
TAX938945,USR9470,SPT96462,2022-02-26,22345.68
TAX938946,USR7693,SPT376762,2024-01-30,3543.15
TAX938947,USR9995,SPT1339804,2023-10-30,16203.95
TAX938948,USR6325,SPT1142523,2022-10-16,39067.27
TAX938949,USR5874,SPT39195,2022-03-21,1451.32
TAX938950,USR3983,SPT1652328,2022-10-15,27788.77
TAX938951,USR8374,SPT1598698,2023-01-06,20663.44
TAX938952,USR9182,SPT531825,2023-05-01,10299.51
TAX938953,USR4847,SPT388641,2022-05-14,26560.85
TAX938954,USR2452,SPT1322139,2022-02-27,21208.94
TAX938955,USR118,SPT976721,2024-01-08,40417.04
TAX938956,USR5422,SPT48276,2022-07-30,28294.0
TAX938957,USR6151,SPT443035,2022-10-26,36241.93
TAX938958,USR5146,SPT1094042,2023-10-04,4532.94
TAX938959,USR2469,SPT38142,2022-03-05,11744.99
TAX938960,USR6946,SPT931346,2023-09-21,15647.62
TAX938961,USR171,SPT728583,2023-12-26,12678.25
TAX938962,USR6171,SPT1420154,2022-04-01,20367.68
TAX938963,USR9466,SPT250968,2022-06-04,46843.92
TAX938964,USR1807,SPT1264453,2022-03-16,12795.12
TAX938965,USR1199,SPT134854,2022-10-01,10685.2
TAX938966,USR1604,SPT1538920,2023-09-15,42473.74
TAX938967,USR3432,SPT1965164,2022-10-27,11191.12
TAX938968,USR5196,SPT1813709,2022-08-05,20686.89
TAX938969,USR4028,SPT676269,2023-04-26,43034.67
TAX938970,USR9495,SPT1855482,2022-10-09,17260.28
TAX938971,USR9022,SPT1477861,2022-05-13,41668.18
TAX938972,USR2467,SPT1194921,2022-05-22,45478.0
TAX938973,USR5034,SPT1906209,2024-02-05,2138.8
TAX938974,USR2986,SPT721653,2023-05-11,48479.38
TAX938975,USR9282,SPT942621,2023-10-04,5486.43
TAX938976,USR693,SPT1393510,2023-06-07,29595.37
TAX938977,USR1088,SPT772713,2023-10-16,47582.21
TAX938978,USR3123,SPT1862115,2023-08-31,10775.13
TAX938979,USR5320,SPT13450,2022-12-14,42305.28
TAX938980,USR3712,SPT248931,2024-01-05,22421.5
TAX938981,USR1034,SPT1617521,2022-04-19,37044.35
TAX938982,USR6095,SPT347255,2022-07-13,8134.46
TAX938983,USR3471,SPT181959,2022-03-24,46789.07
TAX938984,USR1918,SPT1552689,2023-05-12,12411.02
TAX938985,USR834,SPT52666,2022-11-05,23740.44
TAX938986,USR2015,SPT496550,2022-11-03,9228.01
TAX938987,USR9784,SPT1321516,2023-02-04,3690.6
TAX938988,USR2259,SPT189452,2023-12-25,10883.35
TAX938989,USR6962,SPT1614637,2022-12-30,30094.1
TAX938990,USR697,SPT1412316,2023-06-19,12134.33
TAX938991,USR5325,SPT1028846,2022-06-16,3270.91
TAX938992,USR5513,SPT1012161,2023-02-10,8132.14
TAX938993,USR2695,SPT1378192,2023-09-06,33767.97
TAX938994,USR804,SPT40587,2023-02-21,45071.94
TAX938995,USR9372,SPT1182882,2022-11-02,44410.47
TAX938996,USR3900,SPT1091390,2023-03-13,28730.64
TAX938997,USR5559,SPT722812,2023-09-16,16939.4
TAX938998,USR8268,SPT318204,2023-11-16,35336.07
TAX938999,USR2370,SPT1779868,2022-05-03,10666.22
TAX939000,USR5267,SPT30576,2022-12-10,47441.2
TAX939001,USR7773,SPT1392398,2022-04-07,46952.23
TAX939002,USR1621,SPT944630,2022-11-10,34570.37
TAX939003,USR7513,SPT312371,2022-05-27,28320.81
TAX939004,USR5964,SPT97692,2024-01-30,26742.19
TAX939005,USR4162,SPT1454916,2023-08-12,42095.36
TAX939006,USR920,SPT1972498,2023-06-12,42911.02
TAX939007,USR2146,SPT1313497,2022-08-15,7023.95
TAX939008,USR999,SPT229244,2022-02-22,11164.93
TAX939009,USR3542,SPT142243,2023-07-27,45162.83
TAX939010,USR7553,SPT1701341,2022-05-29,7071.25
TAX939011,USR494,SPT765102,2024-01-23,13488.49
TAX939012,USR928,SPT1458445,2022-07-17,3575.45
TAX939013,USR8330,SPT712447,2023-10-24,16733.03
TAX939014,USR8060,SPT754204,2023-11-02,14321.03
TAX939015,USR9565,SPT721197,2022-09-07,19793.93
TAX939016,USR1710,SPT664272,2023-12-24,29322.38
TAX939017,USR1771,SPT622197,2022-02-24,33653.41
TAX939018,USR8115,SPT764933,2023-07-04,35902.26
TAX939019,USR2079,SPT135802,2023-12-17,1828.52
TAX939020,USR2309,SPT138947,2022-03-05,40862.61
TAX939021,USR8504,SPT487225,2022-08-16,26768.88
TAX939022,USR653,SPT1637950,2023-05-02,46778.2
TAX939023,USR8877,SPT1083936,2022-10-05,4831.27
TAX939024,USR70,SPT885201,2024-01-16,47805.56
TAX939025,USR7445,SPT246023,2022-10-02,24709.87
TAX939026,USR863,SPT580620,2022-08-29,12961.74
TAX939027,USR4665,SPT1845165,2022-08-16,2861.38
TAX939028,USR4031,SPT1024106,2022-11-14,38822.63
TAX939029,USR6749,SPT1301967,2022-10-26,32541.47
TAX939030,USR2065,SPT1661628,2023-02-17,16824.01
TAX939031,USR5766,SPT1383856,2023-11-02,39011.81
TAX939032,USR4404,SPT1316235,2023-03-23,40258.12
TAX939033,USR3153,SPT1722110,2023-08-09,23861.77
TAX939034,USR4751,SPT435839,2022-07-17,39424.79
TAX939035,USR9859,SPT304055,2022-07-18,26900.3
TAX939036,USR5301,SPT1580169,2022-10-10,45847.88
TAX939037,USR4157,SPT1500168,2023-05-27,32363.95
TAX939038,USR6734,SPT1425158,2023-01-10,29596.09
TAX939039,USR5939,SPT1586501,2022-09-11,31184.53
TAX939040,USR9446,SPT1045070,2022-06-24,35606.6
TAX939041,USR4619,SPT407292,2023-09-29,20191.13
TAX939042,USR8816,SPT864809,2022-11-04,22001.0
TAX939043,USR5362,SPT206020,2022-06-04,21483.06
TAX939044,USR6042,SPT369067,2023-02-28,47969.98
TAX939045,USR288,SPT568054,2022-02-15,48283.94
TAX939046,USR6334,SPT986324,2023-11-26,32095.39
TAX939047,USR3468,SPT1735402,2022-10-27,4346.37
TAX939048,USR6659,SPT1510803,2022-11-07,44716.55
TAX939049,USR3445,SPT557542,2022-08-22,29965.74
TAX939050,USR555,SPT315675,2023-12-17,22524.22
TAX939051,USR1345,SPT887171,2022-09-08,11772.68
TAX939052,USR8529,SPT1047628,2023-10-21,7829.11
TAX939053,USR6965,SPT1366377,2022-08-22,8911.1
TAX939054,USR9666,SPT1329509,2023-02-26,27829.51
TAX939055,USR1670,SPT219172,2022-12-01,39247.61
TAX939056,USR9517,SPT1208278,2022-12-03,8554.67
TAX939057,USR5705,SPT1841934,2023-02-20,44779.7
TAX939058,USR6680,SPT414353,2023-08-10,8845.71
TAX939059,USR4080,SPT390713,2023-10-20,8074.77
TAX939060,USR9846,SPT258519,2024-02-07,29501.38
TAX939061,USR1620,SPT619455,2022-12-04,8838.78
TAX939062,USR1320,SPT4339,2022-11-10,47790.12
TAX939063,USR9802,SPT681021,2023-05-08,31664.24
TAX939064,USR4867,SPT1561423,2022-11-25,2826.8
TAX939065,USR2623,SPT1591839,2023-04-16,46513.66
TAX939066,USR844,SPT773716,2022-11-23,3456.85
TAX939067,USR4301,SPT1831969,2022-04-19,48784.07
TAX939068,USR8164,SPT1262204,2023-07-01,48473.18
TAX939069,USR2805,SPT1304524,2022-08-20,30953.04
TAX939070,USR5735,SPT1836327,2022-06-15,38300.93
TAX939071,USR6936,SPT1619512,2023-02-09,21627.35
TAX939072,USR911,SPT475302,2023-06-29,33121.33
TAX939073,USR409,SPT29461,2022-12-09,37968.16
TAX939074,USR64,SPT1957075,2022-12-21,17752.67
TAX939075,USR1752,SPT1236493,2023-10-24,21838.58
TAX939076,USR262,SPT1852376,2022-05-13,42685.0
TAX939077,USR9610,SPT628702,2023-08-07,24147.5
TAX939078,USR9865,SPT883918,2022-04-07,6618.28
TAX939079,USR9610,SPT100157,2022-04-27,34137.25
TAX939080,USR7994,SPT791582,2023-08-23,30687.59
TAX939081,USR2808,SPT339574,2023-09-24,39742.55
TAX939082,USR6610,SPT884898,2023-01-05,32606.42
TAX939083,USR9876,SPT1181884,2023-07-06,20992.47
TAX939084,USR7140,SPT513060,2023-11-29,37410.39
TAX939085,USR8429,SPT1830008,2022-05-21,39713.12
TAX939086,USR651,SPT1941212,2023-09-24,11072.82
TAX939087,USR9561,SPT1764471,2022-12-31,3039.86
TAX939088,USR1822,SPT518611,2023-10-10,19101.66
TAX939089,USR1395,SPT1054905,2023-04-24,37920.5
TAX939090,USR119,SPT726370,2023-12-25,11754.11
TAX939091,USR124,SPT501475,2022-04-18,5036.72
TAX939092,USR2020,SPT1672237,2022-08-22,49846.24
TAX939093,USR2891,SPT755842,2023-02-27,37363.6
TAX939094,USR3749,SPT242032,2022-06-07,2832.19
TAX939095,USR1309,SPT1808768,2023-05-14,29870.57
TAX939096,USR5047,SPT403571,2023-02-15,3372.76
TAX939097,USR3156,SPT1389567,2023-04-22,46132.27
TAX939098,USR8537,SPT148052,2023-08-11,18441.69
TAX939099,USR3525,SPT894288,2023-03-04,18764.1
TAX939100,USR3234,SPT541810,2023-11-15,12880.69
TAX939101,USR9231,SPT1234330,2024-01-02,16818.84
TAX939102,USR2764,SPT809508,2023-05-28,44098.52
TAX939103,USR7019,SPT1219286,2023-12-29,6770.62
TAX939104,USR8406,SPT101620,2022-03-01,12391.78
TAX939105,USR2931,SPT1779639,2023-04-28,16033.65
TAX939106,USR2286,SPT1933426,2022-05-24,40129.01
TAX939107,USR9100,SPT971261,2022-12-29,23060.44
TAX939108,USR5452,SPT70333,2023-04-26,2259.97
TAX939109,USR225,SPT1623318,2023-04-05,23962.97
TAX939110,USR261,SPT135732,2022-08-21,6660.26
TAX939111,USR2833,SPT321939,2022-10-28,47781.8
TAX939112,USR6555,SPT1085428,2023-08-14,49780.13
TAX939113,USR6241,SPT430236,2022-05-01,34994.62
TAX939114,USR1753,SPT1584321,2023-08-16,15378.5
TAX939115,USR7321,SPT1129284,2022-10-25,15036.16
TAX939116,USR2048,SPT1857285,2022-04-25,41211.85
TAX939117,USR8494,SPT252860,2023-03-20,38709.58
TAX939118,USR804,SPT114367,2022-04-07,29596.36
TAX939119,USR8971,SPT1103682,2023-09-18,45068.49
TAX939120,USR4023,SPT366547,2023-09-21,13897.71
TAX939121,USR2468,SPT514725,2022-10-04,7512.8
TAX939122,USR3871,SPT278373,2022-08-02,41786.65
TAX939123,USR7975,SPT1359655,2023-06-20,37655.05
TAX939124,USR166,SPT1516903,2023-08-01,46306.48
TAX939125,USR8957,SPT925125,2023-06-26,41918.33
TAX939126,USR5606,SPT265465,2022-11-05,15690.76
TAX939127,USR3448,SPT1580479,2023-05-26,31991.14
TAX939128,USR3682,SPT1006104,2023-08-05,46494.83
TAX939129,USR627,SPT1694653,2022-05-26,25550.92
TAX939130,USR2278,SPT1175803,2024-02-05,42599.44
TAX939131,USR5959,SPT1251109,2023-01-05,49586.97
TAX939132,USR2520,SPT1600369,2023-03-18,43812.47
TAX939133,USR358,SPT1087703,2023-07-02,48181.49
TAX939134,USR2460,SPT1541055,2022-05-26,38149.15
TAX939135,USR1916,SPT1585648,2022-03-27,38972.35
TAX939136,USR5240,SPT1891076,2023-06-09,35921.63
TAX939137,USR5520,SPT1434226,2024-01-01,16365.2
TAX939138,USR7006,SPT487397,2023-05-29,46973.27
TAX939139,USR8577,SPT1466196,2022-12-17,24526.0
TAX939140,USR855,SPT1260491,2023-04-10,9914.55
TAX939141,USR8678,SPT579647,2023-12-31,42649.2
TAX939142,USR3214,SPT867761,2023-11-11,4863.42
TAX939143,USR6977,SPT207190,2022-11-22,42488.8
TAX939144,USR2417,SPT1511384,2022-05-25,10426.55
TAX939145,USR89,SPT993847,2023-08-22,12485.37
TAX939146,USR9102,SPT848432,2023-03-24,13892.46
TAX939147,USR9705,SPT739875,2022-12-14,12005.16
TAX939148,USR6086,SPT944455,2023-05-21,45903.73
TAX939149,USR1566,SPT1437617,2023-08-22,4150.08
TAX939150,USR2566,SPT1929972,2022-10-02,25927.29
TAX939151,USR6243,SPT1375290,2023-12-02,24369.82
TAX939152,USR1659,SPT178566,2023-11-21,1287.0
TAX939153,USR2428,SPT280698,2022-11-09,46399.07
TAX939154,USR8349,SPT1454348,2024-01-25,34203.59
TAX939155,USR7032,SPT744930,2022-06-26,17074.5
TAX939156,USR8392,SPT842794,2023-06-16,26279.94
TAX939157,USR5481,SPT434169,2022-03-12,20849.71
TAX939158,USR8331,SPT336965,2023-09-09,25508.04
TAX939159,USR4889,SPT1622787,2022-12-10,22186.0
TAX939160,USR3810,SPT807974,2022-05-06,21481.41
TAX939161,USR1232,SPT766572,2023-12-19,27197.24
TAX939162,USR5320,SPT230950,2023-11-26,5301.63
TAX939163,USR9014,SPT1642484,2022-10-10,24473.91
TAX939164,USR4505,SPT376972,2023-07-28,36594.72
TAX939165,USR7180,SPT1410553,2023-12-28,43313.96
TAX939166,USR5178,SPT698970,2022-04-01,42715.16
TAX939167,USR7478,SPT632773,2023-01-18,28350.51
TAX939168,USR6614,SPT740046,2022-07-20,2037.42
TAX939169,USR6692,SPT1036821,2023-10-04,22792.15
TAX939170,USR7212,SPT27442,2022-04-15,40931.47
TAX939171,USR6678,SPT471791,2022-12-17,25171.9
TAX939172,USR1568,SPT135573,2023-09-16,29486.58
TAX939173,USR4274,SPT1403406,2022-08-15,7369.12
TAX939174,USR4990,SPT626147,2023-05-01,22660.87
TAX939175,USR4021,SPT755998,2023-01-27,20193.5
TAX939176,USR662,SPT1378224,2022-12-13,7837.83
TAX939177,USR2331,SPT929840,2023-11-08,41192.22
TAX939178,USR7234,SPT623523,2023-02-20,8465.59
TAX939179,USR7441,SPT1072673,2023-01-06,49006.87
TAX939180,USR734,SPT1094114,2022-07-15,14683.32
TAX939181,USR8798,SPT1345717,2023-12-20,48763.67
TAX939182,USR1755,SPT1852062,2023-10-19,39123.31
TAX939183,USR7620,SPT237373,2022-08-06,23448.28
TAX939184,USR3177,SPT1232139,2023-02-12,29517.29
TAX939185,USR5617,SPT18839,2023-10-07,32830.52
TAX939186,USR6796,SPT1339808,2022-12-02,9380.44
TAX939187,USR10000,SPT1314727,2024-01-18,26261.9
TAX939188,USR5543,SPT575421,2023-04-09,11419.4
TAX939189,USR2910,SPT1209296,2022-10-04,16639.67
TAX939190,USR9767,SPT1623937,2022-09-20,41355.51
TAX939191,USR299,SPT1899885,2022-03-16,18751.94
TAX939192,USR8625,SPT334895,2022-04-18,47226.15
TAX939193,USR5780,SPT793090,2022-04-28,42255.92
TAX939194,USR6024,SPT613407,2023-09-19,8286.74
TAX939195,USR9695,SPT853371,2024-02-03,26386.45
TAX939196,USR8771,SPT395410,2022-11-03,44291.85
TAX939197,USR7654,SPT1224550,2022-12-01,19264.33
TAX939198,USR3387,SPT1639775,2023-12-01,26892.86
TAX939199,USR1425,SPT466540,2022-09-29,18583.62
TAX939200,USR95,SPT1788087,2022-05-05,22858.37
TAX939201,USR4464,SPT468319,2023-04-24,37740.96
TAX939202,USR7005,SPT603270,2023-01-02,31538.46
TAX939203,USR7289,SPT1735385,2022-09-04,3134.14
TAX939204,USR2928,SPT722217,2023-03-13,8691.4
TAX939205,USR7083,SPT572622,2022-09-13,2054.99
TAX939206,USR1073,SPT838464,2023-08-24,15223.71
TAX939207,USR9208,SPT1692256,2022-08-28,39192.89
TAX939208,USR7071,SPT945384,2023-01-22,17717.09
TAX939209,USR7958,SPT456173,2023-12-20,35124.63
TAX939210,USR740,SPT942308,2022-05-22,26829.81
TAX939211,USR3655,SPT1706125,2022-12-27,20981.37
TAX939212,USR5036,SPT1333713,2023-07-24,48048.64
TAX939213,USR2295,SPT208038,2022-11-03,13386.59
TAX939214,USR8025,SPT1237008,2022-10-22,34393.97
TAX939215,USR1064,SPT401746,2023-02-23,16436.42
TAX939216,USR4864,SPT1215541,2022-03-21,30501.25
TAX939217,USR9521,SPT1862983,2022-08-05,21945.54
TAX939218,USR5306,SPT1979165,2023-10-14,40853.23
TAX939219,USR2274,SPT66773,2024-01-13,44563.61
TAX939220,USR7731,SPT589753,2023-07-31,37433.67
TAX939221,USR7380,SPT1571915,2023-11-17,16754.49
TAX939222,USR3479,SPT808759,2022-11-06,22132.32
TAX939223,USR3132,SPT104643,2023-11-08,45454.34
TAX939224,USR4935,SPT516021,2022-11-29,31438.38
TAX939225,USR4212,SPT1506198,2023-08-08,20716.7
TAX939226,USR3658,SPT1404449,2022-05-04,10621.08
TAX939227,USR7348,SPT262594,2023-07-31,28684.24
TAX939228,USR2567,SPT1852210,2022-02-15,42418.32
TAX939229,USR50,SPT1297828,2023-05-17,3454.21
TAX939230,USR999,SPT1969158,2023-09-14,24577.27
TAX939231,USR7705,SPT1751081,2023-12-15,6134.98
TAX939232,USR7083,SPT692515,2022-12-02,5879.98
TAX939233,USR1199,SPT51735,2023-04-12,25803.71
TAX939234,USR4817,SPT1460647,2023-02-11,6022.98
TAX939235,USR1703,SPT185250,2023-03-15,49882.3
TAX939236,USR1554,SPT1080604,2022-10-23,11613.47
TAX939237,USR2390,SPT342286,2023-06-20,33089.81
TAX939238,USR9560,SPT131665,2023-02-15,38001.88
TAX939239,USR4342,SPT1140939,2023-10-16,43808.92
TAX939240,USR3327,SPT1033040,2023-12-10,37796.54
TAX939241,USR135,SPT1557857,2023-04-27,33848.84
TAX939242,USR1021,SPT1783259,2022-10-08,10156.78
TAX939243,USR3000,SPT963288,2023-02-13,26461.55
TAX939244,USR4768,SPT1800835,2024-01-03,49472.39
TAX939245,USR4855,SPT4421,2022-02-22,18131.78
TAX939246,USR9351,SPT682186,2023-11-11,25556.71
TAX939247,USR4931,SPT76603,2022-12-08,36057.67
TAX939248,USR5259,SPT1368274,2022-10-18,24526.36
TAX939249,USR7945,SPT1285737,2023-02-05,33252.97
TAX939250,USR5554,SPT559660,2022-11-14,43589.04
TAX939251,USR3171,SPT1892420,2022-09-02,34166.28
TAX939252,USR1842,SPT1423545,2023-05-21,28335.36
TAX939253,USR6816,SPT629723,2023-06-17,3174.79
TAX939254,USR9028,SPT829829,2022-04-09,38329.21
TAX939255,USR1213,SPT179816,2023-04-16,37404.12
TAX939256,USR7375,SPT1814170,2022-08-25,44588.9
TAX939257,USR936,SPT1882208,2023-12-03,19622.31
TAX939258,USR3371,SPT1638318,2023-08-15,24903.37
TAX939259,USR3133,SPT1374491,2022-10-15,27869.46
TAX939260,USR2368,SPT884403,2022-05-17,44467.36
TAX939261,USR1739,SPT1641145,2022-05-14,27854.92
TAX939262,USR6002,SPT1767166,2023-05-15,25115.69
TAX939263,USR1958,SPT392308,2023-08-22,18604.43
TAX939264,USR9204,SPT915972,2022-10-05,11936.22
TAX939265,USR2375,SPT1252855,2023-05-25,32650.97
TAX939266,USR3985,SPT994613,2023-09-18,19397.46
TAX939267,USR7524,SPT394294,2023-10-08,15399.83
TAX939268,USR8083,SPT519402,2022-05-13,37213.44
TAX939269,USR1368,SPT1415609,2023-07-02,39467.87
TAX939270,USR1499,SPT1502532,2023-02-03,9519.82
TAX939271,USR7720,SPT68251,2022-12-27,46425.21
TAX939272,USR904,SPT1752982,2023-12-09,47174.49
TAX939273,USR6479,SPT97544,2023-01-04,31074.12
TAX939274,USR4152,SPT1915980,2022-06-30,31924.01
TAX939275,USR3823,SPT1547572,2023-07-11,36540.49
TAX939276,USR8949,SPT274998,2023-07-21,11974.2
TAX939277,USR8512,SPT442869,2023-05-27,34274.7
TAX939278,USR7518,SPT1390876,2023-10-17,10817.25
TAX939279,USR2000,SPT657132,2022-11-29,28116.36
TAX939280,USR3724,SPT830994,2023-07-19,30932.16
TAX939281,USR8426,SPT1042899,2023-12-12,33595.07
TAX939282,USR1647,SPT1745462,2024-01-01,38456.12
TAX939283,USR8275,SPT410705,2023-05-07,3639.96
TAX939284,USR8856,SPT1260812,2023-01-23,37465.15
TAX939285,USR7858,SPT1377161,2022-11-22,28843.85
TAX939286,USR8765,SPT1449576,2022-03-24,12844.76
TAX939287,USR3098,SPT1046194,2023-06-06,31693.41
TAX939288,USR3279,SPT1270130,2023-01-19,4587.45
TAX939289,USR6921,SPT1968057,2022-06-22,23362.8
TAX939290,USR1795,SPT158092,2022-08-31,35161.06
TAX939291,USR641,SPT1206521,2023-01-16,30732.57
TAX939292,USR6224,SPT1547035,2024-01-17,4658.23
TAX939293,USR3267,SPT477712,2022-09-09,16354.45
TAX939294,USR5743,SPT392537,2023-01-08,37206.96
TAX939295,USR2966,SPT58227,2023-11-05,27626.76
TAX939296,USR6201,SPT579367,2022-03-06,6912.56
TAX939297,USR790,SPT167348,2023-02-17,39065.58
TAX939298,USR7315,SPT1347868,2023-08-07,16235.75
TAX939299,USR3243,SPT847190,2023-06-17,3210.94
TAX939300,USR1742,SPT263905,2023-07-05,37739.89
TAX939301,USR404,SPT1105363,2023-08-24,40606.35
TAX939302,USR8307,SPT553274,2022-06-12,18738.76
TAX939303,USR8483,SPT368393,2023-08-09,46752.16
TAX939304,USR3108,SPT705535,2023-08-19,13240.55
TAX939305,USR4649,SPT687942,2023-12-06,45375.9
TAX939306,USR3239,SPT314929,2023-05-20,40004.13
TAX939307,USR405,SPT435657,2023-02-15,2831.23
TAX939308,USR1463,SPT207581,2022-07-14,16386.81
TAX939309,USR6955,SPT302517,2022-05-14,40224.47
TAX939310,USR1586,SPT866400,2023-05-13,19750.13
TAX939311,USR3201,SPT531284,2023-09-10,25690.87
TAX939312,USR3343,SPT88431,2022-11-05,33846.75
TAX939313,USR3172,SPT1811923,2023-07-03,11097.36
TAX939314,USR724,SPT1901066,2023-08-17,27991.32
TAX939315,USR8691,SPT1663718,2023-12-08,7298.04
TAX939316,USR1168,SPT1027113,2022-12-02,4102.18
TAX939317,USR4453,SPT767177,2022-12-08,25221.63
TAX939318,USR9155,SPT1064205,2024-02-02,20816.24
TAX939319,USR2210,SPT129564,2023-10-21,39021.78
TAX939320,USR682,SPT225819,2022-06-15,18331.38
TAX939321,USR1584,SPT1709191,2022-07-06,46522.82
TAX939322,USR162,SPT1678722,2022-09-16,21744.18
TAX939323,USR4267,SPT1227451,2022-12-06,40756.9
TAX939324,USR7522,SPT836032,2023-09-07,29903.3
TAX939325,USR8747,SPT274418,2022-06-13,33574.91
TAX939326,USR4634,SPT913264,2023-07-19,21032.1
TAX939327,USR6362,SPT260295,2023-03-20,35548.2
TAX939328,USR2980,SPT1238155,2022-09-04,31775.55
TAX939329,USR653,SPT1824222,2022-10-23,35591.37
TAX939330,USR3345,SPT1205623,2022-03-21,15450.62
TAX939331,USR1239,SPT1811693,2022-08-13,36643.58
TAX939332,USR4849,SPT1931757,2022-12-24,25483.86
TAX939333,USR801,SPT1600981,2022-02-24,1618.79
TAX939334,USR5675,SPT543770,2022-09-19,30646.41
TAX939335,USR2205,SPT221103,2023-06-05,36780.85
TAX939336,USR8562,SPT1419323,2022-12-19,15361.42
TAX939337,USR897,SPT866620,2023-03-30,33413.13
TAX939338,USR546,SPT346758,2023-07-11,20173.7
TAX939339,USR4751,SPT1723270,2022-09-20,5740.94
TAX939340,USR3834,SPT1814355,2023-02-26,30952.52
TAX939341,USR8109,SPT270242,2023-08-03,7769.9
TAX939342,USR9724,SPT1273407,2023-07-12,1430.81
TAX939343,USR1372,SPT877207,2023-01-10,20533.67
TAX939344,USR9951,SPT1584674,2023-08-10,31904.0
TAX939345,USR8089,SPT1089857,2023-12-19,13340.28
TAX939346,USR334,SPT198048,2023-02-22,3468.89
TAX939347,USR4928,SPT1149117,2023-04-04,2308.01
TAX939348,USR4404,SPT1614132,2024-01-24,48461.11
TAX939349,USR9995,SPT1294864,2022-12-28,18029.81
TAX939350,USR6834,SPT374621,2022-03-21,48013.84
TAX939351,USR2192,SPT756323,2023-03-17,21055.32
TAX939352,USR9086,SPT1224020,2022-12-25,34592.3
TAX939353,USR6426,SPT1521052,2022-08-07,11757.88
TAX939354,USR7295,SPT1759850,2023-03-29,47495.75
TAX939355,USR2787,SPT823444,2022-03-12,40859.72
TAX939356,USR9893,SPT1525681,2022-07-01,6198.8
TAX939357,USR1848,SPT1043970,2022-03-17,17571.75
TAX939358,USR5986,SPT52838,2023-09-27,44256.74
TAX939359,USR9736,SPT85086,2023-03-03,1891.3
TAX939360,USR2239,SPT1432468,2022-07-07,33298.44
TAX939361,USR5126,SPT649509,2023-04-20,3970.64
TAX939362,USR5934,SPT1709488,2023-08-28,21586.0
TAX939363,USR6551,SPT515024,2023-08-21,26838.39
TAX939364,USR2150,SPT1064224,2022-08-11,23443.67
TAX939365,USR2728,SPT1072028,2023-06-13,17079.57
TAX939366,USR1931,SPT1466526,2023-10-23,30261.39
TAX939367,USR6101,SPT674400,2023-10-12,34930.89
TAX939368,USR591,SPT1183485,2023-03-24,24674.27
TAX939369,USR7972,SPT949338,2023-11-06,36777.72
TAX939370,USR3906,SPT1794190,2023-06-13,48754.78
TAX939371,USR3741,SPT1006629,2022-11-09,16637.99
TAX939372,USR7659,SPT672810,2023-03-10,36224.89
TAX939373,USR3718,SPT249256,2023-04-06,7908.55
TAX939374,USR3087,SPT1477169,2024-02-05,13933.86
TAX939375,USR2333,SPT146796,2022-03-08,22797.34
TAX939376,USR9523,SPT495625,2022-08-29,28346.54
TAX939377,USR629,SPT86587,2023-08-25,42956.14
TAX939378,USR2152,SPT715263,2023-08-24,37383.52
TAX939379,USR370,SPT153307,2022-06-16,42585.31
TAX939380,USR7636,SPT228137,2022-08-07,14483.92
TAX939381,USR887,SPT1583471,2022-12-23,43323.64
TAX939382,USR6771,SPT1899271,2022-10-19,38709.33
TAX939383,USR3051,SPT977306,2022-12-22,35807.33
TAX939384,USR3007,SPT553184,2022-10-12,47110.9
TAX939385,USR431,SPT845530,2022-12-06,5281.03
TAX939386,USR3077,SPT1212650,2023-12-09,31608.0
TAX939387,USR4035,SPT1091618,2023-02-14,3720.86
TAX939388,USR7800,SPT1263917,2022-09-11,49963.71
TAX939389,USR3473,SPT1055131,2023-05-15,23254.51
TAX939390,USR5917,SPT1155833,2023-11-11,36901.1
TAX939391,USR7458,SPT1729043,2023-04-03,3423.16
TAX939392,USR8545,SPT499643,2022-05-03,31284.6
TAX939393,USR5049,SPT198527,2022-03-13,12111.55
TAX939394,USR4902,SPT648487,2023-12-23,19619.07
TAX939395,USR5894,SPT1257699,2022-05-29,9957.98
TAX939396,USR3079,SPT1258306,2022-02-25,13345.57
TAX939397,USR8203,SPT986165,2022-06-30,21792.81
TAX939398,USR8817,SPT1642287,2022-03-15,10119.9
TAX939399,USR2757,SPT104282,2023-03-18,4619.61
TAX939400,USR2349,SPT133204,2022-05-04,42855.65
TAX939401,USR4909,SPT450492,2022-08-28,14881.66
TAX939402,USR2307,SPT268198,2023-06-01,31192.58
TAX939403,USR5507,SPT809774,2023-12-06,18573.78
TAX939404,USR6073,SPT12671,2022-12-31,39006.68
TAX939405,USR7607,SPT1683177,2022-10-03,30789.91
TAX939406,USR4045,SPT1152831,2023-03-07,16695.05
TAX939407,USR7042,SPT1759598,2023-03-30,25516.89
TAX939408,USR9058,SPT453481,2023-05-14,17202.61
TAX939409,USR9678,SPT991336,2024-02-08,33015.08
TAX939410,USR5359,SPT563638,2023-05-25,36301.19
TAX939411,USR3109,SPT1229682,2022-08-05,12586.4
TAX939412,USR8274,SPT542506,2023-08-07,20039.45
TAX939413,USR5367,SPT1070959,2023-10-20,14091.03
TAX939414,USR6142,SPT836166,2022-06-10,6084.7
TAX939415,USR5097,SPT1783958,2023-03-15,21506.27
TAX939416,USR9408,SPT1130651,2023-05-28,37657.2
TAX939417,USR2918,SPT253353,2022-08-20,28952.53
TAX939418,USR1676,SPT1598815,2022-03-19,16863.14
TAX939419,USR106,SPT587800,2022-09-16,36412.18
TAX939420,USR2366,SPT1394449,2022-08-31,3593.18
TAX939421,USR4007,SPT562521,2023-01-30,24309.82
TAX939422,USR6786,SPT421641,2024-01-02,16420.9
TAX939423,USR1716,SPT977816,2022-07-05,38633.7
TAX939424,USR1236,SPT796004,2022-02-22,28718.6
TAX939425,USR4906,SPT64177,2023-10-22,36788.03
TAX939426,USR2916,SPT1416894,2022-02-12,2338.34
TAX939427,USR5732,SPT916593,2022-02-24,9800.97
TAX939428,USR2535,SPT1602946,2022-12-15,44216.33
TAX939429,USR2979,SPT641778,2023-04-05,24458.08
TAX939430,USR3723,SPT466178,2023-10-22,45604.64
TAX939431,USR6329,SPT178443,2022-03-22,2847.25
TAX939432,USR3532,SPT168012,2022-03-29,18722.47
TAX939433,USR5186,SPT795816,2023-09-03,5974.01
TAX939434,USR2356,SPT1731882,2022-11-24,10310.42
TAX939435,USR4763,SPT653894,2022-10-13,17519.63
TAX939436,USR4794,SPT1633394,2023-10-14,31072.63
TAX939437,USR7020,SPT240757,2023-03-30,24296.79
TAX939438,USR8418,SPT1271837,2024-01-23,40381.54
TAX939439,USR515,SPT131513,2023-12-30,27515.79
TAX939440,USR3524,SPT1147045,2022-09-18,43832.52
TAX939441,USR720,SPT1731066,2022-07-07,37547.87
TAX939442,USR1649,SPT710603,2022-07-10,12749.44
TAX939443,USR1281,SPT303354,2023-12-22,36448.69
TAX939444,USR7220,SPT1427881,2022-09-22,32979.5
TAX939445,USR6650,SPT1039379,2023-02-22,46365.99
TAX939446,USR5913,SPT1698915,2023-01-19,24510.5
TAX939447,USR995,SPT1720871,2023-09-01,49058.24
TAX939448,USR5412,SPT445010,2024-02-06,6438.72
TAX939449,USR7544,SPT1809902,2022-04-07,17667.32
TAX939450,USR824,SPT513858,2023-05-21,26622.52
TAX939451,USR3144,SPT438111,2022-04-03,10609.45
TAX939452,USR205,SPT1825976,2024-01-24,18705.56
TAX939453,USR663,SPT1074287,2023-11-09,24420.39
TAX939454,USR904,SPT349009,2023-04-29,30592.31
TAX939455,USR2310,SPT986902,2022-06-28,9888.76
TAX939456,USR1428,SPT761179,2023-08-12,40333.26
TAX939457,USR8003,SPT777364,2022-12-16,36406.57
TAX939458,USR391,SPT1208145,2024-01-03,15624.54
TAX939459,USR3275,SPT1143551,2023-05-03,33414.11
TAX939460,USR4490,SPT1771657,2023-02-03,42907.52
TAX939461,USR1162,SPT1599771,2023-08-08,37296.04
TAX939462,USR2357,SPT1452515,2023-02-07,45708.64
TAX939463,USR2709,SPT1726916,2023-09-20,6007.74
TAX939464,USR9253,SPT1765547,2023-04-04,28421.95
TAX939465,USR1360,SPT1081989,2022-06-22,32908.18
TAX939466,USR4862,SPT1874953,2022-09-18,46852.92
TAX939467,USR9717,SPT741232,2023-12-16,15813.22
TAX939468,USR1589,SPT638043,2023-06-05,21414.51
TAX939469,USR6858,SPT803159,2022-11-15,25888.15
TAX939470,USR5042,SPT507413,2022-09-06,6259.37
TAX939471,USR5885,SPT220333,2022-07-29,8621.69
TAX939472,USR6668,SPT40687,2023-02-25,6796.52
TAX939473,USR4081,SPT903394,2023-12-19,7175.54
TAX939474,USR2813,SPT504880,2022-03-07,44059.3
TAX939475,USR333,SPT1264871,2022-06-19,25652.65
TAX939476,USR2645,SPT858428,2022-02-27,32916.11
TAX939477,USR3771,SPT1185999,2022-04-23,15557.37
TAX939478,USR4194,SPT1539965,2023-07-27,19137.65
TAX939479,USR2278,SPT1756681,2023-06-23,4094.11
TAX939480,USR4739,SPT217065,2023-11-27,9246.55
TAX939481,USR993,SPT1984341,2022-04-29,26379.27
TAX939482,USR9930,SPT1489960,2023-02-07,26268.72
TAX939483,USR1941,SPT1222637,2023-12-06,35693.32
TAX939484,USR9281,SPT1916673,2023-04-23,4102.95
TAX939485,USR1074,SPT1650642,2022-11-04,44509.59
TAX939486,USR5801,SPT889950,2023-10-31,1935.04
TAX939487,USR6947,SPT1598460,2022-03-02,2127.48
TAX939488,USR515,SPT450735,2023-12-11,37563.36
TAX939489,USR2104,SPT816017,2023-09-06,48454.35
TAX939490,USR8642,SPT1322666,2022-10-06,44335.13
TAX939491,USR5239,SPT1727783,2022-11-08,41322.29
TAX939492,USR5513,SPT967453,2023-09-15,29657.77
TAX939493,USR3372,SPT304261,2023-11-16,12099.97
TAX939494,USR8278,SPT1247187,2022-05-25,33897.73
TAX939495,USR1613,SPT1302235,2022-08-31,32779.59
TAX939496,USR9803,SPT1549894,2024-01-02,30084.83
TAX939497,USR7839,SPT1347379,2022-10-12,17259.06
TAX939498,USR2202,SPT1742281,2022-08-14,45485.66
TAX939499,USR5653,SPT680175,2022-06-08,6642.91
TAX939500,USR233,SPT795405,2022-05-27,13253.64
TAX939501,USR4896,SPT238546,2022-09-05,10336.43
TAX939502,USR7785,SPT317434,2023-01-07,31689.2
TAX939503,USR1994,SPT1124021,2023-03-26,11517.82
TAX939504,USR6747,SPT841776,2023-10-13,18825.72
TAX939505,USR2386,SPT875631,2022-02-17,22354.46
TAX939506,USR4913,SPT1935250,2023-07-16,36078.68
TAX939507,USR8355,SPT1982566,2022-12-31,46341.31
TAX939508,USR8157,SPT943850,2023-01-11,10584.56
TAX939509,USR2135,SPT585514,2022-09-19,47340.18
TAX939510,USR4559,SPT1702727,2022-06-27,39860.78
TAX939511,USR9294,SPT1128473,2023-03-10,13378.97
TAX939512,USR7175,SPT1203880,2022-10-17,31530.87
TAX939513,USR429,SPT1724583,2022-05-08,11799.87
TAX939514,USR145,SPT1830062,2022-11-04,14423.1
TAX939515,USR9507,SPT1718950,2022-06-27,31045.8
TAX939516,USR1912,SPT966317,2023-08-14,4945.73
TAX939517,USR711,SPT840204,2022-09-14,38098.44
TAX939518,USR2849,SPT493484,2022-02-23,11439.43
TAX939519,USR9151,SPT1482695,2023-04-23,5237.89
TAX939520,USR5665,SPT407158,2022-09-14,18008.75
TAX939521,USR3222,SPT536265,2023-06-18,48643.45
TAX939522,USR6213,SPT1788273,2023-06-01,17025.61
TAX939523,USR7388,SPT455118,2023-08-16,11785.96
TAX939524,USR1880,SPT188718,2022-10-22,2699.65
TAX939525,USR2939,SPT1189054,2022-04-22,31509.42
TAX939526,USR9724,SPT1284610,2022-06-19,30190.95
TAX939527,USR8330,SPT1341388,2023-03-28,42182.2
TAX939528,USR9736,SPT768957,2022-04-04,2213.18
TAX939529,USR6918,SPT516460,2023-12-25,8892.47
TAX939530,USR1563,SPT241845,2022-09-16,37000.94
TAX939531,USR4891,SPT735331,2023-02-08,22188.42
TAX939532,USR7005,SPT1400368,2023-03-02,10378.33
TAX939533,USR9781,SPT906952,2023-12-27,24572.37
TAX939534,USR9843,SPT1184020,2022-12-01,32292.63
TAX939535,USR7915,SPT963867,2022-03-21,12626.79
TAX939536,USR6913,SPT319228,2022-04-25,39659.53
TAX939537,USR8675,SPT1695253,2022-12-12,17347.07
TAX939538,USR544,SPT227372,2023-05-11,42534.53
TAX939539,USR7216,SPT1326945,2023-06-01,29333.07
TAX939540,USR1950,SPT1310609,2024-02-06,40189.97
TAX939541,USR205,SPT1218515,2022-10-09,29839.15
TAX939542,USR1240,SPT1178474,2023-06-24,40011.03
TAX939543,USR128,SPT1676548,2024-01-29,10487.78
TAX939544,USR6493,SPT277536,2023-12-02,42115.67
TAX939545,USR2291,SPT1694312,2023-01-10,1917.12
TAX939546,USR7139,SPT60481,2022-05-20,11635.19
TAX939547,USR5965,SPT1199946,2022-06-25,6731.14
TAX939548,USR8310,SPT1633434,2023-12-19,47640.05
TAX939549,USR4521,SPT1841449,2023-07-23,11298.99
TAX939550,USR2044,SPT1538576,2022-12-26,46154.56
TAX939551,USR4258,SPT399109,2024-01-02,19782.67
TAX939552,USR6037,SPT175740,2022-12-30,46604.04
TAX939553,USR5233,SPT1693121,2022-06-06,24610.17
TAX939554,USR7159,SPT790999,2022-02-16,34611.81
TAX939555,USR9113,SPT492159,2023-12-07,34473.28
TAX939556,USR8684,SPT1800609,2023-12-08,44159.13
TAX939557,USR6302,SPT1191949,2023-03-03,7266.52
TAX939558,USR8842,SPT249730,2022-11-18,36633.97
TAX939559,USR9614,SPT1216706,2022-07-19,9212.16
TAX939560,USR3098,SPT208891,2023-03-20,13544.97
TAX939561,USR2772,SPT1289229,2023-01-22,11226.88
TAX939562,USR9610,SPT1204213,2023-01-13,8892.34
TAX939563,USR3576,SPT190328,2023-12-11,34076.05
TAX939564,USR4339,SPT625770,2022-10-11,37044.87
TAX939565,USR8753,SPT1067884,2022-10-14,36357.72
TAX939566,USR9420,SPT759571,2022-09-17,48126.62
TAX939567,USR7538,SPT744224,2023-08-30,36216.28
TAX939568,USR7593,SPT1174237,2022-06-27,39996.36
TAX939569,USR565,SPT1975898,2022-02-28,33815.74
TAX939570,USR7144,SPT428588,2022-09-17,34032.86
TAX939571,USR9598,SPT1123612,2023-10-15,25930.12
TAX939572,USR6548,SPT458953,2022-09-14,24882.73
TAX939573,USR8345,SPT437602,2023-04-30,45279.26
TAX939574,USR2123,SPT1726612,2023-02-14,29448.33
TAX939575,USR4764,SPT1140218,2023-11-30,37173.47
TAX939576,USR4299,SPT733520,2023-06-24,42797.25
TAX939577,USR6313,SPT798597,2023-02-25,29713.15
TAX939578,USR1613,SPT293649,2022-09-14,19847.49
TAX939579,USR3001,SPT321967,2023-03-18,21100.82
TAX939580,USR8701,SPT1282117,2023-04-13,12918.27
TAX939581,USR9785,SPT1063681,2023-09-12,46071.23
TAX939582,USR4840,SPT225549,2023-03-22,16483.78
TAX939583,USR40,SPT1540841,2023-01-16,38178.95
TAX939584,USR3407,SPT327820,2023-10-26,17204.22
TAX939585,USR9033,SPT1770742,2023-10-31,39661.95
TAX939586,USR3947,SPT1666474,2023-03-02,9407.22
TAX939587,USR1002,SPT869390,2023-12-01,1834.58
TAX939588,USR4467,SPT1397562,2023-01-21,31704.24
TAX939589,USR5239,SPT1210028,2023-07-29,48590.91
TAX939590,USR1668,SPT620954,2023-08-08,17487.65
TAX939591,USR4091,SPT1637949,2022-05-29,26854.98
TAX939592,USR9103,SPT1571896,2023-08-19,33939.14
TAX939593,USR7418,SPT334184,2022-11-16,12156.29
TAX939594,USR6649,SPT241179,2023-05-09,8545.52
TAX939595,USR1234,SPT228782,2022-05-19,38857.76
TAX939596,USR2600,SPT494698,2023-11-27,18831.99
TAX939597,USR3721,SPT1672479,2022-05-17,15907.39
TAX939598,USR8368,SPT16827,2023-10-22,12754.75
TAX939599,USR8560,SPT751986,2023-10-19,16479.25
TAX939600,USR8692,SPT298892,2023-02-07,27648.88
TAX939601,USR7079,SPT1723376,2022-05-11,40539.36
TAX939602,USR504,SPT772988,2022-04-12,49087.66
TAX939603,USR2137,SPT699276,2023-12-30,43470.4
TAX939604,USR2423,SPT1953669,2022-03-08,36207.96
TAX939605,USR8324,SPT365118,2022-04-02,31738.47
TAX939606,USR4965,SPT978891,2022-04-01,45297.1
TAX939607,USR9795,SPT1817039,2022-03-19,5172.21
TAX939608,USR2881,SPT917748,2024-01-30,48103.49
TAX939609,USR8926,SPT1918176,2023-02-13,49046.71
TAX939610,USR8765,SPT855923,2022-07-27,46200.93
TAX939611,USR5170,SPT387555,2022-04-07,44109.42
TAX939612,USR59,SPT900538,2023-05-02,48155.56
TAX939613,USR8086,SPT1838456,2023-11-03,6359.28
TAX939614,USR1894,SPT1203916,2023-01-01,40753.21
TAX939615,USR1355,SPT1405038,2023-12-11,28147.1
TAX939616,USR4979,SPT157144,2023-11-09,49461.49
TAX939617,USR2457,SPT286307,2022-09-01,11372.28
TAX939618,USR62,SPT1027552,2023-04-01,35958.75
TAX939619,USR7179,SPT1308229,2022-02-13,30306.3
TAX939620,USR254,SPT1433275,2022-05-23,4632.26
TAX939621,USR4586,SPT182312,2023-08-04,36340.65
TAX939622,USR5556,SPT1014016,2023-05-20,39605.17
TAX939623,USR1001,SPT1687904,2022-05-20,35433.14
TAX939624,USR6433,SPT919025,2023-04-30,49607.25
TAX939625,USR198,SPT121543,2023-07-04,14453.29
TAX939626,USR5073,SPT370124,2023-04-06,33248.67
TAX939627,USR8890,SPT1104593,2023-04-30,45304.53
TAX939628,USR8503,SPT2273,2023-09-17,34501.38
TAX939629,USR7242,SPT1328699,2022-08-07,22704.01
TAX939630,USR5364,SPT498808,2022-04-27,30303.64
TAX939631,USR6262,SPT166591,2023-10-06,36194.91
TAX939632,USR9436,SPT1011044,2022-10-03,18222.75
TAX939633,USR769,SPT1622679,2023-10-08,30696.46
TAX939634,USR8659,SPT1969050,2023-04-02,43062.74
TAX939635,USR4242,SPT1185779,2022-11-01,27481.9
TAX939636,USR6505,SPT1780202,2023-07-19,22187.06
TAX939637,USR1457,SPT308948,2022-02-23,3156.26
TAX939638,USR9865,SPT1878464,2022-05-16,39046.38
TAX939639,USR7770,SPT816088,2023-08-24,43259.19
TAX939640,USR5554,SPT734892,2023-01-16,35040.82
TAX939641,USR3443,SPT794653,2023-01-15,14908.94
TAX939642,USR6327,SPT706894,2022-06-10,4411.74
TAX939643,USR8255,SPT700416,2022-12-19,17832.76
TAX939644,USR6745,SPT756293,2022-06-06,24921.2
TAX939645,USR5729,SPT1310447,2022-09-12,42151.15
TAX939646,USR5316,SPT1112736,2023-05-31,31132.4
TAX939647,USR7871,SPT1302827,2022-07-25,26939.8
TAX939648,USR3838,SPT297743,2023-09-05,49710.89
TAX939649,USR879,SPT884886,2024-01-07,26122.45
TAX939650,USR868,SPT253652,2022-11-12,8123.28
TAX939651,USR3966,SPT983701,2023-09-10,43832.75
TAX939652,USR5898,SPT235987,2022-06-09,23530.89
TAX939653,USR4743,SPT1568325,2023-04-14,14346.07
TAX939654,USR1940,SPT217828,2022-05-04,15562.17
TAX939655,USR3196,SPT1543316,2023-08-24,27043.73
TAX939656,USR8889,SPT517015,2022-08-07,13516.19
TAX939657,USR8803,SPT1781871,2022-12-13,44495.5
TAX939658,USR4419,SPT1803334,2023-12-21,5274.87
TAX939659,USR8118,SPT1025966,2023-04-15,7552.84
TAX939660,USR1760,SPT1983844,2022-08-13,26039.21
TAX939661,USR1072,SPT1574751,2023-12-12,48186.93
TAX939662,USR260,SPT1117594,2023-12-27,32779.56
TAX939663,USR3516,SPT1390737,2022-04-28,30532.79
TAX939664,USR5806,SPT17450,2023-06-15,3519.32
TAX939665,USR4772,SPT1782370,2023-11-12,1692.86
TAX939666,USR8973,SPT1781653,2023-03-12,43599.91
TAX939667,USR9730,SPT210385,2023-01-11,10987.31
TAX939668,USR7173,SPT557259,2023-06-21,29848.38
TAX939669,USR1711,SPT1420590,2022-02-17,4881.41
TAX939670,USR3713,SPT1781071,2022-07-12,44361.9
TAX939671,USR3567,SPT291952,2022-03-30,25988.72
TAX939672,USR6196,SPT1305340,2022-09-02,25775.19
TAX939673,USR5539,SPT1065081,2024-01-11,49524.52
TAX939674,USR7520,SPT288702,2023-12-27,20424.56
TAX939675,USR5522,SPT1269636,2023-07-16,14940.95
TAX939676,USR7281,SPT1651749,2022-11-11,28828.3
TAX939677,USR5369,SPT1195116,2022-10-05,3233.92
TAX939678,USR726,SPT991032,2022-12-15,1948.28
TAX939679,USR2837,SPT604357,2022-02-26,29143.53
TAX939680,USR7528,SPT1060390,2022-07-26,31696.19
TAX939681,USR9535,SPT300753,2022-09-17,23842.73
TAX939682,USR8499,SPT945670,2022-06-10,31203.54
TAX939683,USR4735,SPT398545,2022-07-14,24946.53
TAX939684,USR9352,SPT867927,2022-02-17,17361.54
TAX939685,USR2537,SPT1067189,2023-11-17,39171.33
TAX939686,USR4355,SPT1689234,2022-04-04,34044.97
TAX939687,USR8651,SPT430318,2022-06-09,26229.24
TAX939688,USR3754,SPT1643292,2022-09-02,6020.09
TAX939689,USR3157,SPT668620,2023-09-06,15680.81
TAX939690,USR9518,SPT176768,2023-02-23,37240.62
TAX939691,USR4644,SPT832244,2022-12-20,46548.84
TAX939692,USR8538,SPT1448976,2023-10-12,45512.38
TAX939693,USR7583,SPT1098155,2023-09-20,33614.72
TAX939694,USR2889,SPT191164,2023-01-16,44977.1
TAX939695,USR3376,SPT1930219,2022-11-22,39323.97
TAX939696,USR3025,SPT93138,2023-02-23,21542.14
TAX939697,USR1022,SPT668523,2023-02-02,44527.38
TAX939698,USR4386,SPT601772,2022-10-30,18862.43
TAX939699,USR8937,SPT141872,2023-05-16,45582.98
TAX939700,USR7129,SPT1803344,2023-12-31,27443.35
TAX939701,USR644,SPT1845762,2023-05-05,49332.2
TAX939702,USR7787,SPT713812,2022-05-18,23032.11
TAX939703,USR4091,SPT991950,2023-09-04,48590.31
TAX939704,USR7483,SPT301555,2023-12-24,9974.96
TAX939705,USR9257,SPT1541317,2022-04-01,46830.83
TAX939706,USR8885,SPT1583084,2023-05-11,41816.75
TAX939707,USR25,SPT1226888,2022-06-18,26096.52
TAX939708,USR3443,SPT1633657,2023-03-04,37446.45
TAX939709,USR6381,SPT235168,2022-06-04,36325.25
TAX939710,USR3478,SPT1909613,2022-12-30,4598.14
TAX939711,USR3242,SPT50062,2023-11-29,32577.29
TAX939712,USR7907,SPT1308298,2022-11-03,36964.56
TAX939713,USR2202,SPT1720852,2023-10-23,34143.92
TAX939714,USR3557,SPT589665,2022-07-26,36496.07
TAX939715,USR78,SPT920576,2023-04-09,43705.82
TAX939716,USR4364,SPT864154,2023-05-13,6869.18
TAX939717,USR122,SPT1721345,2022-07-06,47851.43
TAX939718,USR137,SPT231030,2022-04-01,29979.92
TAX939719,USR9491,SPT337297,2023-07-09,41711.58
TAX939720,USR2330,SPT1293392,2022-05-04,46246.41
TAX939721,USR8108,SPT1135904,2024-01-26,17113.6
TAX939722,USR5286,SPT1307142,2022-04-01,3602.24
TAX939723,USR7104,SPT1294935,2023-02-20,32805.97
TAX939724,USR7864,SPT1444965,2024-01-25,48245.23
TAX939725,USR7806,SPT1413685,2023-12-05,11900.38
TAX939726,USR8282,SPT1515286,2022-05-10,38875.15
TAX939727,USR1968,SPT893494,2022-11-14,21795.65
TAX939728,USR9606,SPT1634502,2022-08-13,24108.89
TAX939729,USR2058,SPT1669275,2023-04-26,17282.86
TAX939730,USR2382,SPT1921055,2022-11-14,17511.43
TAX939731,USR4299,SPT1332447,2022-10-19,43017.55
TAX939732,USR5656,SPT1161046,2024-01-12,33380.02
TAX939733,USR705,SPT340203,2022-12-03,28221.56
TAX939734,USR3008,SPT1794426,2022-04-19,17468.4
TAX939735,USR3545,SPT1027153,2023-09-18,27307.9
TAX939736,USR3911,SPT1168833,2022-03-14,45664.89
TAX939737,USR7471,SPT1598454,2023-06-15,2849.04
TAX939738,USR5845,SPT754145,2023-03-27,46926.2
TAX939739,USR3909,SPT927522,2022-07-26,23941.46
TAX939740,USR1994,SPT911320,2022-05-27,25125.65
TAX939741,USR3434,SPT1570401,2023-08-22,8202.08
TAX939742,USR139,SPT844536,2023-02-15,5543.62
TAX939743,USR7830,SPT920057,2023-01-10,29875.18
TAX939744,USR7529,SPT1617720,2022-08-29,20192.3
TAX939745,USR7525,SPT703799,2023-01-07,26290.25
TAX939746,USR8688,SPT782375,2023-07-18,17899.33
TAX939747,USR875,SPT140123,2022-05-26,29558.46
TAX939748,USR2440,SPT1323946,2023-05-25,32527.38
TAX939749,USR6646,SPT204317,2023-09-04,26333.06
TAX939750,USR912,SPT1260858,2022-05-23,10145.3
TAX939751,USR9938,SPT1187117,2023-04-02,16161.66
TAX939752,USR2665,SPT1457302,2022-11-10,1778.38
TAX939753,USR1372,SPT820417,2023-12-06,21893.06
TAX939754,USR3207,SPT1750724,2023-04-16,13678.52
TAX939755,USR6888,SPT749235,2023-04-03,13478.66
TAX939756,USR5870,SPT1283795,2023-08-01,43230.67
TAX939757,USR8027,SPT184291,2023-06-30,6013.37
TAX939758,USR2388,SPT1321504,2023-11-29,26273.87
TAX939759,USR3270,SPT1856409,2022-06-12,2157.04
TAX939760,USR8319,SPT620374,2023-03-09,38601.92
TAX939761,USR1117,SPT478948,2022-03-09,33889.6
TAX939762,USR6623,SPT564519,2022-06-15,38480.91
TAX939763,USR7850,SPT1916456,2023-09-27,18788.79
TAX939764,USR9561,SPT1895559,2023-05-29,12935.11
TAX939765,USR3567,SPT1947758,2022-11-29,17181.88
TAX939766,USR7730,SPT1447537,2022-02-24,39003.85
TAX939767,USR496,SPT987657,2022-12-17,7214.7
TAX939768,USR1255,SPT1289347,2022-11-22,35374.55
TAX939769,USR5337,SPT1311714,2022-08-27,23045.1
TAX939770,USR9709,SPT1035732,2022-11-02,38927.57
TAX939771,USR7963,SPT537915,2023-06-16,9596.18
TAX939772,USR3826,SPT1771197,2022-05-24,37342.67
TAX939773,USR5059,SPT1450678,2023-03-28,18450.67
TAX939774,USR3568,SPT1236693,2023-12-07,41189.37
TAX939775,USR7903,SPT1857123,2022-10-27,37645.55
TAX939776,USR6600,SPT148439,2022-02-21,7087.23
TAX939777,USR8906,SPT1402343,2023-04-23,24419.66
TAX939778,USR4874,SPT1521539,2022-05-09,38277.71
TAX939779,USR261,SPT1445007,2023-05-18,36372.09
TAX939780,USR5309,SPT1532522,2023-08-06,4314.61
TAX939781,USR6603,SPT702092,2023-01-01,11829.48
TAX939782,USR4288,SPT390447,2023-06-06,29814.34
TAX939783,USR4612,SPT153553,2022-08-30,39234.72
TAX939784,USR423,SPT1455418,2023-10-02,3187.18
TAX939785,USR4220,SPT1251095,2023-02-08,32093.8
TAX939786,USR949,SPT1140273,2022-12-18,42361.93
TAX939787,USR7256,SPT769797,2022-06-26,39642.84
TAX939788,USR3249,SPT1831224,2023-04-23,24436.82
TAX939789,USR6380,SPT1129846,2022-12-18,36981.62
TAX939790,USR3579,SPT1708072,2022-03-02,14856.43
TAX939791,USR1564,SPT1442958,2022-06-20,16992.51
TAX939792,USR4055,SPT629569,2023-10-19,22061.52
TAX939793,USR6044,SPT932868,2022-07-05,1138.53
TAX939794,USR1408,SPT556894,2023-09-02,44651.4
TAX939795,USR1727,SPT219789,2023-11-11,28586.48
TAX939796,USR6092,SPT1120284,2023-01-08,12945.53
TAX939797,USR3522,SPT255086,2023-05-20,24044.6
TAX939798,USR4673,SPT1995775,2023-09-03,44097.79
TAX939799,USR1964,SPT1987175,2022-12-14,42575.41
TAX939800,USR5156,SPT540449,2022-04-29,38297.5
TAX939801,USR299,SPT819259,2023-08-27,4966.46
TAX939802,USR6466,SPT1348295,2022-09-23,24575.25
TAX939803,USR1095,SPT173407,2022-03-11,14915.77
TAX939804,USR5737,SPT757966,2022-08-20,42926.66
TAX939805,USR1279,SPT519514,2023-11-28,11110.77
TAX939806,USR2274,SPT1130061,2023-12-13,30782.52
TAX939807,USR9042,SPT1598746,2023-03-10,44152.73
TAX939808,USR32,SPT1094879,2022-09-11,16294.8
TAX939809,USR4740,SPT1679807,2022-02-10,13185.1
TAX939810,USR8297,SPT1429258,2022-05-23,22932.29
TAX939811,USR6602,SPT3665,2023-09-13,44346.76
TAX939812,USR7189,SPT1744045,2022-08-25,42407.58
TAX939813,USR4391,SPT730743,2022-10-10,9930.43
TAX939814,USR7683,SPT587142,2023-11-08,5815.67
TAX939815,USR2220,SPT1213299,2023-04-22,44537.4
TAX939816,USR8319,SPT1665485,2023-06-13,9237.35
TAX939817,USR2373,SPT1860980,2024-02-04,41448.77
TAX939818,USR8619,SPT1402873,2022-07-18,4920.26
TAX939819,USR8976,SPT568023,2022-12-16,13628.18
TAX939820,USR973,SPT725846,2023-04-09,44636.26
TAX939821,USR6996,SPT1106387,2022-04-11,17007.5
TAX939822,USR2548,SPT393304,2024-01-26,13282.58
TAX939823,USR1204,SPT184816,2023-03-08,37271.46
TAX939824,USR64,SPT221236,2022-10-26,27931.59
TAX939825,USR9140,SPT119126,2023-04-04,32068.48
TAX939826,USR8271,SPT39854,2023-05-16,9281.01
TAX939827,USR6695,SPT958463,2023-07-21,26645.14
TAX939828,USR1458,SPT289293,2023-04-26,26037.56
TAX939829,USR9381,SPT1111887,2022-02-21,17612.59
TAX939830,USR9158,SPT1178104,2022-05-26,30892.78
TAX939831,USR9619,SPT286346,2023-11-27,5089.25
TAX939832,USR4033,SPT1711600,2023-05-20,17733.5
TAX939833,USR9425,SPT1079736,2022-08-04,25324.39
TAX939834,USR8730,SPT737354,2022-06-13,10280.9
TAX939835,USR4797,SPT179565,2022-04-30,16703.17
TAX939836,USR9106,SPT1857843,2023-12-24,29870.01
TAX939837,USR9912,SPT215073,2023-11-18,11755.38
TAX939838,USR4321,SPT1539333,2022-12-03,19392.8
TAX939839,USR3832,SPT237130,2022-10-14,25292.12
TAX939840,USR5756,SPT1013892,2023-12-11,49266.5
TAX939841,USR1321,SPT72466,2022-12-24,39074.1
TAX939842,USR1197,SPT1235718,2023-09-21,46053.48
TAX939843,USR9234,SPT615626,2023-05-31,32972.46
TAX939844,USR8111,SPT511535,2022-10-07,11287.43
TAX939845,USR5196,SPT863046,2023-09-15,18234.44
TAX939846,USR1119,SPT989807,2023-01-03,22112.92
TAX939847,USR7787,SPT1274153,2022-04-20,46346.07
TAX939848,USR8657,SPT1295885,2023-04-19,19901.89
TAX939849,USR5873,SPT1127674,2023-05-27,49668.04
TAX939850,USR7133,SPT676060,2023-06-25,27211.98
TAX939851,USR3020,SPT644574,2023-02-21,38738.87
TAX939852,USR9622,SPT474796,2023-05-05,44771.82
TAX939853,USR8043,SPT487310,2023-07-19,2636.68
TAX939854,USR6167,SPT1933432,2023-08-07,23728.36
TAX939855,USR5107,SPT585229,2023-05-24,33931.18
TAX939856,USR4818,SPT980621,2023-05-03,4927.55
TAX939857,USR3488,SPT1902806,2023-01-19,42015.47
TAX939858,USR5572,SPT711783,2023-08-17,36386.95
TAX939859,USR5036,SPT175862,2023-03-17,5963.57
TAX939860,USR4345,SPT1674414,2024-01-27,39142.99
TAX939861,USR2258,SPT788559,2022-05-10,17145.76
TAX939862,USR9156,SPT450597,2023-02-20,1344.98
TAX939863,USR5678,SPT1793730,2022-10-26,32473.53
TAX939864,USR4931,SPT1477246,2022-09-20,46642.97
TAX939865,USR5286,SPT1800736,2022-03-13,31691.29
TAX939866,USR6337,SPT1335290,2023-05-28,48788.77
TAX939867,USR6678,SPT1757852,2023-11-08,9179.93
TAX939868,USR1176,SPT1413655,2024-02-06,10588.34
TAX939869,USR6049,SPT1867388,2022-11-10,25615.59
TAX939870,USR7634,SPT1070194,2023-06-20,25137.51
TAX939871,USR6350,SPT60370,2023-05-02,25340.14
TAX939872,USR6000,SPT282509,2023-10-23,4095.26
TAX939873,USR1050,SPT1903224,2023-06-18,19916.42
TAX939874,USR6971,SPT1298330,2023-02-14,4371.65
TAX939875,USR4846,SPT561039,2022-09-22,30258.14
TAX939876,USR9673,SPT1049005,2022-04-30,32965.59
TAX939877,USR4083,SPT471118,2023-12-25,4556.76
TAX939878,USR6971,SPT1472663,2022-10-14,8161.68
TAX939879,USR3687,SPT1223034,2022-07-05,18002.65
TAX939880,USR4023,SPT1168756,2022-11-16,2437.62
TAX939881,USR3628,SPT1862950,2023-02-18,3092.67
TAX939882,USR5966,SPT1170009,2022-05-18,44454.26
TAX939883,USR7988,SPT650904,2023-05-17,39200.11
TAX939884,USR5074,SPT552693,2023-05-15,1806.74
TAX939885,USR3789,SPT1118823,2023-02-24,32877.98
TAX939886,USR8130,SPT753185,2022-03-04,42445.5
TAX939887,USR364,SPT554885,2023-10-08,42323.83
TAX939888,USR5977,SPT63718,2023-09-07,21314.86
TAX939889,USR5987,SPT240986,2023-07-11,33690.38
TAX939890,USR2328,SPT1397840,2022-10-02,31584.55
TAX939891,USR9854,SPT1458595,2022-06-25,33746.65
TAX939892,USR8299,SPT494799,2023-02-28,24647.34
TAX939893,USR7429,SPT739133,2023-11-16,15818.91
TAX939894,USR9046,SPT1243124,2023-11-14,48690.25
TAX939895,USR8573,SPT446110,2022-03-02,1078.4
TAX939896,USR2899,SPT1879938,2023-11-11,42429.71
TAX939897,USR2123,SPT1020066,2023-08-23,3752.32
TAX939898,USR4240,SPT1367015,2022-11-29,34242.75
TAX939899,USR1951,SPT279590,2022-06-29,39946.29
TAX939900,USR7385,SPT429339,2023-09-06,16118.49
TAX939901,USR1701,SPT1076271,2022-09-13,2375.0
TAX939902,USR9303,SPT1336015,2022-10-05,13972.52
TAX939903,USR8081,SPT1415019,2023-08-14,27581.17
TAX939904,USR8415,SPT171296,2022-06-23,33294.24
TAX939905,USR2233,SPT1792850,2022-12-14,32430.93
TAX939906,USR2015,SPT1527021,2023-12-12,4518.98
TAX939907,USR7826,SPT330865,2022-11-16,35224.5
TAX939908,USR331,SPT537493,2022-06-05,4753.15
TAX939909,USR9127,SPT301710,2022-06-05,44188.01
TAX939910,USR8612,SPT1754063,2023-03-19,26855.21
TAX939911,USR6763,SPT1434381,2022-11-18,28986.42
TAX939912,USR8977,SPT631359,2023-06-13,21960.62
TAX939913,USR7262,SPT1304219,2023-01-18,19181.36
TAX939914,USR2332,SPT980591,2023-02-20,46258.63
TAX939915,USR7482,SPT502033,2022-08-28,38112.77
TAX939916,USR3825,SPT882286,2023-05-02,10551.02
TAX939917,USR8990,SPT1170746,2023-04-13,7333.74
TAX939918,USR407,SPT620295,2022-08-02,2568.83
TAX939919,USR2840,SPT1513237,2024-02-06,24237.11
TAX939920,USR4028,SPT384077,2023-12-11,47405.99
TAX939921,USR739,SPT809041,2023-04-18,24608.12
TAX939922,USR854,SPT534036,2023-09-24,42720.52
TAX939923,USR308,SPT1080620,2023-04-06,47405.22
TAX939924,USR8303,SPT67708,2022-07-21,24087.75
TAX939925,USR5733,SPT739637,2022-03-21,28757.13
TAX939926,USR1712,SPT849300,2022-06-18,4261.94
TAX939927,USR2799,SPT1869833,2022-05-01,42982.61
TAX939928,USR8930,SPT50662,2022-06-26,46926.68
TAX939929,USR7189,SPT72046,2022-02-17,26049.42
TAX939930,USR973,SPT351483,2023-04-14,45909.12
TAX939931,USR192,SPT1280955,2022-07-25,10683.49
TAX939932,USR2921,SPT1421644,2023-05-15,8133.84
TAX939933,USR6811,SPT1779876,2023-07-10,18813.02
TAX939934,USR7267,SPT1329866,2022-03-25,7311.45
TAX939935,USR9539,SPT1003658,2023-11-16,45026.8
TAX939936,USR616,SPT426828,2023-12-17,47994.16
TAX939937,USR5230,SPT1155132,2022-03-16,16917.32
TAX939938,USR7740,SPT201093,2023-03-23,44555.9
TAX939939,USR6703,SPT416773,2023-01-09,4078.33
TAX939940,USR9864,SPT1904415,2023-07-11,9314.33
TAX939941,USR6860,SPT485537,2022-08-21,15245.53
TAX939942,USR8571,SPT524856,2023-05-31,4278.9
TAX939943,USR8153,SPT1675381,2024-01-14,30560.22
TAX939944,USR3032,SPT1261358,2022-02-16,28261.27
TAX939945,USR4807,SPT530767,2024-01-31,47148.47
TAX939946,USR1387,SPT1834840,2022-07-05,43380.97
TAX939947,USR6111,SPT1867286,2022-03-16,5399.05
TAX939948,USR8519,SPT1227578,2023-01-06,15958.17
TAX939949,USR2783,SPT1957097,2022-12-26,16814.33
TAX939950,USR3169,SPT1287267,2022-03-23,49097.18
TAX939951,USR6280,SPT1159766,2022-05-16,49463.24
TAX939952,USR2738,SPT511858,2023-03-29,2431.49
TAX939953,USR2088,SPT1369365,2023-01-24,19291.56
TAX939954,USR5497,SPT1663984,2022-09-04,20286.49
TAX939955,USR2829,SPT246718,2022-12-12,7642.88
TAX939956,USR5463,SPT559246,2023-01-10,11451.2
TAX939957,USR2478,SPT1282883,2022-07-18,44929.53
TAX939958,USR7121,SPT922454,2023-11-25,41917.41
TAX939959,USR3549,SPT702611,2022-09-15,39041.02
TAX939960,USR4894,SPT63857,2023-10-13,40857.04
TAX939961,USR6411,SPT385903,2022-03-15,25002.57
TAX939962,USR7654,SPT1735048,2023-11-28,13218.04
TAX939963,USR884,SPT1615758,2023-06-16,22006.38
TAX939964,USR6220,SPT574756,2023-06-16,17161.07
TAX939965,USR2370,SPT766769,2022-08-18,42815.53
TAX939966,USR527,SPT95523,2023-09-10,21186.27
TAX939967,USR9406,SPT1120578,2022-09-22,24087.48
TAX939968,USR2629,SPT640758,2022-11-04,23253.88
TAX939969,USR1878,SPT1103983,2022-08-03,19361.29
TAX939970,USR7702,SPT186433,2022-08-16,8833.1
TAX939971,USR8785,SPT473766,2023-08-25,4650.36
TAX939972,USR86,SPT1092871,2023-02-03,38118.1
TAX939973,USR1559,SPT917415,2023-04-04,21208.12
TAX939974,USR2656,SPT327844,2022-05-25,39565.59
TAX939975,USR5945,SPT1874437,2022-05-22,49445.63
TAX939976,USR2771,SPT494411,2023-05-13,18676.69
TAX939977,USR924,SPT1816829,2022-05-19,33964.12
TAX939978,USR7431,SPT765766,2023-10-06,32809.1
TAX939979,USR3496,SPT1335182,2023-06-16,30909.97
TAX939980,USR549,SPT715800,2022-10-17,32221.59
TAX939981,USR9628,SPT1652669,2023-04-19,19477.32
TAX939982,USR6486,SPT888085,2023-09-19,4323.63
TAX939983,USR640,SPT797086,2023-04-01,14519.42
TAX939984,USR2779,SPT1358479,2022-10-28,43800.28
TAX939985,USR5799,SPT49714,2023-10-03,16173.59
TAX939986,USR85,SPT1433262,2023-04-03,15780.72
TAX939987,USR4931,SPT529827,2023-11-25,43731.1
TAX939988,USR865,SPT736030,2022-09-24,3987.24
TAX939989,USR2250,SPT250535,2022-10-22,24384.99
TAX939990,USR7902,SPT548627,2023-10-28,23589.87
TAX939991,USR3581,SPT1014045,2022-08-05,15869.64
TAX939992,USR5122,SPT1165143,2022-09-29,11611.39
TAX939993,USR8214,SPT563448,2022-06-16,5644.93
TAX939994,USR7523,SPT474843,2022-10-25,49958.22
TAX939995,USR1347,SPT1343228,2023-08-26,48040.51
TAX939996,USR594,SPT162927,2023-10-31,49907.61
TAX939997,USR6002,SPT951412,2023-03-16,47010.44
TAX939998,USR9473,SPT538377,2023-04-22,9344.76
TAX939999,USR9306,SPT1412876,2023-01-13,43604.7
TAX940000,USR6332,SPT1609987,2023-09-26,47198.67
